1	17	41021	41021	1	0
1	7	41022	41022	1	0
1	6	41025	41120	1	0
1	15	41028	41120	1	0
1	11	41048	41121	1	0
1	23	41109	41109	2	0
1	12	41111	41111	1	0
1	13	41118	41118	1	0
1	4	41119	41119	1	0
1	9	41121	41121	1	0
1	22	41123	41123	1	0
1	24	303168	307874	1	0
1	25	309423	309434	1	0
1	26	310204	310204	1	0
1	27	310212	310212	2	0
1	27	311777	312179	2	1565369
1	28	407061	409777	1	0
1	23	407810	409736	2	366700894
1	29	407840	409393	1	0
1	30	410156	410167	1	0
1	31	410161	410166	1	0
1	32	410931	410931	1	0
2	33	859930	859930	1	0
2	34	860289	860289	1	0
2	35	860290	860290	2	0
2	36	1030485	1031928	1	0
2	37	1030486	1030486	1	0
2	38	1030486	1031920	1	0
2	39	1030488	1031924	1	0
2	40	1030488	1031572	1	0
2	41	1030490	1031924	1	0
2	42	1030490	1031921	1	0
2	43	1030491	1030842	1	0
2	44	1030838	1030838	1	0
2	45	1030838	1030881	1	0
2	46	1030838	1031924	1	0
2	47	1030840	1031923	1	0
2	48	1030841	1031924	1	0
2	49	1030843	1030843	1	0
2	50	1030846	1030846	1	0
2	35	1031227	1031227	2	170936592
2	51	1031566	1031566	1	0
2	52	1031569	1031569	1	0
2	53	1031921	1031921	1	0
2	54	1031930	1031930	1	0
3	55	321815	322963	2	0
3	55	324472	324485	2	1509610
3	56	324852	324852	1	0
3	11	327862	327862	1	0
3	57	332451	332451	1	0
4	12	40869	41670	5	0
4	17	40869	40948	5	0
4	9	40869	41712	1	0
4	22	40869	41322	1	0
4	1	40869	41697	3	0
4	15	40869	41654	7	0
4	6	40881	41267	1	0
4	10	40904	41666	1	0
4	23	40907	41713	5	0
4	13	40939	41700	1	0
4	16	40946	40946	1	0
4	11	40947	41664	1	0
4	7	41176	41647	2	0
4	17	295937	295937	5	254989122
4	17	297675	297675	5	1737735
4	17	379642	380915	5	81967486
4	15	379654	380927	7	337999680
4	58	380153	380153	2	0
4	59	380603	380603	1	0
4	60	382237	382666	1	0
4	15	483442	483905	7	102515673
4	61	483576	483978	1	0
4	62	489821	491098	1	0
4	15	489838	491120	7	5933005
4	12	489906	490729	5	448235657
4	8	489928	491219	2	0
4	20	490288	491133	3	0
4	63	658471	659753	1	0
4	64	658899	658909	1	0
4	7	1012448	1014103	2	970800337
4	15	1012453	1014111	7	521333209
4	23	1012482	1014160	5	970768984
4	20	1014116	1014116	3	522982871
4	17	1088891	1090950	5	707975904
4	23	1088938	1090999	5	74778202
4	12	1088939	1091000	5	598210687
4	1	1088966	1091027	3	1047269207
4	65	1693754	1694606	1	0
4	15	1694093	1696607	7	679981971
4	12	1694970	1696637	5	603969267
4	1	1694998	1696666	3	603970045
4	23	1695381	1696635	5	604381748
4	66	1696280	1696694	2	0
4	15	2190222	2190222	7	493614427
4	20	2190224	2193166	3	1176107985
4	66	2190308	2193243	2	493613309
4	8	2190700	2193215	2	1699480834
4	58	2192830	2192830	2	1812677826
4	23	2305291	2306550	5	608656099
4	12	2305293	2306552	5	608656198
4	67	2306611	2306611	1	0
6	12	40868	40868	4	0
6	9	40869	41025	1	0
6	10	40869	40869	1	0
6	7	40869	41026	1	0
6	15	40869	40869	1	0
6	22	40869	41026	1	0
6	1	40871	40871	1	0
6	4	40871	40871	1	0
6	17	40871	40871	1	0
6	13	40873	40873	2	0
6	11	41026	41026	3	0
6	11	42763	42763	3	1737490
6	12	42770	42770	4	1902646
6	13	42782	42782	2	1908516
6	71	42800	44718	1	0
6	72	43582	43582	1	0
6	73	45491	45881	1	0
6	74	47044	47050	1	0
6	12	52679	58826	4	9908485
6	75	52712	54249	2	0
6	75	56170	58479	2	1920778
6	76	117674	118060	5	0
6	76	119621	120008	5	1560913
6	76	137175	137950	5	17166826
6	11	302591	303369	3	259827600
6	77	303418	303431	1	0
6	78	303422	303430	1	0
6	76	334636	337342	5	196686077
6	76	345498	347047	5	8155218
6	12	469800	470194	4	410973293
6	79	565300	565300	1	0
6	80	565302	565315	1	0
7	6	40830	40863	1	0
7	12	40831	40863	1	0
7	10	40834	40866	1	0
7	22	40835	40863	1	0
7	15	40837	40864	1	0
7	4	40839	40863	1	0
7	13	40840	40865	1	0
7	9	40863	40863	1	0
7	1	40867	40867	1	0
7	17	40867	40867	1	0
8	62	489356	492965	1	0
8	20	489368	493032	2	0
8	12	489511	491374	1	0
8	4	489513	491018	3	0
8	81	489522	489522	1	0
8	82	493033	493033	1	0
8	17	1099076	1104215	1	0
8	4	1099087	1101778	3	608069205
8	83	1590556	1590567	2	0
8	84	1590910	1590914	1	0
8	83	1591934	1595377	2	1367110
8	85	1606219	1606219	1	0
8	86	1616733	1616759	1	0
8	87	1616771	1616771	1	0
8	20	2190292	2195392	2	1697260329
8	4	2190631	2195734	3	1088853050
8	66	2192692	2192694	2	0
8	88	2196086	2196086	1	0
8	89	2196086	2196086	1	0
8	90	2196087	2196101	1	0
8	91	2202624	2202636	1	0
8	51	2202976	2202976	1	0
8	92	2203319	2203319	1	0
8	93	2203670	2203670	1	0
8	94	2203673	2203683	1	0
8	27	2203676	2203692	2	0
8	95	2203677	2203677	1	0
8	27	2205057	2205057	2	1364880
8	96	2210215	2210215	1	0
8	97	2210219	2210219	1	0
8	98	2210567	2210567	1	0
8	99	2210567	2210567	1	0
8	100	2210567	2210581	1	0
8	101	2210568	2210568	1	0
8	102	2210570	2211620	1	0
8	103	2210576	2210576	1	0
8	104	2210578	2210581	1	0
8	105	2210923	2210923	1	0
8	106	2210923	2210923	1	0
8	107	2210923	2210923	1	0
8	108	2210923	2210937	1	0
8	109	2210923	2210937	1	0
8	110	2210923	2210938	1	0
8	111	2210923	2210923	1	0
8	112	2210923	2210923	1	0
8	113	2210924	2210924	1	0
8	114	2210924	2210924	1	0
8	115	2210924	2210924	1	0
8	116	2210924	2210936	1	0
8	117	2210925	2210925	1	0
8	118	2210926	2210926	1	0
8	119	2210931	2210931	1	0
8	120	2211276	2211288	1	0
8	121	2211620	2211620	1	0
8	122	2211622	2211634	1	0
8	123	2211970	2211970	1	0
8	124	2211971	2211983	1	0
8	125	2211979	2211990	1	0
8	126	2212324	2212338	1	0
8	127	2212326	2212326	1	0
8	128	2212329	2212346	1	0
8	129	2212331	2212331	1	0
8	130	2213023	2213381	1	0
8	131	2213024	2213389	1	0
8	132	2213024	2213037	1	0
8	133	2213024	2213382	1	0
8	134	2213028	2213044	1	0
8	135	2213030	2213030	1	0
8	136	2213383	2213736	1	0
8	137	2213385	2213395	1	0
8	138	2213385	2213385	1	0
8	139	2213386	2213401	1	0
8	140	2213387	2213387	1	0
8	141	2213737	2213737	1	0
8	142	2213738	2213738	1	0
8	143	2213739	2213739	1	0
8	144	2213740	2213751	1	0
8	145	2214096	2214096	1	0
8	146	2214097	2214097	1	0
8	147	2214103	2214103	1	0
8	148	2214105	2214105	1	0
8	149	2214453	2215546	1	0
8	150	2214455	2214455	1	0
8	151	2214457	2214457	1	0
8	152	2214463	2214463	1	0
8	153	2214463	2214463	1	0
8	154	2214812	2214828	1	0
8	155	2214812	2214826	1	0
8	156	2214822	2214829	1	0
8	157	2214822	2214822	1	0
8	158	2215164	2215164	1	0
8	159	2215165	2215165	1	0
8	160	2215167	2215167	1	0
8	161	2215170	2215170	1	0
8	162	2215170	2215170	1	0
8	163	2215171	2215182	1	0
8	164	2215171	2215171	1	0
8	165	2215542	2215542	1	0
8	166	2215543	2215543	1	0
8	167	2215896	2216243	1	0
8	168	2216246	2216256	1	0
8	169	2216587	2216587	1	0
8	170	2216589	2216589	1	0
8	171	2216597	2216597	1	0
8	172	2216957	2216957	1	0
8	173	2217295	2217295	1	0
8	174	2217301	2217308	1	0
8	175	2217641	2217663	1	0
8	176	2217644	2217644	1	0
8	177	2217644	2217644	1	0
8	178	2217644	2218002	1	0
8	179	2218007	2218007	1	0
8	180	2218008	2218008	1	0
8	181	2218010	2218010	1	0
8	182	2218011	2218011	1	0
8	66	2916978	2919383	2	724284639
9	13	42191	42191	1	0
9	11	42199	42199	2	0
9	4	42207	42207	1	0
9	12	42208	42208	4	0
9	183	42601	42613	2	0
9	41	44486	46473	4	0
9	184	44486	46473	2	0
9	185	45815	45815	1	0
9	31	46485	46485	1	0
9	184	47853	48513	2	1379974
9	41	47855	48514	4	1381853
9	85	994872	1000579	2	0
9	186	994874	995636	2	0
9	186	997156	1000578	2	1519986
9	58	1002097	1002109	1	0
9	187	1002099	1002113	1	0
9	188	1002484	1002494	1	0
9	189	1002484	1002484	1	0
9	66	1761645	1762792	1	0
9	12	1762778	1762778	4	1720569568
9	15	1765921	1766698	2	0
9	15	1768299	1769947	2	1600747
9	190	1771969	1771981	1	0
9	191	1771977	1771986	1	0
9	192	1771980	1771980	1	0
9	193	1774026	1774026	1	0
9	194	1774026	1774026	1	0
9	195	1774032	1774032	1	0
9	196	1774033	1774033	1	0
9	12	1853046	1853046	4	90268402
9	197	1857626	1858004	1	0
9	198	1858762	1861428	1	0
9	82	1859144	1860285	2	0
9	41	1859147	1862188	4	1810633254
9	85	1860665	1860665	2	860086786
9	11	2369480	2369480	2	2327280984
9	12	2369492	2369492	4	516445885
9	199	2370645	2370645	1	0
9	200	2371416	2371416	1	0
9	201	2371797	2372177	1	0
9	202	2372550	2372550	1	0
9	203	2372559	2372559	1	0
9	204	2455530	2456287	1	0
9	205	2456285	2456297	1	0
9	41	2463140	2466180	4	600952428
9	206	2466179	2466179	1	0
9	207	2467698	2467704	1	0
9	208	2468073	2468835	1	0
9	209	2469215	2469227	1	0
9	183	2469216	2471507	2	2426603031
9	82	2469980	2471502	2	609695216
9	210	2472266	2472266	1	0
9	211	2472270	2472270	1	0
9	212	2472652	2472652	1	0
9	213	2472652	2472652	1	0
9	214	2472653	2472653	2	0
9	215	2472654	2473083	1	0
9	216	2472654	2473470	1	0
9	217	2472655	2472655	1	0
9	218	2472656	2472656	1	0
9	219	2472657	2472657	1	0
9	220	2472658	2472667	1	0
9	221	2472658	2472658	2	0
9	222	2472660	2472660	1	0
9	223	2472662	2472662	1	0
9	224	2472663	2472663	1	0
9	225	2473079	2473085	1	0
9	226	2473080	2473085	1	0
9	227	2473081	2473081	1	0
9	228	2473082	2473082	1	0
9	229	2473464	2473871	1	0
9	230	2473465	2473858	1	0
9	231	2473466	2476184	1	0
9	232	2473468	2473485	1	0
9	221	2473869	2474262	2	1210864
9	214	2474247	2476185	2	1593680
9	233	2474630	2476185	1	0
9	234	2474636	2476189	1	0
9	235	2475014	2475014	1	0
9	236	2475016	2475016	1	0
9	237	2475020	2475020	1	0
9	238	2475413	2475413	1	0
9	239	2475413	2476182	1	0
9	240	2475794	2475794	1	0
9	241	2475796	2475796	1	0
9	242	2475797	2475797	1	0
9	243	2475802	2476186	1	0
9	244	2476183	2476198	1	0
9	245	2476183	2476201	1	0
9	246	2476185	2476185	1	0
9	247	2476189	2476189	1	0
9	248	2476569	2476569	1	0
9	249	2476569	2476588	1	0
9	250	2476570	2476586	1	0
9	251	2476571	2476586	1	0
9	252	2476572	2476572	1	0
9	253	2476572	2476587	1	0
9	254	2476577	2476588	1	0
10	12	40822	41065	4	0
10	7	40825	41446	1	0
10	6	40827	41173	2	0
10	22	40834	41116	1	0
10	15	40843	41145	1	0
10	4	40843	41072	1	0
10	13	40844	41539	1	0
10	9	40859	41115	1	0
10	16	40860	40860	1	0
10	17	40863	40985	1	0
10	11	41003	41553	3	0
10	23	41558	41558	1	0
10	6	573208	573582	2	532034758
10	11	573241	574369	3	531687478
10	11	918951	920079	3	344582146
10	12	918961	920089	4	877895945
10	12	921786	921786	4	1696966
10	12	2717801	2719689	4	1796014937
11	17	41048	41048	1	0
11	22	41049	41049	1	0
11	9	41049	41049	3	0
11	15	41049	41049	2	0
11	6	41049	41049	6	0
11	7	41049	41049	2	0
11	15	41636	41887	2	586825
11	7	41885	41885	2	835727
11	10	41901	41901	3	0
11	23	41907	41907	1	0
11	1	41909	41909	1	0
11	13	41910	42583	7	0
11	4	41914	41914	2	0
11	9	41921	42327	3	871921
11	16	41923	41923	1	0
11	12	42304	42571	17	0
11	6	42495	42542	6	1446424
11	12	294890	296054	17	252319194
11	255	295314	296087	1	0
11	78	303421	304995	1	0
11	6	303502	303502	6	260960181
11	12	319033	319033	17	22979380
11	256	383701	384091	2	0
11	85	383705	383705	1	0
11	183	383708	384092	1	0
11	12	384055	387480	17	65021588
11	257	386626	386639	1	0
11	12	388434	388916	17	954244
11	258	388564	388963	1	0
11	256	388570	388570	2	4479673
11	4	388848	388848	2	346934083
11	259	389652	391454	2	0
11	259	393229	394149	2	1774774
11	12	393665	393665	17	4748338
11	260	395526	395526	1	0
11	261	395528	395528	1	0
11	262	395530	395530	1	0
11	263	395531	395531	1	0
11	264	395533	395533	1	0
11	265	395533	395533	1	0
11	13	408896	412061	7	366312261
11	266	408920	409326	1	0
11	267	409315	409329	1	0
11	268	409316	412084	1	0
11	269	473585	473597	1	0
11	270	473586	473599	1	0
11	271	473590	473599	1	0
11	272	473986	473986	1	0
11	273	474780	474780	1	0
11	46	479858	480356	1	0
11	6	566595	567787	6	263093151
11	274	566678	567071	1	0
11	6	570686	570686	6	2899149
11	12	570716	570716	17	177051570
11	6	572197	573696	6	1510597
11	10	572921	575597	3	531020109
11	12	645593	646763	17	74877345
11	14	648741	648761	1	0
11	275	648835	649107	2	0
11	12	649081	649530	17	2317867
11	13	649113	649574	7	237052435
11	12	651027	654897	17	1497088
11	13	651083	652399	7	1509363
11	275	651572	654903	2	2464924
11	13	653781	654910	7	1381550
11	12	910976	911376	17	256079691
11	276	912640	912640	1	0
11	277	912649	912658	1	0
11	12	913401	915008	17	2024681
11	10	919820	919820	3	344222767
11	12	1003220	1003220	17	88211294
11	12	1006617	1012440	17	3397221
11	13	1013327	1014528	7	358417531
11	13	1015729	1016533	7	1201036
11	12	1780194	1780194	17	767754296
11	12	2369538	2373492	17	589344290
11	9	2369582	2369582	3	2327255253
11	66	2370788	2371607	1	0
11	12	2376414	2377222	17	2922796
11	278	2376469	2376876	1	0
12	7	41544	41891	1	0
12	15	41545	41893	3	0
12	11	41554	43022	18	0
12	10	41559	41910	3	0
12	23	41561	41912	7	0
12	1	41563	41915	4	0
12	13	41565	49485	5	0
12	4	41918	41918	7	0
12	9	41926	42302	6	0
12	16	41929	41929	1	0
12	6	42623	42997	6	0
12	279	44991	44991	1	0
12	276	45749	45749	3	0
12	268	47261	49148	1	0
12	280	49153	49153	1	0
12	281	50290	50290	3	0
12	74	50292	50292	1	0
12	282	51423	51435	2	0
12	6	52502	54385	6	9504856
12	6	54945	59279	6	559937
12	283	59148	59148	1	0
12	31	59345	59345	1	0
12	11	294635	297360	18	251613041
12	255	295349	297387	4	0
12	6	302288	302288	6	243009111
12	11	302316	302316	18	4955940
12	22	305593	306065	1	0
12	27	305753	305753	1	0
12	5	305774	306159	2	0
12	11	316957	318998	18	14640557
12	284	319717	319717	2	0
12	183	381251	383960	5	0
12	60	381636	381654	1	0
12	85	382803	383969	5	0
12	285	383186	383186	1	0
12	286	383187	383577	3	0
12	256	383573	383958	3	0
12	11	383915	387764	18	64916993
12	257	385554	386657	1	0
12	286	387806	387806	3	4229355
12	85	387807	387807	5	3837991
12	256	387808	387808	3	3849741
12	85	388192	388436	5	385529
12	256	388193	388577	3	385606
12	11	388387	388922	18	622894
12	258	388576	390004	2	0
12	4	388809	388809	7	346891116
12	287	389211	391731	1	0
12	183	389219	391190	5	5258339
12	259	389608	392129	5	0
12	288	390550	390550	1	0
12	258	391586	393292	2	1582065
12	11	393484	393871	18	4561451
12	289	396660	397838	2	0
12	290	398235	398243	1	0
12	291	399163	399163	1	0
12	289	400736	406081	2	2897924
12	292	405043	406000	2	0
12	293	405582	406154	2	0
12	294	406217	406217	1	0
12	295	406221	406221	1	0
12	296	406872	406872	1	0
12	297	408859	409001	1	0
12	298	409152	409152	1	0
12	299	409154	409154	1	0
12	300	409254	410611	1	0
12	301	409396	409396	1	0
12	302	409406	409548	1	0
12	303	409548	409562	1	0
12	304	409802	409802	1	0
12	305	410048	410444	1	0
12	306	410445	410614	1	0
12	307	410446	410446	1	0
12	308	410863	410863	1	0
12	309	410866	410866	1	0
12	6	469763	470160	6	167474505
12	310	556943	556943	2	0
12	11	569288	571301	18	175417278
12	6	569666	571277	6	99505494
12	293	570485	570485	2	164331482
12	311	572176	572189	1	0
12	312	572176	572176	1	0
12	313	572178	572178	1	0
12	314	572178	573438	1	0
12	315	572179	572179	1	0
12	316	572182	572201	1	0
12	317	572184	572190	1	0
12	318	572185	572185	1	0
12	319	572185	572185	1	0
12	320	572609	572609	2	0
12	321	572613	572623	2	0
12	322	572613	573438	1	0
12	323	573025	573433	1	0
12	324	573435	573450	1	0
12	325	573437	573448	1	0
12	326	573443	573456	1	0
12	327	573445	573445	1	0
12	321	573855	573855	2	1231754
12	320	573857	573857	2	1247963
12	328	573858	573868	1	0
12	329	573861	573861	1	0
12	330	574279	574279	1	0
12	11	645301	649481	18	74000197
12	63	646579	646579	1	0
12	331	648217	648217	1	0
12	13	648601	649010	5	599115610
12	209	648625	648638	2	0
12	275	650615	654837	1	0
12	13	650632	655275	5	1621739
12	209	650664	650664	2	2026081
12	11	651439	654825	18	1957479
12	332	663734	663734	1	0
12	255	900657	904870	4	603270321
12	333	906975	906975	2	0
12	11	910706	911541	18	255880573
12	276	912029	912039	3	866280061
12	11	913646	919930	18	2104315
12	10	918684	921612	3	876773943
12	334	924622	924622	1	0
12	335	924628	924628	1	0
12	336	925060	925060	1	0
12	337	925482	925482	1	0
12	338	925904	925904	1	0
12	339	926330	926342	1	0
12	340	926751	926778	1	0
12	341	926751	926751	1	0
12	342	926751	926784	1	0
12	343	926751	926751	1	0
12	344	926752	926765	1	0
12	345	926754	926754	1	0
12	346	926754	926754	1	0
12	347	926754	926754	1	0
12	348	926755	926755	1	0
12	349	926760	926760	1	0
12	350	926760	926777	1	0
12	351	926762	926762	1	0
12	352	927193	927210	1	0
12	353	927193	927212	1	0
12	354	927193	927193	1	0
12	355	927193	927214	1	0
12	356	927194	927213	1	0
12	357	927194	927222	1	0
12	358	927195	927195	1	0
12	46	927195	927212	1	0
12	359	927195	927209	1	0
12	360	927196	927220	1	0
12	361	927196	927209	1	0
12	362	927197	927197	1	0
12	363	927200	927200	1	0
12	364	927201	927223	1	0
12	365	927204	927221	1	0
12	366	928905	930588	13	0
12	366	931857	932700	13	1268720
12	367	984473	984473	1	0
12	368	985735	985735	1	0
12	369	987424	987432	2	0
12	370	987842	991657	2	0
12	371	987843	991662	2	0
12	259	988264	999264	5	596134391
12	372	992927	992927	1	0
12	282	993345	993345	2	941910651
12	369	993776	993776	2	6344071
12	183	1000957	1000957	5	609767734
12	11	1002992	1002992	18	83062249
12	11	1006360	1012240	18	3368349
12	310	1011037	1011037	2	454093810
12	292	1011885	1011885	2	605884331
12	373	1016103	1016108	1	0
12	374	1021164	1021164	1	0
12	366	1022429	1022429	13	89728878
12	375	1071057	1071070	1	0
12	376	1071900	1071914	1	0
12	191	1071903	1071913	1	0
12	284	1071904	1071914	2	752187077
12	377	1072323	1072752	1	0
12	378	1072757	1072757	1	0
12	371	1079913	1084602	2	88251395
12	379	1079915	1079915	1	0
12	380	1080341	1080341	1	0
12	381	1081193	1085463	3	0
12	382	1084169	1085462	2	0
12	94	1087146	1087146	1	0
12	383	1087153	1087158	2	0
12	267	1087575	1088002	2	0
12	384	1087575	1088004	1	0
12	385	1087576	1087576	1	0
12	386	1088427	1088427	1	0
12	17	1088743	1097341	1	0
12	23	1088791	1094120	7	1046878907
12	1	1088803	1097404	4	1046887737
12	4	1088825	1097426	7	700015775
12	23	1095347	1096981	7	1226794
12	387	1098288	1098288	1	0
12	366	1099131	1099131	13	76702678
12	255	1504679	1511021	4	599808761
12	68	1505528	1509330	3	0
12	68	1510600	1511881	3	1269245
12	5	1513100	1518545	2	1206940755
12	69	1515641	1517741	1	0
12	68	1515644	1516068	3	3762832
12	388	1592461	1594142	1	0
12	389	1595406	1600057	1	0
12	390	1595409	1595409	2	0
12	390	1597101	1597112	2	1692377
12	391	1600056	1600056	1	0
12	58	1603005	1603005	1	0
12	259	1603853	1604710	5	604588414
12	8	1605923	1605923	1	0
12	383	1605970	1605970	2	518811910
12	281	1606390	1606812	3	1556100215
12	23	1677880	1677880	7	580899319
12	23	1680041	1684225	7	2160537
12	381	1685544	1688534	3	600080933
12	382	1686395	1691082	2	600932631
12	392	1686395	1686395	1	0
12	381	1689801	1690230	3	1267902
12	23	1692710	1698100	7	8484779
12	1	1692721	1698112	4	595317656
12	66	1692759	1694832	6	0
12	15	1695167	1698073	3	1653273616
12	4	1695232	1698136	7	597806030
12	66	1696061	1698146	6	1229927
12	393	1762358	1762358	1	0
12	9	1762775	1762775	6	1720473468
12	66	1762776	1764072	6	64629621
12	15	1765244	1769979	3	67171241
12	9	1767857	1767857	6	5081914
12	255	1767867	1767867	4	256845584
12	394	1768711	1769125	1	0
12	278	1771749	1771749	3	0
12	278	1773859	1777228	3	2109549
12	11	1778426	1778426	18	766186315
12	11	1780108	1780108	18	1681922
12	267	1780593	1781018	2	692591104
12	395	1781014	1781014	1	0
12	396	1781017	1781017	1	0
12	397	1781017	1781027	1	0
12	366	1846974	1847081	13	747842333
12	398	1847822	1847822	1	0
12	9	1853158	1853158	6	85300356
12	399	1853873	1853873	1	0
12	400	1853874	1853874	1	0
12	401	1854005	1854005	1	0
12	402	1854009	1854014	1	0
12	403	1854428	1854428	1	0
12	404	1854434	1854434	1	0
12	405	1854438	1854438	1	0
12	406	1854440	1854440	1	0
12	407	1854717	1854731	1	0
12	408	1854719	1854879	1	0
12	409	1854865	1854878	1	0
12	410	1854868	1854868	1	0
12	411	1855146	1855159	1	0
12	412	1855154	1855160	1	0
12	413	1855572	1855709	1	0
12	414	1855995	1856010	1	0
12	415	1856843	1856843	1	0
12	416	1857272	1857281	1	0
12	417	1857409	1857409	1	0
12	418	1857410	1857410	1	0
12	9	1857829	1857829	6	4671700
12	276	1859379	1859951	3	947340548
12	419	1859522	1859810	1	0
12	281	1861227	1861227	3	254414909
12	55	1863602	1864028	1	0
12	420	1865012	1865012	1	0
12	421	1865295	1865867	2	0
12	422	1872894	1872894	1	0
12	423	1872896	1872896	1	0
12	424	1872903	1872903	1	0
12	425	1891142	1893129	6	0
12	366	1891143	1891439	13	44061652
12	366	1893671	1928105	13	2232780
12	425	1894931	1895354	6	1802245
12	425	1936653	1936653	6	41298725
12	425	1940324	1940324	6	3671306
12	421	2195472	2195895	2	329605372
12	286	2195480	2195480	3	1807674367
12	4	2196303	2196303	7	498167707
12	370	2196315	2198004	2	1204658036
12	259	2196316	2196316	5	591606019
12	183	2196737	2202730	5	1195779600
12	85	2196738	2198013	5	1808302163
12	4	2197992	2199289	7	1688883
12	85	2200628	2201892	5	2615471
12	4	2201029	2201872	7	1739943
12	51	2204418	2204418	1	0
12	66	2205275	2205275	6	441202594
12	183	2208645	2208645	5	5914824
12	426	2211594	2216248	1	0
12	427	2216678	2216678	1	0
12	428	2217510	2217934	1	0
12	429	2217514	2218363	1	0
12	430	2217940	2217946	1	0
12	431	2218362	2218376	1	0
12	432	2218363	2218368	1	0
12	433	2218366	2218375	1	0
12	434	2218366	2218366	1	0
12	366	2219211	2221737	13	291105812
12	425	2221736	2227242	6	281411895
12	366	2223002	2226386	13	1265175
12	366	2231873	2265586	13	5486259
12	435	2366757	2366772	1	0
12	190	2366757	2366768	1	0
12	436	2366757	2366773	1	0
12	9	2369288	2369706	6	511458744
12	11	2369645	2377182	18	589536640
12	66	2373060	2374320	6	167785464
12	278	2376413	2376413	3	599185307
12	366	2710473	2710900	13	444886244
12	10	2717580	2719674	3	1795967482
12	13	2801669	2804603	5	2146394453
12	259	2803798	2803798	5	607481243
12	437	2804633	2804633	1	0
12	438	2804634	2804634	1	0
12	333	2804639	2804639	2	1897663406
12	439	2810129	2810547	1	0
12	11	2813850	2821796	18	436668445
12	13	2813884	2821832	5	9280426
12	440	2824395	2824395	1	0
12	425	2834928	2834928	6	607686719
12	366	2841675	2841675	13	130774914
12	272	2894360	2894368	4	0
12	272	2895623	2896893	4	1255580
12	272	2899424	2899424	4	2530305
12	272	2900692	2900692	4	1268488
12	66	2902374	2904915	6	528054149
12	1	2906563	2908285	4	1208450931
12	441	2914257	2914266	1	0
12	442	2914678	2914678	1	0
12	443	2914680	2914680	1	0
12	444	2918057	2918069	1	0
12	445	2918059	2918069	1	0
12	23	2919690	2919690	7	1221589303
12	366	2928171	2940389	13	86496380
13	22	40841	41019	1	0
13	10	40841	41353	1	0
13	12	40842	41355	6	0
13	4	40842	41360	1	0
13	15	40842	41339	1	0
13	6	40843	41338	1	0
13	7	40843	41337	1	0
13	9	40860	41022	1	0
13	17	40863	41018	1	0
13	11	40992	41351	8	0
13	23	41005	41357	1	0
13	1	41006	41359	1	0
13	12	46843	47248	6	5487768
13	268	46873	47279	3	0
13	11	408653	412317	8	367301369
13	267	409065	409439	1	0
13	268	409065	410948	3	361785281
13	268	412196	417130	3	1248496
13	446	580844	583343	1	0
13	447	583028	583113	1	0
13	448	584019	584019	1	0
13	12	648387	650196	6	601139542
13	209	648495	648805	1	0
13	11	648537	649861	8	236219980
13	14	648554	648724	1	0
13	275	648847	650202	1	0
13	449	979155	979164	1	0
13	11	1013067	1016634	8	363206030
13	189	1013470	1013470	5	0
13	11	1019373	1020773	8	2738420
13	450	1592285	1592285	1	0
13	451	1592595	1592595	1	0
13	452	1592751	1592751	1	0
13	453	1593357	1593357	1	0
13	58	1617980	1619437	2	0
13	85	1793398	1794099	1	0
13	454	2232326	2233118	1	0
13	455	2232330	2233543	1	0
13	189	2232331	2232331	5	1218861549
13	456	2235043	2235043	1	0
13	457	2235043	2235043	1	0
13	458	2794855	2798038	1	0
13	12	2801594	2804357	6	2151398591
13	259	2802038	2805198	3	0
13	258	2802839	2804399	2	0
13	258	2805999	2808419	2	1600328
13	459	2806397	2806849	1	0
13	259	2806402	2810782	3	1203407
13	11	2807970	2816335	8	1787196730
13	259	2812367	2812367	3	1584820
13	12	2813890	2816736	6	9533090
13	12	2818067	2820782	6	1331488
13	11	2819168	2820775	8	2833139
13	11	2822017	2822017	8	1242698
13	460	2822226	2822226	1	0
13	58	2822861	2830539	2	1203423510
13	189	2823263	2824850	5	590932060
13	439	2829745	2829745	1	0
13	189	2829746	2830537	5	4896410
13	189	2833576	2834497	5	3038333
14	12	649078	653019	1	0
14	209	649078	651324	1	0
14	275	649163	653204	1	0
14	13	649166	653210	1	0
14	11	649278	653203	1	0
14	276	649975	650026	1	0
14	461	650822	650822	1	0
14	462	653026	653026	1	0
15	463	0	0	1	0
15	464	3	14	1	0
15	465	39851	39851	1	0
15	7	39851	39851	2	0
15	4	39852	39852	7	0
15	13	39852	39852	1	0
15	6	39852	39852	1	0
15	12	39852	39852	3	0
15	23	39853	39853	6	0
15	1	39853	39853	4	0
15	3	39853	39853	1	0
15	11	39855	39855	1	0
15	16	39856	39856	1	0
15	17	375943	377462	3	0
15	466	377149	377149	1	0
15	4	483255	484400	7	443403824
15	61	483266	484411	2	0
15	467	483268	483268	1	0
15	61	488837	488930	2	4425861
15	20	488933	488933	1	0
15	468	488935	489884	1	0
15	8	488937	489329	1	0
15	62	489258	489258	1	0
15	469	489331	489331	1	0
15	470	489331	489343	1	0
15	12	489837	489916	3	449984844
15	4	489858	489933	7	5458435
15	28	556467	556467	1	0
15	59	565632	566021	1	0
15	471	566408	566408	1	0
15	310	567587	567587	1	0
15	472	929836	932583	1	0
15	473	929837	932582	1	0
15	393	929839	932586	1	0
15	23	986862	986862	6	947009654
15	7	1012654	1014085	2	972802214
15	4	1012752	1014132	7	522819463
15	23	1013655	1013655	6	26793224
15	17	1098660	1100947	3	721197315
15	1	1098707	1100994	4	1058854172
15	4	1098713	1101001	7	84580884
15	82	1499439	1499439	1	0
15	1	1501721	1503264	4	400727183
15	83	1594303	1597015	2	0
15	23	1617603	1619918	6	603947489
15	56	1617629	1617629	1	0
15	83	1617632	1620781	2	20617085
15	17	1617950	1620644	3	517003347
15	4	1694285	1694672	7	593283411
15	65	1694306	1694309	1	0
15	23	1695433	1695433	6	75514541
15	1	1695437	1695437	4	192172805
15	12	1765458	1767384	3	1275541827
15	9	1765486	1767415	1	0
15	4	2190303	2190303	7	495630689
15	66	2190318	2190331	3	0
15	66	2795981	2797936	3	605649816
15	23	2804787	2807096	6	1109353752
15	474	2805976	2806362	1	0
15	90	2807513	2807527	1	0
15	475	2807515	2807515	1	0
15	476	2807524	2807527	1	0
15	187	2807917	2807924	1	0
15	66	2826963	2829201	3	29027227
15	183	2829532	2829532	1	0
16	15	41786	42227	17	0
16	15	41786	42227	17	-440780
16	11	41794	41889	1	0
16	11	41794	41889	1	-95058
16	10	41795	41795	1	0
16	10	41795	41795	1	0
16	12	41798	41798	4	0
16	12	41798	41798	4	0
16	23	41800	42269	13	0
16	23	41800	42269	13	-469037
16	1	41802	41802	4	0
16	1	41802	41802	4	0
16	13	41802	41802	1	0
16	13	41802	41802	1	0
16	4	41803	41803	8	0
16	4	41803	41803	8	0
16	9	41810	41810	1	0
16	9	41810	41810	1	0
16	477	42301	42301	1	0
16	477	42301	42301	1	0
16	281	42301	42321	1	0
16	281	42301	42321	1	-19637
16	478	42304	42304	1	0
16	478	42304	42304	1	0
16	17	376301	379047	6	0
16	15	376312	379058	18	334084927
16	73	376367	379112	9	0
16	466	377059	377059	1	0
16	58	377059	377062	4	0
16	58	378430	379114	4	1368096
16	17	380396	381067	6	1349489
16	15	380407	381080	18	1349640
16	4	380445	381117	9	338641523
16	58	380456	380456	4	1342193
16	73	380459	381130	9	1347089
16	59	380459	381130	2	0
16	479	381127	381143	1	0
16	291	381130	381148	3	0
16	17	382863	388328	6	1796068
16	480	382930	388187	2	0
16	481	382938	382938	2	0
16	481	384457	384457	2	1519373
16	15	386673	393687	18	5592699
16	482	386789	386836	2	0
16	483	386811	386811	1	0
16	484	387761	388394	1	0
16	51	388185	388396	3	0
16	485	388217	388404	1	0
16	486	388391	388405	1	0
16	487	388604	388649	1	0
16	59	388607	388607	2	7476741
16	488	388650	388661	1	0
16	489	388778	388778	1	0
16	267	389064	389077	2	0
16	73	389069	389538	9	7938953
16	291	389158	389167	3	8010567
16	27	389399	389536	5	0
16	27	391392	392482	5	1855405
16	490	392887	392900	1	0
16	383	393277	393293	4	0
16	23	408384	409509	14	366114790
16	1	408386	409510	5	366583875
16	29	408784	409160	2	0
16	1	410811	410811	5	1301183
16	28	410835	411395	1	0
16	491	410836	410855	1	0
16	29	410836	412827	2	1676484
16	492	410841	410850	1	0
16	15	485978	489587	18	92290898
16	4	486016	489623	9	104898535
16	493	486406	486416	1	0
16	61	488653	489032	1	0
16	468	489032	489032	1	0
16	17	489033	489033	6	100705038
16	8	489034	489492	1	0
16	20	489035	489035	1	0
16	81	489486	489620	1	0
16	12	489604	489604	5	447806575
16	282	980211	980223	2	0
16	15	980536	986047	18	490948795
16	73	980602	980980	9	591064448
16	73	984081	985486	9	3100854
16	282	984526	984538	2	4302910
16	187	984985	984996	1	0
16	482	986108	986118	2	599271828
16	15	989197	989197	18	3149276
16	23	989220	989220	14	579710480
16	480	989252	989252	2	601064725
16	15	994268	997409	18	5070800
16	23	994290	997432	14	5070610
16	494	995153	995526	1	0
16	495	995530	997052	1	0
16	383	995533	995536	4	602239631
16	27	997048	997048	5	604565265
16	15	999123	999748	18	1714021
16	27	999184	999184	5	2135963
16	15	1013959	1017974	18	14210473
16	23	1013981	1013981	14	16549774
16	4	1013998	1016638	9	524374736
16	496	1014769	1014784	1	0
16	291	1014769	1014769	3	625602625
16	497	1014771	1014789	1	0
16	23	1015867	1017997	14	1885289
16	498	1015900	1015909	1	0
16	499	1016653	1016663	1	0
16	4	1018014	1018014	9	1375920
16	73	1586287	1589991	9	600800920
16	83	1586290	1590379	4	0
16	383	1590380	1590380	4	594843652
16	15	1597962	1598390	18	579987969
16	83	1598023	1598447	4	7644143
16	51	1598456	1598456	3	1210059724
16	15	1599945	1601323	18	1554738
16	27	1600004	1600392	5	600820486
16	15	1605134	1605134	18	3811050
16	383	1605192	1605192	4	14812080
16	500	1605200	1605206	1	0
16	427	1605638	1605638	1	0
16	501	1605640	1605648	1	0
16	17	1617743	1618118	6	1128710166
16	15	1617754	1618130	18	12620689
16	23	1617777	1618153	14	599779169
16	56	1617808	1618187	3	0
16	83	1617811	1618187	4	19363284
16	17	1621813	1623158	6	3694801
16	15	1621827	1623172	18	3696958
16	23	1621848	1624047	14	3695530
16	83	1621883	1623227	4	3696188
16	56	1622820	1622820	3	4632707
16	292	1624081	1624081	1	0
16	56	1624086	1624086	3	1265795
16	294	1624086	1624086	1	0
16	73	2189717	2190863	9	599725989
16	66	2189721	2190863	6	0
16	15	2190042	2190042	18	566869515
16	4	2190085	2190852	9	1172070341
16	502	2190864	2190874	3	0
16	4	2192312	2192312	9	1460089
16	502	2192325	2192325	3	1450449
16	73	2192325	2192325	9	1461618
16	66	2192328	2192328	6	1464240
16	4	2193895	2195428	9	1582162
16	66	2193906	2195439	6	1578060
16	502	2193910	2195441	3	1585022
16	73	2193910	2195441	9	1585003
16	58	2194340	2194340	4	1813884297
16	503	2197043	2197056	1	0
16	23	2201659	2202749	14	577611870
16	51	2202781	2202781	3	604325896
16	504	2204607	2204607	1	0
16	505	2205090	2205637	1	0
16	506	2205091	2205640	1	0
16	267	2205092	2205110	2	1816014842
16	507	2205096	2205640	1	0
16	508	2205643	2205652	1	0
16	15	2803697	2806367	18	613655331
16	23	2804482	2806390	14	601732459
16	474	2805658	2806423	1	0
16	12	2907959	2907959	5	2418354961
16	1	2907965	2908352	5	2497154356
16	12	2909498	2911415	5	1538438
16	66	2912682	2912682	6	717242488
16	23	2913905	2913905	14	107515570
16	66	2913937	2913937	6	1255136
16	23	2916178	2916178	14	2272636
16	509	2916211	2916229	1	0
16	66	2916212	2916212	6	2274730
16	510	2916212	2916223	1	0
16	23	2919785	2919785	14	3606546
17	4	299543	299935	1	0
17	511	299558	300845	1	0
17	28	378078	378078	1	0
17	15	379727	379727	2	0
17	73	379799	379811	2	0
17	15	381445	381445	2	1718059
17	73	381520	381520	2	1709670
18	28	409128	409772	2	0
18	29	410011	410731	1	0
18	62	410042	410722	2	0
18	28	476098	477750	2	66326179
18	80	477098	477756	1	0
18	65	491927	492903	1	0
18	62	492564	492889	2	81841294
18	512	492577	492577	1	0
18	513	492580	492583	1	0
18	82	492895	493886	1	0
18	514	493225	493225	1	0
19	515	134026	135827	17	0
19	516	134030	135827	5	0
19	517	134133	134133	1	0
19	518	134559	134571	1	0
19	515	135893	135989	17	65318
19	516	135893	135989	5	66837
19	516	138019	139458	5	2029962
19	515	138020	139458	17	2030841
19	35	139526	139526	1	0
19	519	139561	139561	1	0
19	520	139786	139792	1	0
19	521	139896	139953	1	0
19	522	139949	139949	1	0
19	523	139979	139992	1	0
19	524	139990	139990	1	0
19	525	140329	140333	1	0
19	375	140375	140375	1	0
19	526	140387	141008	1	0
19	527	140407	140501	1	0
19	528	140472	140472	1	0
19	529	140509	140509	1	0
19	530	140640	140640	1	0
19	531	140681	141235	1	0
19	532	140683	140683	1	0
19	533	140688	140837	1	0
19	534	140820	140820	1	0
19	535	140875	140875	1	0
19	536	141006	141006	1	0
19	537	141128	141128	1	0
19	538	141172	141267	1	0
19	539	141220	141280	1	0
19	540	141263	141263	1	0
19	541	141365	141372	1	0
19	542	141367	141390	1	0
19	543	141391	141403	1	0
19	544	141391	141391	1	0
19	545	141396	141409	1	0
19	546	141400	141410	1	0
19	547	141403	141411	1	0
19	548	144763	147479	1	0
19	549	144766	147817	1	0
19	550	144766	147822	1	0
19	551	144767	147827	1	0
19	552	144768	147479	1	0
19	553	144768	147471	1	0
19	554	144776	147485	1	0
19	555	144877	147826	1	0
19	556	145205	147822	1	0
19	557	145946	147459	1	0
19	558	146170	147828	1	0
19	559	150411	150424	1	0
19	560	150412	150412	1	0
19	561	150414	150414	1	0
19	562	150415	150415	1	0
19	563	150415	150415	1	0
19	564	150416	150416	1	0
19	565	150416	150416	1	0
19	566	150419	150419	1	0
19	567	152158	152176	1	0
19	568	152158	152158	1	0
19	569	152159	152182	1	0
19	570	152161	152161	1	0
19	571	152163	152163	1	0
19	572	152164	152164	1	0
19	573	152168	152198	1	0
19	574	165071	165071	1	0
19	515	168732	170631	17	29274061
19	516	168735	170630	5	29276960
19	515	170747	193626	17	116540
19	516	170748	193639	5	118182
19	515	251697	292365	17	58071250
19	473	251782	292367	7	0
19	575	252044	253163	5	0
19	575	258430	258430	5	5267240
19	576	288500	288500	1	0
19	577	290393	290567	2	0
19	578	297190	297203	1	0
19	579	297190	297203	1	0
19	580	297192	297637	1	0
19	581	297194	297205	1	0
19	582	298547	319018	8	0
19	583	298548	315540	9	0
19	584	298550	304277	6	0
19	585	298551	300272	14	0
19	586	298555	309996	9	0
19	587	300260	300260	13	0
19	585	301486	305956	14	1213176
19	588	301808	310572	12	0
19	589	304930	306279	7	0
19	584	305614	311279	6	1337079
19	587	305944	305957	13	5683496
19	585	307309	310570	14	1352706
19	587	308238	308238	13	2280429
19	590	308566	308566	2	0
19	589	308572	309646	7	2293643
19	587	309942	315115	13	1704444
19	586	311261	319004	9	1265024
19	588	311822	314440	12	1250359
19	584	312498	314445	6	1218885
19	590	313686	314044	2	5119823
19	591	314039	314039	2	0
19	592	314043	314419	9	0
19	593	314424	314446	11	0
19	585	315547	317336	14	4976511
19	584	316001	316001	6	1555971
19	594	316365	316365	1	0
19	587	316368	316792	13	1252799
19	588	317309	319016	12	2868883
19	583	317310	319005	9	1770137
19	589	317311	317311	7	7665037
19	584	317313	319021	6	1311790
19	595	320714	321265	1	0
19	582	320714	323886	8	1696782
19	584	320715	321021	6	1694684
19	586	320717	323873	9	1712652
19	583	320803	323866	9	1798391
19	589	320809	323887	7	3498145
19	593	320905	322269	11	6459442
19	588	320907	323880	12	1891020
19	585	320908	323202	14	3572314
19	587	320914	320947	13	4121960
19	592	321124	321851	9	6705078
19	596	322161	322182	1	0
19	589	324227	324345	7	340141
19	582	324228	324337	8	341955
19	585	324230	324347	14	1027940
19	586	324324	324337	9	451198
19	515	343444	354299	17	51078369
19	473	343448	354299	7	51080872
19	575	345611	345707	5	87181587
19	575	347079	347351	5	1371925
19	575	348551	349080	5	1200097
19	515	355812	359455	17	1513070
19	473	355816	359453	7	1517173
19	515	361124	363261	17	1669673
19	473	361128	363260	7	1674906
19	515	382818	382819	17	19556751
19	473	382824	382836	7	19563543
19	597	382908	382908	1	0
19	598	382910	382910	1	0
19	599	382910	382910	1	0
19	600	383339	383353	1	0
19	601	383434	383437	1	0
19	602	383507	383799	1	0
19	603	383511	384928	1	0
19	604	383512	383800	1	0
19	605	383512	383787	1	0
19	606	383512	383789	1	0
19	607	383514	383779	1	0
19	608	383777	383777	1	0
19	609	383779	383779	1	0
19	610	384051	384051	1	0
19	611	384304	384402	1	0
19	612	384304	384928	1	0
19	613	384565	384571	1	0
19	582	386304	392177	8	61966143
19	589	386307	391738	7	61961930
19	586	386311	392088	9	61974246
19	583	386312	392176	9	62445747
19	588	386972	386972	12	63092309
19	588	388654	392179	12	1682528
19	614	388655	388678	13	0
19	593	390705	391041	11	68436361
19	587	391039	392083	13	70092098
19	585	391041	392179	14	66694413
19	583	392255	394234	9	79360
19	582	392255	394229	8	78450
19	588	392257	394232	12	77995
19	586	392258	394236	9	170157
19	585	392258	394233	14	79246
19	614	392469	394114	13	3790700
19	587	393728	393728	13	1645140
19	592	394227	394227	9	72376527
19	582	396375	405831	8	2145675
19	583	396375	405833	9	2140852
19	614	396376	396390	13	2261380
19	586	396386	405837	9	2149849
19	585	397108	403458	14	2874143
19	588	397110	398823	12	2878415
19	592	397446	397446	9	3218695
19	593	397449	397449	11	6408593
19	615	397789	398156	1	0
19	614	398482	399399	13	2092587
19	589	399378	405833	7	7640661
19	587	400382	401396	13	6653839
19	588	400387	405494	12	1563569
19	614	401395	401410	13	1995762
19	592	401396	401396	9	3949378
19	593	401404	401404	11	3954632
19	614	402766	402766	13	1356174
19	593	403785	404811	11	2381062
19	587	404460	405480	13	3063801
19	585	404796	405834	14	1337572
19	592	405133	405133	9	3737528
19	614	405478	405827	13	2711350
19	582	409478	409491	8	3646346
19	583	409478	409478	9	3645151
19	588	409484	409496	12	3990045
19	585	409486	409502	14	3651222
19	586	409490	409490	9	3653099
19	583	414779	414793	9	5300619
19	588	414780	414793	12	5283482
19	593	414781	414795	11	9970114
19	614	414782	414782	13	8955051
19	616	417160	417503	1	0
19	617	417163	417174	1	0
19	618	417486	417828	1	0
19	619	417492	417827	1	0
19	620	417492	417827	1	0
19	621	417826	417826	1	0
19	515	427701	427715	17	44881587
19	622	468544	468716	1	0
19	623	468547	468714	1	0
19	624	468549	469066	1	0
19	91	469055	469068	1	0
19	625	469144	469144	1	0
19	626	469324	469331	1	0
19	585	469404	474783	14	59902449
19	627	469406	469424	3	0
19	586	469410	482083	9	59920438
19	587	469502	471760	13	64021889
19	614	469878	471664	13	55096243
19	593	470076	470559	11	55280790
19	583	470354	482085	9	55561720
19	582	471050	482080	8	61559722
19	588	471471	481238	12	56677936
19	593	471955	471955	11	1395282
19	592	473397	474442	9	68264297
19	614	473400	474450	13	1736138
19	593	474782	475795	11	2826763
19	614	475804	476807	13	1354188
19	585	476460	478492	14	1676964
19	627	477800	477800	3	8375464
19	628	477801	477814	1	0
19	587	477801	477801	13	6041341
19	629	477802	477802	1	0
19	630	477802	477818	1	0
19	591	477802	477815	2	163763196
19	631	477802	477813	1	0
19	632	477803	478838	1	0
19	592	477803	477803	9	3361270
19	633	477803	477814	3	0
19	614	478154	478489	13	1346333
19	633	479497	479497	3	1683569
19	585	479838	481228	14	1345940
19	592	479838	480191	9	2035142
19	587	480864	481234	13	3062444
19	627	481232	481232	3	3432116
19	593	481238	481238	11	5442878
19	614	481628	482085	13	3139442
19	633	482080	482080	3	2583140
19	515	804993	805193	17	377278401
19	515	805288	811680	17	95239
19	446	805987	809927	3	0
19	634	806373	806373	4	0
19	634	808142	809925	4	1769362
19	446	811678	811678	3	1750751
19	515	816673	847372	17	4993383
19	577	816749	816927	2	526182528
19	634	819053	823667	4	9128736
19	634	825813	846088	4	2145947
19	446	825818	837130	3	14140389
19	469	829174	829183	1	0
19	209	831418	833770	4	0
19	635	833777	833777	1	0
19	209	835725	839255	4	1955790
19	636	838948	838948	1	0
19	209	841271	843842	4	2015990
19	473	842215	847372	7	459378398
19	209	845282	846257	4	1439984
19	637	847864	847865	1	0
19	638	848013	848256	1	0
19	639	848172	848172	1	0
19	640	848840	848929	1	0
19	641	849175	849175	1	0
19	642	849805	849805	1	0
19	643	849965	849973	1	0
19	644	850045	850045	1	0
19	645	850435	850679	1	0
19	646	850753	850753	1	0
19	647	850998	850998	1	0
19	648	851159	851169	1	0
19	649	851478	851631	1	0
19	650	852415	852501	1	0
19	651	852828	852828	1	0
19	515	859714	859716	17	12342308
19	473	859714	859714	7	12341812
19	515	3020028	3021358	17	2160311987
19	515	3026259	3026593	17	4900334
20	62	489803	490194	2	0
20	12	489867	491362	1	0
20	8	489869	491702	2	0
20	4	490196	490962	3	0
20	652	490973	491721	1	0
20	62	491689	491689	2	1494911
20	4	1014254	1014596	3	523291243
20	291	1014617	1014633	1	0
20	4	2190187	2191540	3	1175591116
20	8	2190195	2191546	2	1698493030
20	66	2190201	2191554	1	0
20	73	2190204	2190214	1	0
20	502	2190880	2191561	1	0
21	183	395167	395834	2	0
21	653	395499	395499	1	0
21	654	395836	395848	1	0
21	491	561881	562212	3	0
21	655	561885	562214	1	0
21	656	562543	562877	1	0
21	657	563201	563213	1	0
21	658	563209	563209	1	0
21	427	1774071	1774400	1	0
21	67	1775394	1775394	1	0
21	267	2118199	2119846	1	0
21	659	2120502	2120514	1	0
21	183	2209867	2209867	2	1814032945
21	660	2210521	2210521	1	0
21	661	2371584	2372255	2	0
21	662	2371585	2372922	2	0
21	491	2371586	2372921	3	1809374203
21	663	2372921	2372921	2	0
21	664	2372924	2372924	1	0
21	665	2372924	2372924	1	0
21	491	2373468	2374479	3	546458
21	663	2373470	2373470	2	548948
21	662	2373472	2374478	2	550030
21	189	2374136	2374136	1	0
21	661	2374140	2374140	2	1885586
22	17	40959	40959	1	0
22	7	40970	40970	1	0
22	13	41037	41037	1	0
22	4	41114	41114	2	0
22	23	41121	41121	1	0
22	11	41122	41134	1	0
22	15	41122	41134	1	0
22	6	41122	41135	1	0
22	9	41122	41136	1	0
22	5	305830	306060	1	0
22	12	305831	309601	1	0
22	666	309998	310216	1	0
22	667	310216	310216	1	0
22	668	310226	310240	1	0
22	669	310607	310607	1	0
22	670	310607	310607	1	0
22	671	310609	310609	1	0
22	672	310610	310610	1	0
22	673	310613	310613	1	0
22	674	310616	310616	1	0
22	55	380982	380982	1	0
22	4	381368	381368	2	340253746
22	675	387756	388519	1	0
22	475	568479	568486	1	0
22	676	1793186	1793186	1	0
22	677	1793189	1793189	1	0
