10200 1130526008 1130526015
2931 1130526015 1130526600
10416 1130526008 1130527771
2931 1130528314 1130528314
6373 1130528867 1130528867
6373 1130531096 1130531677
2879 1130531096 1130531677
964 1130528314 1130532235
1305 1130532242 1130532242
7623 1130529981 1130532249
2726 1130530539 1130532249
10477 1130528867 1130532820
964 1130532820 1130532820
2399 1130531096 1130533389
1305 1130533389 1130533389
2399 1130533977 1130533984
3336 1130532235 1130535741
1305 1130533977 1130535741
839 1130536370 1130536370
11220 1130536370 1130536370
7561 1130536370 1130536370
1198 1130536356 1130536920
3400 1130536363 1130536920
3336 1130536363 1130536920
9986 1130536920 1130536920
1417 1130536920 1130536920
3336 1130538614 1130539213
7623 1130533963 1130539779
10203 1130539779 1130541569
3400 1130541562 1130541569
7623 1130543345 1130543898
2062 1130545681 1130545681
4057 1130589875 1130589875
3836 1130606585 1130606599
4052 1130613461 1130613461
8061 1130613461 1130613461
743 1130614636 1130614636
3669 1130616408 1130616408
1531 1130616408 1130616989
4259 1130618675 1130618675
10200 1130615824 1130618682
1198 1130624351 1130626114
1198 1130626689 1130627295
2782 1130634291 1130634291
2232 1130671773 1130671773
5554 1130674680 1130674680
10125 1130682816 1130682823
1585 1130684549 1130686889
1838 1130699030 1130701365
6319 1130702497 1130702497
633 1130703053 1130703627
1838 1130703053 1130705338
2148 1130705896 1130705903
633 1130704759 1130706454
6031 1130706447 1130706461
3853 1130762266 1130762266
10118 1130765111 1130765111
10217 1130765111 1130765111
10120 1130766262 1130766262
11419 1130766269 1130766269
10485 1130762823 1130768012
2726 1130783011 1130783011
2093 1130780677 1130783593
10801 1130779540 1130784190
7197 1130784813 1130784813
2507 1130784792 1130785378
2787 1130787775 1130790087
6282 1130791796 1130791796
6663 1130792963 1130792963
3424 1130793566 1130793566
1608 1130794141 1130794141
7352 1130795256 1130795256
3424 1130795256 1130795256
3424 1130795849 1130795849
1356 1130797565 1130797565
3424 1130796991 1130797572
6111 1130798758 1130798758
1356 1130799912 1130800460
9270 1130831625 1130831625
6133 1130843809 1130846128
1294 1130846128 1130846128
157 1130846686 1130846686
6133 1130847252 1130847266
10640 1130846128 1130849030
1796 1130849030 1130849030
8411 1130849030 1130849030
9442 1130848428 1130850139
1796 1130851339 1130851339
157 1130850739 1130851946
8411 1130851946 1130851946
7621 1130854910 1130854910
219 1130855490 1130855490
8016 1130857899 1130857899
9056 1130858481 1130858481
6205 1130866528 1130866528
8052 1130870053 1130870623
7228 1130870060 1130870630
8052 1130871224 1130871231
7228 1130871238 1130871238
8052 1130872399 1130872951
1839 1130870053 1130872958
1782 1130872951 1130872958
1782 1130874120 1130874120
2847 1130874676 1130874676
8072 1130874676 1130876451
2110 1130876451 1130877022
1826 1130877022 1130877624
1826 1130878814 1130878814
5124 1130882834 1130882834
8072 1130883400 1130884559
1067 1130885697 1130885697
3822 1130930769 1130932506
2528 1130933075 1130934855
9733 1130934855 1130934855
9733 1130936010 1130936010
1809 1130937802 1130937802
9733 1130937802 1130937802
445 1130938983 1130938983
1809 1130940159 1130940166
1587 1130943679 1130943679
1747 1130953523 1130955210
2029 1130954079 1130955210
7705 1130954086 1130955224
1726 1130956340 1130956340
2773 1130956927 1130956934
1726 1130957516 1130957516
2773 1130957530 1130957530
8992 1130958730 1130958737
2773 1130958737 1130958737
6774 1130959890 1130959897
8992 1130961091 1130961091
2773 1130959897 1130961690
1726 1130959318 1130963411
2029 1130963411 1130963411
1747 1130963411 1130963411
10076 1130965152 1130965152
10671 1130965152 1130965152
964 1131005547 1131005547
8877 1131012497 1131012497
8754 1131013062 1131013062
7452 1131015400 1131015400
1406 1131017148 1131017148
1336 1131017148 1131017712
9626 1131018904 1131018925
8815 1131019503 1131019510
1336 1131019510 1131019510
2093 1131036430 1131036430
3413 1131034091 1131037036
8940 1131037585 1131037585
8940 1131038178 1131038185
6347 1131038185 1131038185
2549 1131037578 1131039862
7072 1131035865 1131040442
1820 1131040442 1131040442
2549 1131041049 1131043949
2148 1131043354 1131043949
4361 1131046199 1131046220
9063 1131046206 1131046786
2920 1131046779 1131046786
10388 1131047357 1131047963
10932 1131051483 1131051483
11033 1131051490 1131051490
2549 1131051483 1131056732
8149 1131064373 1131064373
1796 1131100816 1131100816
6686 1131100223 1131102527
1294 1131103076 1131105340
1875 1131119635 1131119635
2017 1131119635 1131119635
2726 1131119635 1131119635
1216 1131120834 1131120834
1389 1131123162 1131123162
7523 1131123730 1131123737
10477 1131123744 1131125483
8775 1131126069 1131127808
1389 1131128396 1131128396
5169 1131128955 1131130084
6566 1131125476 1131130669
2093 1131130662 1131130669
5893 1131126069 1131131236
8775 1131128969 1131131243
10544 1131131236 1131131243
8989 1131131839 1131131839
5169 1131131236 1131131846
8989 1131132946 1131132946
8989 1131133561 1131133561
6566 1131133561 1131133575
3369 1131132960 1131134152
8989 1131134152 1131134152
297 1131138703 1131138703
7523 1131138703 1131138703
7930 1131182268 1131182268
1156 1131184599 1131185794
8678 1131188730 1131193368
8678 1131194519 1131194519
8799 1131193952 1131194526
2062 1131194519 1131194526
1926 1131193368 1131195122
1316 1131193368 1131195122
8678 1131195724 1131196284
1168 1131207826 1131208994
3440 1131208428 1131210167
3317 1131209585 1131210732
8425 1131209585 1131211359
8062 1131212513 1131212513
3413 1131212513 1131212520
7660 1131213104 1131213118
7659 1131213118 1131213118
8640 1131213684 1131213684
8059 1131212513 1131214241
9732 1131216024 1131216024
7798 1131216633 1131217174
932 1131218290 1131218290
6414 1131274954 1131274954
7565 1131279068 1131280789
7809 1131347699 1131349438
10772 1131348243 1131349438
2148 1131350635 1131350635
10801 1131355338 1131355338
9555 1131357071 1131357071
3572 1131357654 1131357682
5564 1131361769 1131361776
1838 1131373920 1131373920
10081 1131373920 1131373920
1838 1131373941 1131373941
3275 1131376787 1131376787
2093 1131377379 1131377379
1838 1131374496 1131378517
1838 1131379120 1131379120
2093 1131378524 1131379730
7442 1131380318 1131380318
2093 1131380896 1131382059
9606 1131382646 1131382646
3308 1131382646 1131382646
8628 1131382646 1131382646
8499 1131382646 1131382646
2093 1131383801 1131383801
1838 1131382646 1131384916
2548 1131384369 1131384916
2093 1131386089 1131386089
9697 1131388422 1131390157
2548 1131394276 1131394862
9256 1131400589 1131400589
2726 1131462138 1131462145
194 1131463938 1131463945
9392 1131463945 1131463945
1585 1131477328 1131477909
4398 1131478455 1131479612
6774 1131479050 1131479619
4398 1131480197 1131480778
9023 1131483670 1131483670
10770 1131493532 1131493532
1370 1131526692 1131526699
1626 1131527826 1131527826
8469 1131528418 1131528418
4450 1131529017 1131529024
231 1131529017 1131529024
6771 1131527826 1131529611
8469 1131530202 1131530202
231 1131530202 1131530209
6771 1131530819 1131530819
231 1131531383 1131531982
6261 1131531390 1131531982
9392 1131540107 1131540107
