8435 1130504031 1130504031
2175 1130504031 1130504045
234 1130504630 1130504630
1659 1130505219 1130505219
3789 1130505219 1130505219
8115 1130504031 1130505801
9332 1130505801 1130505801
3650 1130505801 1130505801
10147 1130505801 1130505801
6028 1130506897 1130506897
6670 1130507458 1130507458
5817 1130508011 1130508018
10708 1130508011 1130508018
8115 1130508011 1130508018
5540 1130508018 1130508018
3573 1130508018 1130508018
7064 1130508569 1130508569
33 1130508569 1130508569
2279 1130509126 1130509126
7638 1130509126 1130509126
6128 1130509126 1130509133
5448 1130509133 1130509133
4449 1130509133 1130509133
7806 1130509707 1130509707
10599 1130510265 1130510265
4718 1130510265 1130510265
18 1130510265 1130510265
10129 1130510272 1130510279
2264 1130510279 1130510279
6051 1130510265 1130510850
1761 1130510850 1130510850
5800 1130510850 1130510850
9975 1130510850 1130510850
1368 1130511419 1130511419
331 1130511419 1130511419
11191 1130511993 1130511993
2264 1130511993 1130512000
5749 1130512000 1130512007
8664 1130512007 1130512007
7827 1130512000 1130512014
10872 1130512007 1130512014
7413 1130512021 1130512021
7806 1130512607 1130512607
1850 1130513195 1130513195
6176 1130513771 1130513771
9322 1130513771 1130513778
3730 1130513771 1130513778
587 1130513771 1130513778
5867 1130513771 1130513778
10997 1130513771 1130513778
7806 1130514386 1130514393
7097 1130514950 1130514950
7378 1130514950 1130514950
5639 1130514950 1130514950
8964 1130514950 1130514950
8115 1130511993 1130515545
10441 1130515545 1130515545
8007 1130515545 1130515545
4312 1130517809 1130517809
3771 1130518400 1130518400
3596 1130518400 1130518400
9115 1130519005 1130519005
7220 1130519005 1130519005
6485 1130519005 1130519012
7806 1130519012 1130519012
10022 1130519026 1130519026
8976 1130520169 1130520169
6313 1130521368 1130521368
1733 1130522502 1130522502
1347 1130523704 1130523711
7968 1130523704 1130523711
7237 1130523711 1130523711
2791 1130523711 1130523711
5330 1130524273 1130524280
9488 1130524280 1130524280
10369 1130525469 1130525469
9148 1130526642 1130526642
7432 1130526642 1130526642
2364 1130526642 1130526649
7041 1130527239 1130527239
5196 1130530129 1130530129
3534 1130530129 1130530129
2054 1130530721 1130530721
11039 1130531869 1130533017
2743 1130533622 1130533622
7359 1130533622 1130533629
7677 1130535968 1130535968
8143 1130537695 1130537695
1611 1130538271 1130538271
10265 1130538820 1130538820
9274 1130542258 1130542258
2531 1130542865 1130542865
3334 1130542865 1130542865
9183 1130544013 1130544013
2782 1130551042 1130551042
2275 1130551606 1130551606
7461 1130551606 1130551606
6191 1130552193 1130552193
5173 1130552193 1130552801
4000 1130553915 1130553915
10690 1130568487 1130569623
6961 1130573647 1130574197
8339 1130574197 1130574197
1361 1130574197 1130574211
1244 1130574788 1130574788
3394 1130575366 1130575373
6961 1130575959 1130575959
317 1130576509 1130576509
6961 1130576523 1130576544
6462 1130576537 1130576544
8063 1130577670 1130577670
8115 1130575959 1130577677
9531 1130577670 1130577677
2849 1130577670 1130577684
6769 1130578260 1130578260
6752 1130578260 1130578260
6961 1130577677 1130578808
237 1130578808 1130578808
8183 1130578808 1130578808
6961 1130580571 1130580571
2935 1130581141 1130581148
8115 1130579391 1130581155
6727 1130581141 1130581155
5825 1130581148 1130581155
8891 1130579989 1130582304
10305 1130582311 1130582311
5023 1130582311 1130582311
6961 1130582311 1130582311
2739 1130582311 1130582318
2985 1130582311 1130582318
2687 1130582318 1130582318
3902 1130582304 1130582325
1843 1130582304 1130582325
10447 1130582325 1130582325
103 1130582886 1130582886
3445 1130582886 1130582886
8891 1130582886 1130583475
10419 1130583475 1130583475
7397 1130584039 1130584039
8100 1130584039 1130584039
8115 1130582886 1130584046
6057 1130584039 1130584046
1554 1130584039 1130584046
8891 1130584615 1130584629
6501 1130584615 1130584629
6271 1130584629 1130584629
2502 1130584615 1130585206
3301 1130585206 1130585206
2486 1130585206 1130585206
10734 1130585206 1130585206
8115 1130585206 1130585795
9653 1130585795 1130586345
2378 1130586345 1130586345
9811 1130586345 1130586345
7164 1130586345 1130586345
10422 1130586345 1130586352
1192 1130586345 1130586352
281 1130586905 1130586905
2210 1130587466 1130587466
1337 1130587466 1130587466
6961 1130587466 1130587466
8301 1130587466 1130587466
8332 1130588601 1130588608
4193 1130588608 1130588608
6424 1130589168 1130589168
3761 1130589168 1130589168
6225 1130589168 1130589168
1180 1130589168 1130589168
3460 1130589168 1130589168
6334 1130589711 1130589711
9931 1130589711 1130589711
2153 1130589711 1130589711
11087 1130589711 1130589711
362 1130589711 1130589711
3774 1130590312 1130590312
4356 1130590312 1130590312
2102 1130590312 1130590312
2561 1130590312 1130590312
7952 1130590312 1130590312
1265 1130590312 1130590312
9386 1130590312 1130590896
9605 1130590896 1130590896
2683 1130592081 1130592081
2514 1130589711 1130592088
8790 1130592081 1130592088
3117 1130592088 1130592088
3464 1130592666 1130592666
9637 1130592666 1130592666
6312 1130592666 1130592666
6046 1130592666 1130592666
5903 1130592666 1130592666
8115 1130586905 1130593268
4851 1130593254 1130593268
7262 1130593261 1130593268
9637 1130593268 1130593268
8659 1130593268 1130593268
418 1130593268 1130593268
11066 1130593854 1130593854
2514 1130593854 1130593861
4908 1130593861 1130593861
6881 1130593861 1130593861
2264 1130593861 1130593861
5272 1130593861 1130593861
6088 1130594438 1130594438
8237 1130594438 1130594438
10650 1130594438 1130594438
10824 1130595019 1130595019
3685 1130595019 1130595019
8615 1130595019 1130595019
9756 1130595019 1130595019
1628 1130595019 1130595019
3743 1130595019 1130595019
493 1130595588 1130595588
11056 1130595588 1130595588
2074 1130595588 1130595588
4006 1130596162 1130596162
5766 1130596162 1130596162
8889 1130596162 1130596162
9444 1130596162 1130596162
9715 1130596162 1130596162
7898 1130596162 1130596705
8115 1130596162 1130596705
5992 1130596705 1130596705
221 1130596705 1130596712
5616 1130596705 1130596712
542 1130596712 1130596712
257 1130596712 1130596712
7656 1130597845 1130597845
10150 1130597845 1130597845
3241 1130598415 1130598415
7208 1130598415 1130598415
9447 1130597838 1130598979
10185 1130598979 1130598979
10500 1130598979 1130598979
8707 1130599562 1130599562
3474 1130599562 1130599562
954 1130599562 1130599562
6474 1130599562 1130599562
9609 1130599562 1130599562
7939 1130599562 1130599562
6271 1130599562 1130599562
5992 1130600114 1130600114
5616 1130600114 1130600114
6589 1130600114 1130600114
4553 1130600114 1130600114
3703 1130600114 1130600114
4352 1130600114 1130600114
8115 1130597838 1130600701
9276 1130600701 1130600701
7456 1130600701 1130600701
411 1130600701 1130601257
8807 1130601257 1130601257
8904 1130601805 1130601812
875 1130601805 1130601812
9057 1130602381 1130602381
4683 1130602381 1130602381
9107 1130602381 1130602381
10484 1130602381 1130602381
7799 1130602381 1130602381
3825 1130602968 1130602968
6589 1130602968 1130602968
7952 1130602968 1130602968
5131 1130602968 1130602968
888 1130602968 1130602968
2651 1130602968 1130602968
4010 1130602968 1130602968
8082 1130602968 1130602968
6932 1130603556 1130603556
4334 1130603556 1130603556
3741 1130603556 1130603556
10938 1130603556 1130603556
1114 1130604130 1130604130
5766 1130604123 1130604137
1136 1130604123 1130604137
87 1130604144 1130604144
95 1130604151 1130604151
6462 1130604123 1130604712
7265 1130604712 1130604712
7221 1130604712 1130604712
1865 1130604712 1130604712
3393 1130604712 1130604717
3992 1130604712 1130604717
5609 1130604712 1130604717
5077 1130604717 1130604717
1363 1130605323 1130605323
7406 1130605323 1130605323
8115 1130602381 1130605910
4986 1130605917 1130605917
9662 1130605910 1130606461
3910 1130607058 1130607058
5409 1130607065 1130607065
9046 1130607624 1130607624
8818 1130609415 1130609415
1773 1130610589 1130610589
1660 1130613458 1130613458
2845 1130615860 1130615860
11130 1130615867 1130615867
8373 1130615867 1130615867
2302 1130616455 1130616455
5403 1130617053 1130617053
7361 1130619954 1130619954
5169 1130619961 1130619961
6794 1130621126 1130621126
6193 1130622307 1130622314
3598 1130623488 1130623488
4356 1130624070 1130624070
7408 1130624070 1130624070
3333 1130624638 1130624638
6933 1130624638 1130624638
3770 1130624638 1130624645
2782 1130624645 1130624645
9173 1130625198 1130625198
5996 1130625779 1130625779
5575 1130627554 1130627561
2773 1130627554 1130627561
5236 1130627561 1130627575
1097 1130628802 1130628809
8878 1130628802 1130628809
5369 1130629394 1130629394
1344 1130629986 1130629986
4994 1130631192 1130631192
2297 1130631192 1130631192
5557 1130631782 1130631782
9192 1130635842 1130635842
3726 1130637554 1130637561
693 1130638720 1130638720
9522 1130640493 1130640493
9166 1130641085 1130641085
1982 1130659692 1130659692
6315 1130668408 1130668408
8517 1130668408 1130668408
11123 1130669531 1130669531
6961 1130669531 1130669531
7064 1130669531 1130669538
5700 1130669545 1130669545
6961 1130670096 1130670096
5836 1130670683 1130670683
8115 1130671260 1130671274
5373 1130671861 1130671868
4123 1130671861 1130671868
5970 1130672455 1130672455
10497 1130672455 1130672476
8261 1130672469 1130672476
8115 1130672462 1130673028
6961 1130672469 1130673028
36 1130673028 1130673028
217 1130673028 1130673028
10184 1130673600 1130673600
7554 1130674152 1130674152
4718 1130674152 1130674152
7190 1130671260 1130674754
2675 1130674747 1130674754
10288 1130674754 1130674754
3660 1130674754 1130674754
4085 1130675305 1130675305
9539 1130675305 1130675305
10322 1130675312 1130675312
2974 1130675319 1130675319
7554 1130675319 1130675319
7976 1130675319 1130675319
8833 1130675319 1130675319
3502 1130675319 1130675902
9009 1130675902 1130675902
4894 1130675902 1130675902
8613 1130675902 1130676454
8115 1130675902 1130676454
5078 1130676454 1130676454
11018 1130676454 1130676454
1931 1130676454 1130676454
6377 1130675902 1130677065
953 1130677058 1130677065
11018 1130677065 1130677065
8613 1130677065 1130677065
6313 1130677657 1130677657
3555 1130678232 1130678232
7115 1130678232 1130678232
1958 1130678232 1130678232
901 1130678232 1130678232
10568 1130678232 1130678232
8934 1130678778 1130678778
9680 1130678778 1130678778
11231 1130678778 1130678778
8024 1130678778 1130678778
2710 1130678778 1130678778
691 1130679386 1130679386
7190 1130675902 1130679393
8115 1130678778 1130679393
2132 1130679386 1130679393
2038 1130679393 1130679393
6377 1130679936 1130679936
1958 1130679936 1130679943
4023 1130679936 1130679943
5552 1130680525 1130680525
901 1130680525 1130680525
1064 1130680525 1130680525
8327 1130680525 1130680525
9478 1130680525 1130680525
10851 1130680525 1130680525
7190 1130681081 1130681081
6772 1130681081 1130681081
1186 1130681648 1130681648
3433 1130681081 1130681655
4568 1130681648 1130681655
5753 1130681648 1130681662
10208 1130681655 1130681662
10472 1130681655 1130681662
10731 1130681655 1130681662
1132 1130682225 1130682225
1186 1130682787 1130682787
4558 1130682787 1130682787
10401 1130683366 1130683366
1373 1130683366 1130683366
3720 1130683366 1130683366
2616 1130683924 1130683924
2152 1130683924 1130683924
10504 1130683924 1130683924
3614 1130683924 1130683924
11100 1130683924 1130683930
8911 1130683924 1130683930
10340 1130683930 1130683930
2485 1130684474 1130684474
6367 1130684474 1130684481
5088 1130684488 1130684488
4260 1130685093 1130685100
6831 1130682787 1130685107
1643 1130685100 1130685107
1692 1130685107 1130685107
3547 1130685107 1130685107
2180 1130685698 1130685698
3879 1130686267 1130686267
5098 1130686267 1130686267
30 1130686267 1130686267
2117 1130686267 1130686267
8108 1130686267 1130686267
6961 1130686873 1130686873
10505 1130686873 1130686873
6315 1130686873 1130686873
1858 1130686873 1130686880
10429 1130686873 1130686880
598 1130686880 1130686880
4165 1130686880 1130686880
3672 1130687482 1130687482
4313 1130688082 1130688089
5830 1130688644 1130688644
8753 1130688644 1130688644
8115 1130680525 1130688651
2770 1130688644 1130688651
10268 1130690370 1130690370
1990 1130690370 1130690370
9819 1130690937 1130690937
7190 1130684474 1130691537
10968 1130690937 1130691537
5554 1130692150 1130692164
4750 1130692728 1130692728
8115 1130691530 1130692749
477 1130692728 1130692749
7186 1130693303 1130693303
9662 1130693917 1130693917
10723 1130693917 1130693917
2070 1130695061 1130695068
1143 1130695659 1130695659
6855 1130696225 1130696225
9598 1130696810 1130696810
9888 1130697356 1130697356
2743 1130698454 1130698454
5178 1130699031 1130699031
5694 1130699031 1130699031
8314 1130699600 1130699621
8204 1130700219 1130700219
9351 1130706090 1130706090
9387 1130706090 1130706090
3322 1130707285 1130707285
1197 1130708451 1130708458
1686 1130708451 1130708458
9065 1130711988 1130711988
8015 1130721938 1130721938
5593 1130722512 1130722512
8347 1130734529 1130734529
9113 1130733958 1130735095
10690 1130743131 1130743138
8194 1130744289 1130744289
1662 1130744296 1130744296
4225 1130744885 1130744885
9270 1130746025 1130746032
9113 1130748839 1130748839
29 1130748846 1130748853
9147 1130751159 1130751159
6364 1130751712 1130751726
5600 1130751712 1130751726
6313 1130752282 1130752282
9591 1130752889 1130752889
8704 1130753489 1130753489
7158 1130753503 1130753503
10877 1130754063 1130754070
6313 1130754675 1130754675
2894 1130755862 1130755862
2163 1130756423 1130756423
3502 1130757002 1130757002
2954 1130757002 1130757009
6313 1130757009 1130757009
669 1130757009 1130757009
9580 1130758119 1130758704
1433 1130759289 1130759296
8115 1130758119 1130759841
10116 1130760440 1130760440
1389 1130761038 1130761038
151 1130761620 1130761620
8391 1130762203 1130762217
6313 1130762217 1130762217
9375 1130762819 1130762819
8917 1130762826 1130762826
7167 1130763405 1130763405
1653 1130763405 1130763405
8115 1130762840 1130764007
3122 1130764007 1130764007
9524 1130764007 1130764007
10255 1130764611 1130764611
1399 1130764618 1130764618
8928 1130764625 1130764625
11062 1130764625 1130764625
9204 1130764625 1130764625
8115 1130765212 1130765219
6525 1130765219 1130765219
8362 1130765219 1130765802
80 1130765802 1130765802
5853 1130766356 1130766356
6313 1130766356 1130766356
8115 1130766960 1130766960
10058 1130766960 1130766960
291 1130766960 1130766960
10964 1130767564 1130767564
3749 1130768114 1130768114
5363 1130769272 1130769272
7672 1130769272 1130769272
5659 1130769272 1130769272
5491 1130769279 1130769279
6313 1130769823 1130769823
4955 1130769830 1130769830
8470 1130769272 1130770424
515 1130770424 1130770424
10541 1130770424 1130770424
1384 1130770997 1130770997
6010 1130770997 1130770997
3621 1130771593 1130771593
4877 1130771593 1130771593
8115 1130769272 1130772168
8146 1130772168 1130772168
5807 1130772168 1130772168
7313 1130773283 1130773283
1937 1130773283 1130773283
10403 1130773848 1130773848
4987 1130773848 1130773855
7072 1130773848 1130773869
941 1130773876 1130773876
2032 1130774468 1130774468
9388 1130774461 1130774475
3780 1130775018 1130775018
2131 1130775585 1130775599
9528 1130775585 1130775599
5740 1130775599 1130775599
10961 1130777335 1130777335
1836 1130777946 1130777946
8828 1130777946 1130777946
161 1130778487 1130778487
10521 1130778487 1130778494
1917 1130778494 1130778494
8115 1130774461 1130779086
9494 1130779086 1130779086
5436 1130779644 1130779644
9522 1130779644 1130779644
3038 1130780790 1130780790
9193 1130780790 1130780790
5232 1130780790 1130780790
7818 1130781924 1130781924
10024 1130784727 1130784727
1035 1130785921 1130785921
6620 1130785921 1130785921
3502 1130788778 1130788778
5398 1130789352 1130789352
7313 1130794630 1130794630
9189 1130795738 1130795738
9294 1130795738 1130795738
2128 1130796306 1130796306
2265 1130796860 1130796867
9897 1130796867 1130796867
7670 1130797432 1130797432
10891 1130799139 1130799146
8126 1130801490 1130801490
5705 1130801490 1130801490
8127 1130801490 1130801490
7449 1130802034 1130802034
3402 1130803180 1130803180
8962 1130807277 1130807277
10690 1130827603 1130827603
2598 1130828766 1130828766
8033 1130829973 1130830577
3676 1130831760 1130831760
7225 1130833517 1130833517
878 1130835312 1130835312
10286 1130835312 1130835312
1715 1130838227 1130838227
6045 1130838227 1130838227
9671 1130840496 1130840503
6961 1130840517 1130840517
6648 1130840503 1130840524
1387 1130842245 1130842245
8412 1130842874 1130842888
4360 1130843438 1130843438
348 1130843438 1130843438
6961 1130843438 1130843438
10395 1130843438 1130843438
5589 1130845713 1130845713
3875 1130846295 1130846295
6961 1130846295 1130846295
8836 1130848094 1130848094
8287 1130848094 1130848094
7782 1130848643 1130848650
1320 1130848643 1130848664
7806 1130848657 1130848664
1004 1130848664 1130848664
2305 1130848664 1130848664
9079 1130848664 1130848664
10600 1130849251 1130849251
1049 1130849251 1130849265
2549 1130849251 1130849265
4705 1130849258 1130849265
7756 1130849265 1130849265
10311 1130849823 1130849823
10252 1130849823 1130849823
3970 1130850426 1130850426
2619 1130850426 1130850426
7579 1130850426 1130850426
2216 1130850426 1130850985
3463 1130850971 1130850985
11043 1130850971 1130850985
2978 1130851556 1130851556
6961 1130852147 1130852147
8710 1130852703 1130852703
3908 1130852703 1130852703
8446 1130853275 1130853275
1293 1130853275 1130853282
8545 1130853282 1130853282
5756 1130854478 1130854478
10271 1130854478 1130854478
2963 1130854478 1130854478
5906 1130854478 1130854478
7190 1130855042 1130855042
2437 1130854478 1130855049
6315 1130855651 1130855651
1464 1130856221 1130856221
9708 1130856820 1130856834
2481 1130857437 1130857437
7662 1130857991 1130857991
5704 1130857991 1130857998
2335 1130857998 1130857998
3650 1130857998 1130857998
8176 1130857437 1130858554
846 1130859143 1130859143
8319 1130859704 1130859704
5750 1130859704 1130859704
6153 1130859704 1130859711
4472 1130859711 1130859711
5725 1130859711 1130859711
2481 1130859711 1130859711
3868 1130860252 1130860273
6858 1130860861 1130860861
1057 1130860861 1130860861
2481 1130861427 1130861427
1382 1130861427 1130861427
9122 1130861987 1130861987
7041 1130861987 1130861987
1683 1130862579 1130862586
9481 1130864883 1130864890
4214 1130864890 1130864890
9370 1130864890 1130864897
5699 1130864890 1130864897
3814 1130867804 1130867804
3242 1130868395 1130868395
10710 1130868973 1130868973
5567 1130869524 1130869524
10536 1130869531 1130869531
8649 1130869531 1130869531
2097 1130871279 1130871279
1213 1130871279 1130871279
3482 1130871844 1130871851
8690 1130873003 1130873003
5403 1130874189 1130874196
5083 1130876453 1130876453
7041 1130878856 1130878863
6288 1130879455 1130879455
10710 1130881767 1130881767
9090 1130883537 1130883537
3805 1130885296 1130885296
5640 1130886976 1130886976
119 1130887583 1130887583
8443 1130888157 1130888164
6806 1130908803 1130908810
6806 1130911102 1130911102
9475 1130911102 1130911102
10689 1130912269 1130912269
9798 1130912276 1130912276
10690 1130912882 1130912882
5099 1130913485 1130913485
9475 1130917010 1130917010
6806 1130917010 1130917017
1729 1130917017 1130917017
6219 1130918186 1130918193
6855 1130918787 1130918787
29 1130918787 1130918787
10944 1130919365 1130919372
10587 1130920554 1130920554
8805 1130921713 1130921713
8115 1130921107 1130922314
9466 1130924618 1130924618
8115 1130924618 1130924625
4633 1130925205 1130925205
5690 1130925205 1130925205
9466 1130925783 1130925783
1228 1130925783 1130925783
8183 1130925783 1130925783
8073 1130926331 1130926331
6832 1130926331 1130926338
6961 1130926338 1130926338
10131 1130926338 1130926338
9069 1130926897 1130926904
9197 1130927501 1130927501
5913 1130928064 1130928064
3630 1130928629 1130928629
4797 1130928629 1130928629
4680 1130929235 1130929235
8740 1130930411 1130930411
6894 1130930418 1130930418
291 1130930411 1130930989
2097 1130930411 1130930989
8569 1130930989 1130930989
9353 1130930989 1130930989
7742 1130930989 1130930989
3293 1130931550 1130932113
6211 1130932106 1130932113
8829 1130932106 1130932113
7428 1130932684 1130932684
7953 1130933244 1130933244
8569 1130933244 1130933251
10016 1130933251 1130933251
1382 1130933251 1130933251
8115 1130928057 1130933823
7306 1130933823 1130933823
9720 1130934367 1130934367
2489 1130934367 1130934367
4410 1130934367 1130934367
6961 1130934954 1130934954
2081 1130934954 1130934954
7160 1130935543 1130935550
4632 1130935550 1130935550
2369 1130935550 1130935557
4629 1130935557 1130935557
1684 1130935557 1130935557
3756 1130935557 1130935557
10383 1130936757 1130936757
5555 1130936757 1130936764
3335 1130936757 1130936764
2991 1130936757 1130936764
5854 1130937338 1130937345
5700 1130937917 1130937917
5363 1130937917 1130937924
3550 1130938508 1130938508
7806 1130938508 1130939111
2183 1130939118 1130939118
8320 1130939118 1130939118
3524 1130939717 1130939717
4425 1130940269 1130940276
3670 1130940276 1130940276
7806 1130940881 1130940881
211 1130942001 1130942001
5469 1130942595 1130942595
8115 1130940269 1130943179
8232 1130943179 1130943179
9848 1130944352 1130944352
6974 1130944352 1130944352
3017 1130944352 1130944352
2266 1130945510 1130945510
5652 1130945510 1130945510
5593 1130946668 1130946668
8115 1130945510 1130946675
9899 1130947846 1130947846
6933 1130948430 1130948430
9496 1130948430 1130948444
4797 1130948451 1130948451
1355 1130948458 1130948465
8115 1130947846 1130949030
7854 1130949623 1130949630
8115 1130950207 1130954159
10739 1130955881 1130955881
8216 1130956995 1130957002
1567 1130956995 1130957002
5992 1130957578 1130957578
6244 1130961040 1130961040
4303 1130967328 1130967328
8875 1130968453 1130968460
8953 1130969035 1130969035
11031 1130970180 1130970180
8523 1130970180 1130970180
1952 1130970180 1130970180
10894 1130971972 1130971972
155 1130974287 1130974287
9861 1130974287 1130974287
6308 1130976045 1130976052
2092 1130976045 1130976052
7055 1130979502 1130979502
6929 1130991658 1130992260
9146 1130994592 1130994592
10689 1130996931 1130997537
9212 1131001028 1131001028
10689 1131002776 1131002776
6358 1131002776 1131002776
9886 1131003384 1131003384
6315 1131003384 1131003384
9938 1131004004 1131004004
9632 1131004011 1131004011
5924 1131004569 1131004569
3720 1131006873 1131006873
7662 1131007461 1131007461
10760 1131007461 1131007461
9247 1131008609 1131008616
3334 1131009218 1131009218
2985 1131010965 1131010986
5318 1131011543 1131011543
10539 1131011550 1131011550
5947 1131012118 1131012118
5551 1131012118 1131012118
8877 1131012705 1131012705
5082 1131013308 1131013308
6813 1131013294 1131013315
7806 1131013315 1131013315
1446 1131013315 1131013343
4565 1131013892 1131013892
4537 1131013892 1131013892
7118 1131013892 1131013892
1467 1131014464 1131014464
7806 1131013343 1131014471
6313 1131014471 1131014471
8147 1131015063 1131015063
8877 1131015612 1131015612
5308 1131015612 1131015619
5301 1131015619 1131015619
9706 1131015605 1131015626
1446 1131015612 1131015626
172 1131015612 1131015626
4810 1131016205 1131016205
8931 1131016205 1131016212
4257 1131016212 1131016212
7806 1131016205 1131016755
9807 1131016755 1131016755
5700 1131016755 1131016755
2267 1131017301 1131017301
8122 1131017889 1131017889
4763 1131017889 1131017889
6933 1131017889 1131017889
4787 1131018469 1131018469
2168 1131019076 1131019076
1037 1131018469 1131019090
7299 1131019646 1131019646
10427 1131019076 1131019653
1446 1131019646 1131019653
4932 1131019653 1131019653
2330 1131020227 1131020227
5527 1131020227 1131020227
8545 1131019083 1131020819
1618 1131020819 1131020819
7118 1131020819 1131020819
634 1131020819 1131020826
7195 1131020826 1131020826
4147 1131020826 1131020826
7806 1131021381 1131021381
10534 1131020819 1131021976
9985 1131021976 1131021976
5253 1131021976 1131021976
4147 1131022524 1131022531
7806 1131022531 1131022531
9943 1131023081 1131023081
10835 1131023649 1131023649
6003 1131023649 1131023649
4009 1131023649 1131023649
8705 1131024226 1131024226
9985 1131024226 1131024233
7806 1131024226 1131024233
8705 1131024806 1131024813
1289 1131024806 1131024813
7806 1131024813 1131024813
1351 1131025384 1131025384
7667 1131025384 1131025384
5832 1131026533 1131026533
10363 1131027122 1131027122
7073 1131027122 1131027122
9193 1131027708 1131027708
4489 1131027708 1131027708
9425 1131027708 1131027715
7806 1131027715 1131027715
8674 1131028316 1131028316
3091 1131028316 1131028316
5655 1131028918 1131028918
33 1131028918 1131028918
4532 1131029510 1131029531
5655 1131029538 1131029538
5506 1131030111 1131030111
7806 1131030111 1131030111
4532 1131030111 1131030111
4489 1131032989 1131032989
5532 1131033571 1131033571
3676 1131034139 1131034146
8925 1131034752 1131034752
1276 1131035344 1131035344
7282 1131035948 1131035948
5971 1131036546 1131036546
2928 1131038890 1131038890
757 1131040621 1131040628
10059 1131042964 1131042964
668 1131044098 1131044098
1567 1131044661 1131044661
8216 1131044661 1131044661
1992 1131045255 1131045255
4237 1131047025 1131047025
6288 1131047607 1131047607
4402 1131049363 1131049363
3956 1131049963 1131049963
4088 1131049963 1131049963
9038 1131049963 1131049970
6494 1131051121 1131051128
7603 1131051681 1131051681
7974 1131051681 1131051688
2250 1131052277 1131052277
348 1131053406 1131053413
1230 1131053956 1131053956
10037 1131055702 1131055702
9183 1131055709 1131055716
63 1131056867 1131056867
6083 1131062647 1131062647
7147 1131065530 1131065530
1425 1131065530 1131065537
1426 1131065537 1131065537
4760 1131081664 1131081664
10690 1131083367 1131083367
4611 1131086253 1131086253
10460 1131086828 1131086842
5232 1131088541 1131088548
4484 1131089693 1131089693
6462 1131090245 1131090252
8115 1131090245 1131090827
1612 1131091966 1131091966
463 1131091966 1131091966
507 1131091966 1131091966
6913 1131092563 1131092563
5999 1131094224 1131094224
1111 1131094805 1131094805
9643 1131094805 1131094805
10200 1131094812 1131094812
6933 1131095373 1131095387
7938 1131095373 1131095387
8226 1131095387 1131095387
5317 1131096520 1131096520
6477 1131097085 1131097085
664 1131097085 1131097085
1702 1131097662 1131097662
129 1131098263 1131098263
7519 1131098263 1131098263
10493 1131098861 1131098861
8951 1131098861 1131098861
588 1131099415 1131099415
3628 1131099415 1131099422
6830 1131099422 1131099429
3561 1131100018 1131100025
515 1131100018 1131100025
11003 1131100018 1131100025
5156 1131100025 1131100025
6932 1131100632 1131100639
7806 1131100632 1131100639
4939 1131101764 1131101764
8115 1131100632 1131101771
3720 1131101757 1131101771
7806 1131101757 1131101771
3673 1131102331 1131102331
10499 1131102331 1131102345
634 1131102345 1131102345
8574 1131102345 1131102345
4479 1131102911 1131102911
4407 1131103510 1131103510
1836 1131103510 1131103510
1146 1131104096 1131104096
1898 1131104096 1131104096
10766 1131104096 1131104096
6361 1131104096 1131104096
10970 1131104664 1131104664
7806 1131104664 1131104664
8115 1131103510 1131105219
1231 1131105212 1131105219
6197 1131105821 1131105835
6988 1131105821 1131105835
8115 1131106423 1131106423
5442 1131106982 1131106982
4282 1131106982 1131106989
7806 1131106989 1131106989
6271 1131107542 1131107542
2612 1131107542 1131107542
5231 1131108696 1131108696
2707 1131108696 1131108696
7806 1131109263 1131109263
4632 1131109263 1131109263
144 1131110428 1131110428
2069 1131110973 1131110973
8994 1131110973 1131110973
2577 1131110428 1131110987
2575 1131111588 1131111588
5640 1131111595 1131112179
24 1131112736 1131112736
3024 1131112736 1131112736
7806 1131111602 1131113286
1997 1131113286 1131113286
1996 1131113286 1131113286
1664 1131113286 1131113286
5214 1131113286 1131113286
8551 1131113286 1131114441
7289 1131115021 1131115021
1958 1131115021 1131115021
482 1131115590 1131115590
1247 1131115590 1131115590
7806 1131115590 1131115590
243 1131115590 1131115590
5950 1131116157 1131116157
7017 1131116157 1131116157
665 1131116157 1131116157
1958 1131115604 1131116164
7317 1131116157 1131116164
8038 1131116164 1131116164
7419 1131116716 1131116716
5922 1131116737 1131116737
9943 1131117359 1131117359
844 1131117359 1131117359
7806 1131117352 1131117373
10743 1131117352 1131117387
11038 1131117366 1131117387
6970 1131117944 1131117944
6462 1131117380 1131117951
9918 1131118540 1131118540
2663 1131118540 1131118540
7289 1131118540 1131118540
4764 1131119721 1131119721
9451 1131119721 1131119721
4056 1131120897 1131120897
1634 1131121501 1131121508
1304 1131123839 1131123839
5417 1131124387 1131124387
3728 1131126110 1131126110
8250 1131126110 1131126110
6271 1131127215 1131127215
3342 1131128895 1131128895
8155 1131128895 1131128895
9154 1131128902 1131128902
10230 1131127766 1131129475
3071 1131130016 1131130023
4061 1131130630 1131130630
10229 1131131214 1131131214
9366 1131129475 1131131228
10230 1131131214 1131131795
6351 1131131795 1131131795
4712 1131132388 1131132395
6344 1131132395 1131132395
6319 1131132960 1131132960
4395 1131134694 1131134701
10710 1131134701 1131135281
8978 1131136463 1131136463
4237 1131138210 1131138210
3486 1131138819 1131138819
5915 1131139427 1131139427
766 1131139427 1131139427
2125 1131139990 1131139997
10710 1131139997 1131139997
8213 1131139990 1131140004
3784 1131139990 1131140004
3594 1131140580 1131140580
4550 1131142872 1131142872
7446 1131142872 1131142872
6319 1131145783 1131145783
9849 1131146386 1131146386
5309 1131147541 1131147541
6319 1131147541 1131147541
8828 1131147534 1131148101
6884 1131149253 1131149253
8191 1131149840 1131149847
4089 1131149847 1131149847
5542 1131150436 1131150436
5582 1131151596 1131151596
4166 1131156794 1131156794
4129 1131158539 1131158539
462 1131165555 1131165562
3582 1131165555 1131165562
5766 1131169079 1131169079
5472 1131172546 1131172546
4636 1131173149 1131173149
6462 1131175470 1131175470
8944 1131176058 1131176058
6462 1131176648 1131176648
5108 1131177234 1131177241
1530 1131177819 1131177819
4539 1131178927 1131178927
1209 1131178927 1131179542
4417 1131179542 1131179542
5522 1131180088 1131180088
8115 1131177234 1131180095
3959 1131180095 1131180095
6538 1131180095 1131180095
3911 1131181197 1131181197
1605 1131181197 1131181197
9862 1131181787 1131181794
6765 1131182373 1131182373
6622 1131182373 1131182373
8532 1131182373 1131182373
2504 1131182373 1131182373
3145 1131182373 1131182373
9377 1131182373 1131182373
10505 1131182934 1131182934
7400 1131183492 1131183492
1557 1131183492 1131183492
1087 1131184087 1131184087
2557 1131184667 1131184667
11396 1131184681 1131184681
4328 1131184087 1131184688
2041 1131184667 1131184688
2709 1131185254 1131185261
218 1131185254 1131185261
1823 1131185254 1131185261
10865 1131185261 1131185261
9144 1131185853 1131185853
959 1131185853 1131185853
6276 1131185853 1131185853
5335 1131185853 1131185853
4724 1131185853 1131185853
3694 1131186455 1131186455
1526 1131186455 1131186455
8401 1131186455 1131186455
7572 1131187021 1131187021
6740 1131187021 1131187021
8743 1131187021 1131187021
8371 1131187021 1131187021
7166 1131187021 1131187021
2925 1131187612 1131187619
3533 1131187612 1131187619
699 1131187619 1131187619
5320 1131187619 1131187619
8115 1131181787 1131188194
1979 1131188194 1131188194
2641 1131188759 1131188759
3993 1131188759 1131188759
9831 1131188759 1131188759
309 1131188759 1131188759
5458 1131189372 1131189372
6740 1131189372 1131189372
4867 1131189372 1131189386
4273 1131189386 1131189386
6659 1131189386 1131189386
309 1131189386 1131189386
8454 1131189963 1131189963
6434 1131189963 1131189963
8812 1131189956 1131189970
3617 1131189970 1131189970
8305 1131190540 1131190540
1493 1131190540 1131190540
8088 1131190540 1131190540
8493 1131190547 1131190547
7812 1131191131 1131191138
8115 1131191138 1131191138
8190 1131191138 1131191138
2766 1131191138 1131191145
5236 1131191145 1131191145
10379 1131191131 1131191152
6096 1131191131 1131191152
374 1131191138 1131191152
8840 1131191138 1131191152
9063 1131191138 1131191152
195 1131191145 1131191152
4652 1131191152 1131191152
6271 1131191711 1131191711
2349 1131191711 1131191711
1383 1131191711 1131191711
1996 1131191711 1131191711
9853 1131191711 1131191711
5350 1131191711 1131191711
1235 1131192268 1131192268
9495 1131192268 1131192268
1415 1131192268 1131192268
2369 1131192268 1131192268
4950 1131192849 1131192849
8625 1131192849 1131192849
10580 1131192849 1131192856
2404 1131192856 1131192856
990 1131192856 1131192856
4284 1131192856 1131192856
10503 1131191131 1131193452
8115 1131191711 1131193452
7302 1131193452 1131193452
6371 1131193452 1131193452
10029 1131193452 1131193452
1076 1131193452 1131193452
3566 1131193452 1131193452
8977 1131193452 1131193452
11101 1131194051 1131194051
1581 1131192849 1131194058
651 1131194051 1131194058
661 1131194051 1131194058
7332 1131194058 1131194058
1232 1131194653 1131194653
2676 1131194653 1131194653
6431 1131194653 1131194653
5111 1131194051 1131194660
8115 1131194653 1131194660
7407 1131194653 1131194660
6900 1131194653 1131194660
1298 1131194660 1131194660
5959 1131194660 1131195201
4632 1131195201 1131195201
5643 1131195201 1131195201
3087 1131195201 1131195201
1238 1131194653 1131195751
6431 1131195751 1131195751
9127 1131195751 1131195751
1770 1131195751 1131195751
6441 1131195751 1131195751
8440 1131195751 1131195751
6973 1131195751 1131195751
2270 1131195751 1131196310
5079 1131196310 1131196310
1232 1131196310 1131196310
2251 1131196310 1131196317
6815 1131196317 1131196317
8538 1131196310 1131196331
8978 1131196310 1131196331
7005 1131196927 1131196927
7040 1131196927 1131196927
5544 1131196927 1131196927
9679 1131197533 1131197533
7446 1131197533 1131197533
2420 1131197533 1131197533
8115 1131196927 1131198087
8657 1131198087 1131198087
11375 1131198087 1131198087
8958 1131198087 1131198087
7040 1131198682 1131198682
7585 1131198682 1131198682
2480 1131198682 1131198682
7069 1131198682 1131198703
7450 1131198682 1131198703
7793 1131198689 1131198703
3813 1131198696 1131198703
4686 1131198703 1131198703
10303 1131198696 1131199297
1951 1131199297 1131199297
9714 1131199297 1131199297
8115 1131199297 1131199297
8224 1131199876 1131199876
1601 1131199876 1131199876
8414 1131199876 1131199883
1025 1131199883 1131199883
7806 1131199883 1131199883
2541 1131200476 1131200476
1501 1131200483 1131200483
1650 1131200490 1131200490
2812 1131200476 1131200504
10797 1131200476 1131200504
5310 1131201090 1131201090
10391 1131201651 1131201651
2145 1131201651 1131201651
6143 1131202206 1131202206
8115 1131201090 1131202807
9546 1131202807 1131202807
10303 1131202807 1131202807
1969 1131202807 1131202807
8992 1131203383 1131203383
10050 1131203383 1131203383
5310 1131203383 1131203383
9831 1131203383 1131203390
658 1131203383 1131203390
10871 1131203383 1131203390
6143 1131203390 1131203390
9279 1131203390 1131203390
8115 1131203942 1131203942
5702 1131205083 1131205083
2584 1131206275 1131206282
913 1131206843 1131206843
6067 1131206843 1131206857
10303 1131207465 1131207479
8768 1131207486 1131207486
9066 1131208644 1131208644
7703 1131209195 1131209195
5069 1131212705 1131212705
10810 1131213301 1131213301
9751 1131213301 1131213301
8949 1131213863 1131213863
7075 1131213863 1131213863
7596 1131213863 1131213863
5959 1131214410 1131214410
10579 1131214985 1131214999
7798 1131215570 1131215570
5863 1131215570 1131215570
3735 1131216162 1131216162
6933 1131216732 1131216739
9084 1131217304 1131217311
1623 1131217304 1131217311
9009 1131217896 1131217903
6592 1131217903 1131217917
1175 1131219697 1131219697
8232 1131222602 1131222602
2623 1131223738 1131223738
1679 1131223738 1131223738
6103 1131224307 1131224314
7242 1131224314 1131224314
9575 1131224893 1131224893
2758 1131224893 1131224900
7769 1131224893 1131224907
2307 1131224907 1131224907
4279 1131225482 1131225482
561 1131226065 1131226072
10751 1131226072 1131226072
7654 1131228418 1131228418
9190 1131229015 1131229015
6718 1131231262 1131231269
10313 1131231879 1131231879
6968 1131232473 1131232473
4463 1131233084 1131233098
2809 1131233091 1131233098
3718 1131234834 1131234834
9457 1131237667 1131237667
11047 1131237660 1131237674
3677 1131237660 1131237709
10042 1131238299 1131238299
10883 1131245316 1131245316
1813 1131258242 1131258242
5979 1131260518 1131260518
7152 1131265773 1131265773
4959 1131265773 1131265780
8771 1131265773 1131265780
522 1131265773 1131265780
2149 1131265780 1131265780
6313 1131265780 1131265780
5833 1131266368 1131266368
8722 1131266368 1131266375
9407 1131266368 1131266375
1304 1131266960 1131266960
7622 1131268096 1131268096
1901 1131268644 1131268651
6798 1131268651 1131268651
8433 1131269774 1131269774
10579 1131269774 1131269774
6313 1131270388 1131270388
4494 1131270985 1131270985
10367 1131270992 1131270992
8473 1131271579 1131271586
4900 1131272191 1131272191
7190 1131266375 1131272811
10591 1131272797 1131272811
3415 1131272811 1131272811
4585 1131273942 1131273942
7190 1131274530 1131274530
272 1131274530 1131274530
2040 1131275113 1131275127
101 1131275113 1131275725
956 1131275725 1131275725
4585 1131275725 1131275732
6957 1131276299 1131276320
987 1131276907 1131276907
5984 1131276907 1131276907
7190 1131275725 1131277471
5963 1131277471 1131277471
2244 1131277471 1131277471
6304 1131277471 1131277471
1252 1131278075 1131278075
3586 1131278075 1131278075
1757 1131278075 1131278075
6927 1131278683 1131278683
10840 1131278683 1131278683
6288 1131278683 1131278683
4325 1131278683 1131278683
3441 1131279847 1131279854
272 1131279847 1131279854
6778 1131279847 1131279861
7190 1131279259 1131280454
5161 1131280454 1131280454
4615 1131281014 1131281021
3788 1131282727 1131282734
1969 1131282734 1131282734
8619 1131283294 1131283294
9452 1131283294 1131283294
1636 1131285011 1131285011
7190 1131281588 1131285554
5285 1131285554 1131285554
2868 1131286710 1131286710
4822 1131287268 1131287268
7190 1131287268 1131287268
6422 1131287828 1131287835
7041 1131291282 1131291282
5178 1131292991 1131292991
4690 1131293588 1131293588
8734 1131293588 1131293588
7713 1131294187 1131294187
2725 1131294770 1131294770
2474 1131296996 1131296996
10861 1131296996 1131296996
9183 1131302108 1131302115
9002 1131311959 1131311959
5442 1131311959 1131311959
8992 1131312507 1131312507
995 1131315310 1131315310
6600 1131317044 1131317044
1412 1131317037 1131317051
4155 1131317037 1131317072
7667 1131317065 1131317072
1412 1131317072 1131317072
5704 1131317037 1131317079
11092 1131329883 1131329883
9460 1131336899 1131336899
9798 1131338054 1131338054
10741 1131344963 1131344970
4917 1131345520 1131345520
291 1131346080 1131346080
8115 1131345520 1131347856
6313 1131348420 1131349010
5700 1131348427 1131349010
7479 1131349017 1131349017
656 1131349003 1131349024
6313 1131349587 1131349587
8115 1131349003 1131350192
6313 1131351940 1131351947
6872 1131351940 1131351954
6313 1131351975 1131351975
6270 1131352523 1131352523
4658 1131352523 1131352523
6313 1131352530 1131353078
348 1131353078 1131353092
2398 1131353085 1131353092
6313 1131354243 1131354243
7911 1131354243 1131354243
8115 1131353078 1131354814
4264 1131354821 1131354821
3499 1131355413 1131355413
10274 1131355413 1131355413
6822 1131355977 1131355977
5700 1131355977 1131355977
6313 1131355977 1131355977
6288 1131356537 1131356537
7479 1131356544 1131356544
4952 1131356544 1131356544
10985 1131356551 1131356551
5696 1131357147 1131357147
10603 1131357147 1131357161
6313 1131357154 1131357161
4997 1131357154 1131357161
5600 1131357161 1131357161
766 1131357161 1131357161
8115 1131355977 1131357757
7476 1131357757 1131357757
5538 1131358345 1131358345
8861 1131358352 1131358352
3098 1131358352 1131358352
5952 1131358923 1131358923
8115 1131358923 1131358923
3631 1131358923 1131358923
9118 1131359496 1131359496
8981 1131359496 1131359496
6315 1131359496 1131359496
4629 1131359496 1131359496
6261 1131359496 1131359496
1780 1131360086 1131360086
9953 1131360673 1131360673
3720 1131360673 1131360673
8054 1131360673 1131360673
4485 1131360673 1131360673
9661 1131360673 1131360673
5124 1131361237 1131361237
8129 1131361244 1131361244
6313 1131361244 1131361244
5700 1131361237 1131361828
2792 1131361828 1131361828
499 1131361828 1131361828
1294 1131361828 1131361828
356 1131362396 1131362396
3637 1131362943 1131362943
6313 1131363504 1131363504
5472 1131364109 1131364109
2628 1131364109 1131364116
4210 1131364109 1131364116
1154 1131364116 1131364116
8115 1131362943 1131364706
9561 1131364706 1131364706
7438 1131364706 1131364706
698 1131364706 1131364706
6313 1131365250 1131365257
5706 1131365866 1131365873
6996 1131365866 1131365873
7162 1131365880 1131365880
6313 1131365887 1131365887
8545 1131365887 1131365887
10960 1131365887 1131365894
10038 1131365894 1131365894
10296 1131365894 1131365894
9190 1131366449 1131366449
7479 1131366449 1131366449
7162 1131366456 1131366456
8115 1131365264 1131366463
8184 1131366449 1131366463
9399 1131366470 1131366470
6987 1131366470 1131366470
7162 1131367011 1131367011
6313 1131367011 1131367011
3959 1131367011 1131367011
1352 1131367011 1131367011
9218 1131368184 1131368769
9906 1131368769 1131368769
6313 1131368776 1131368776
7162 1131368776 1131368776
4646 1131368769 1131368783
2748 1131369996 1131369996
8115 1131367602 1131370003
8964 1131369996 1131370003
698 1131369996 1131370003
3691 1131369996 1131370003
7438 1131369996 1131370003
6315 1131370003 1131370003
6609 1131370576 1131370576
3914 1131370576 1131370576
6313 1131369996 1131371129
5572 1131371129 1131371129
9109 1131371129 1131371129
10955 1131371129 1131371129
481 1131371702 1131371702
1126 1131372303 1131372303
7449 1131372303 1131372303
10287 1131372303 1131372310
7162 1131372889 1131372889
6313 1131372889 1131372889
6034 1131374092 1131374092
4632 1131374092 1131374092
8723 1131374675 1131374675
6313 1131374092 1131375221
2069 1131376345 1131376345
1350 1131376891 1131376891
9933 1131378609 1131378623
9193 1131378609 1131378623
8215 1131378616 1131378623
7442 1131379230 1131379230
6940 1131381615 1131381615
57 1131383916 1131383916
144 1131385052 1131385059
4421 1131387407 1131387407
2128 1131393174 1131393174
9843 1131394340 1131394340
6546 1131394375 1131394375
9259 1131394354 1131394382
1481 1131397818 1131397818
6821 1131402981 1131402988
7252 1131405911 1131405911
10690 1131423373 1131423373
8542 1131427998 1131427998
8755 1131427998 1131427998
5700 1131428589 1131428589
7162 1131429743 1131429743
5700 1131429736 1131430304
6313 1131429194 1131430311
5408 1131430854 1131430861
5700 1131431435 1131431442
7162 1131431442 1131431442
6462 1131431435 1131432014
9125 1131432014 1131432014
5956 1131432585 1131432585
1602 1131432585 1131432585
6066 1131433163 1131433170
7162 1131433170 1131433170
6313 1131431435 1131433750
5423 1131434856 1131434856
6313 1131435419 1131435433
6453 1131435433 1131435440
5700 1131435440 1131435440
10383 1131437228 1131437228
10352 1131437228 1131437228
7394 1131437228 1131437235
1710 1131437235 1131437235
6313 1131436023 1131437803
7095 1131438393 1131438393
2130 1131439001 1131439001
6372 1131439001 1131439001
868 1131439591 1131439591
10637 1131440165 1131440165
1005 1131440172 1131440172
10339 1131440772 1131440772
6056 1131440772 1131440772
9783 1131440772 1131440772
5529 1131441372 1131441372
1443 1131441372 1131441372
291 1131441372 1131441372
2236 1131441372 1131441379
9204 1131441379 1131441379
9136 1131441379 1131441379
11062 1131441379 1131441379
7568 1131441965 1131441965
6313 1131441379 1131441972
3438 1131443114 1131443114
1991 1131443114 1131443114
8419 1131443114 1131443114
282 1131443666 1131443666
3676 1131443666 1131443673
6271 1131443673 1131443673
6812 1131444249 1131444256
5219 1131444256 1131444256
2445 1131444861 1131444861
6797 1131444861 1131444861
1185 1131446045 1131446045
158 1131446045 1131446052
9791 1131446045 1131446059
498 1131446059 1131446059
6722 1131446646 1131446646
3730 1131446646 1131446646
5607 1131447246 1131447246
6313 1131447811 1131447811
5250 1131448371 1131448371
9704 1131448952 1131448959
7628 1131448952 1131448966
3327 1131448952 1131448966
6313 1131448966 1131448966
6905 1131448966 1131449524
7926 1131449524 1131449524
274 1131449524 1131449524
10584 1131449524 1131449524
7806 1131447811 1131450086
7860 1131450079 1131450086
1939 1131450661 1131450661
158 1131451266 1131451273
6313 1131450661 1131451870
6375 1131451870 1131451870
7162 1131452450 1131452457
7101 1131453046 1131453046
8530 1131453053 1131453053
7597 1131453053 1131453060
6313 1131453067 1131453067
7806 1131454229 1131454229
2369 1131454790 1131454804
5700 1131454790 1131454804
5717 1131454804 1131454804
6182 1131455355 1131455355
1128 1131455362 1131455362
2349 1131455922 1131455936
7691 1131455936 1131455936
7806 1131456482 1131457077
2182 1131457077 1131457077
1419 1131457639 1131457639
4606 1131457639 1131457639
3730 1131457646 1131457646
6174 1131457646 1131457646
2409 1131457646 1131457653
6313 1131457646 1131457653
7650 1131457653 1131457653
6812 1131458224 1131458224
7720 1131458784 1131458784
7806 1131458784 1131458805
10698 1131459374 1131459374
9071 1131459967 1131459967
6313 1131460534 1131460534
2466 1131460534 1131460555
4407 1131460555 1131460555
7537 1131461099 1131461106
6313 1131461697 1131461697
10710 1131462290 1131462290
4725 1131463412 1131463412
4192 1131463412 1131463412
10918 1131464004 1131464004
9925 1131464004 1131464004
8639 1131464004 1131464011
6452 1131465749 1131465749
3446 1131469744 1131469751
6271 1131470939 1131470939
7449 1131470960 1131470960
2979 1131471559 1131471559
7928 1131475617 1131475617
5141 1131475617 1131475624
6073 1131476233 1131476233
10200 1131480242 1131480242
3286 1131480242 1131480249
3287 1131480242 1131480249
10871 1131481998 1131481998
291 1131482575 1131482575
2097 1131482575 1131482575
2302 1131482575 1131482575
10262 1131493557 1131493557
