4438 1130506973 1130506973
7547 1130507572 1130507572
6883 1130508161 1130508161
7308 1130508743 1130508743
6782 1130508743 1130508743
1877 1130508743 1130508743
7602 1130508743 1130508743
6495 1130509286 1130509286
8779 1130510400 1130510400
3793 1130510400 1130510400
6495 1130510953 1130511511
6170 1130513207 1130513221
10441 1130513221 1130513221
3658 1130513792 1130513792
5905 1130514361 1130514361
6495 1130514361 1130514361
2228 1130514361 1130514361
3004 1130515549 1130515556
8222 1130515556 1130515556
9967 1130516713 1130516720
1145 1130516713 1130516720
308 1130516720 1130516720
8222 1130517328 1130517335
3004 1130517328 1130517342
8203 1130518487 1130518487
348 1130519586 1130519586
8955 1130520185 1130520185
2704 1130521342 1130521342
6479 1130525444 1130525444
4759 1130526639 1130526639
9840 1130526639 1130526653
4027 1130533663 1130533663
2653 1130533663 1130533663
4616 1130533663 1130533663
8978 1130534261 1130534261
2062 1130536571 1130536571
6213 1130536564 1130536578
3150 1130538311 1130538311
10212 1130542348 1130542348
9067 1130542348 1130542348
1943 1130545179 1130545179
4349 1130545179 1130545186
1945 1130546369 1130546376
4758 1130548148 1130548148
6740 1130565522 1130565550
6740 1130567303 1130567317
5766 1130569684 1130570280
5633 1130570287 1130570287
302 1130576035 1130576035
914 1130577146 1130577153
3025 1130577723 1130577723
8765 1130578308 1130578308
8706 1130578308 1130578308
364 1130578901 1130578901
10527 1130578901 1130578901
9531 1130578901 1130578901
1339 1130579451 1130579458
1070 1130582333 1130582333
9386 1130583506 1130583506
7291 1130584661 1130584661
8986 1130584661 1130584661
5297 1130585253 1130585253
714 1130585253 1130585253
4179 1130585253 1130585267
6501 1130585828 1130585828
6842 1130586417 1130586417
6671 1130588737 1130588737
4832 1130588737 1130588737
4038 1130588737 1130588737
11041 1130589287 1130589287
2370 1130589287 1130589294
9749 1130589294 1130589294
7654 1130589847 1130589847
2067 1130590408 1130590408
9811 1130590989 1130590989
2824 1130591543 1130591543
9336 1130591550 1130591550
1072 1130592653 1130592653
7121 1130593254 1130593254
5206 1130593254 1130593254
9501 1130593254 1130593254
3837 1130593838 1130593838
221 1130594433 1130594433
1580 1130594433 1130594433
319 1130595023 1130595030
1354 1130595023 1130595030
10631 1130596796 1130596796
9754 1130595030 1130597380
2300 1130597380 1130597380
8773 1130597380 1130597380
10815 1130597380 1130597380
7577 1130597961 1130597961
10472 1130597961 1130597961
10716 1130598530 1130598530
1815 1130598530 1130598530
10519 1130598530 1130598530
4759 1130598530 1130598530
1640 1130599647 1130599647
9162 1130599647 1130599654
8736 1130599654 1130599654
10415 1130599654 1130599654
2025 1130599654 1130599654
10224 1130600780 1130600780
9107 1130600238 1130600787
6015 1130601357 1130601357
10830 1130601357 1130601357
8980 1130602504 1130602504
214 1130603643 1130603643
6404 1130603643 1130604199
6479 1130604199 1130604199
4227 1130604199 1130604199
8773 1130603643 1130604747
3959 1130604747 1130604754
10472 1130605910 1130605910
8773 1130605910 1130605910
1546 1130607065 1130607065
2936 1130609405 1130609405
1397 1130610568 1130610568
1015 1130611767 1130611767
1102 1130612366 1130612366
9675 1130614684 1130614691
5774 1130614684 1130614698
9328 1130614684 1130614698
9035 1130619385 1130619385
9001 1130619385 1130619392
1339 1130619990 1130620004
2300 1130619990 1130620004
7421 1130621159 1130621159
3380 1130621159 1130621159
2964 1130621159 1130621159
3583 1130621715 1130621715
4088 1130621715 1130621715
8015 1130622905 1130622905
1823 1130627582 1130627582
5206 1130634136 1130634136
2055 1130637665 1130637665
8343 1130641062 1130641069
4982 1130644599 1130644606
4292 1130652745 1130652745
4137 1130667268 1130667268
7865 1130668454 1130668454
8608 1130669023 1130669023
1660 1130670164 1130670164
8581 1130671925 1130671925
951 1130672468 1130672482
8939 1130673040 1130673040
9529 1130674204 1130674211
309 1130674218 1130674218
217 1130674218 1130674218
2811 1130674805 1130674805
8051 1130674805 1130674812
2213 1130675406 1130675406
10628 1130675420 1130675420
1262 1130675972 1130675972
8482 1130676544 1130676544
6288 1130676544 1130676544
1660 1130677096 1130677096
1192 1130677096 1130677096
10567 1130678249 1130678249
4305 1130678249 1130678256
5754 1130678249 1130678256
1286 1130678249 1130678263
1262 1130678249 1130678263
6232 1130678846 1130678846
612 1130678846 1130678846
11099 1130679398 1130679398
6165 1130680601 1130680601
3824 1130680601 1130680601
11099 1130680601 1130681176
1345 1130682330 1130682330
5130 1130682330 1130682337
6927 1130682337 1130682337
2152 1130683469 1130683469
2693 1130684025 1130684025
6543 1130684025 1130684025
8622 1130685169 1130685169
9894 1130686310 1130686310
7591 1130686310 1130686310
9388 1130686868 1130686868
9012 1130686868 1130686868
5688 1130687419 1130687433
997 1130687419 1130687433
3398 1130688038 1130688052
3548 1130688038 1130688052
618 1130688052 1130688052
3830 1130689212 1130689212
8481 1130689212 1130689212
6033 1130689212 1130689212
9137 1130689212 1130689212
9007 1130689212 1130689212
5938 1130689825 1130689825
9516 1130691027 1130691034
8845 1130691027 1130691034
8786 1130693882 1130693882
3083 1130695109 1130695116
5421 1130696855 1130696862
1387 1130699170 1130699177
7765 1130699184 1130699184
6111 1130701399 1130701399
10024 1130702545 1130702545
3730 1130704312 1130704319
7039 1130705481 1130705481
10024 1130706092 1130706092
8978 1130706669 1130706669
6323 1130709035 1130709035
6469 1130713166 1130713166
3587 1130720237 1130720237
6436 1130742677 1130742677
5908 1130748422 1130748422
4225 1130751230 1130751230
8528 1130751784 1130752371
6147 1130752920 1130752920
4040 1130752920 1130752920
10012 1130753503 1130753503
84 1130753503 1130754664
4217 1130754657 1130754664
1362 1130755834 1130755834
9043 1130756434 1130756448
9849 1130756434 1130756448
9849 1130757613 1130757613
9126 1130759368 1130759368
10741 1130759368 1130759368
645 1130759947 1130759947
79 1130759947 1130759947
9126 1130761064 1130761064
8396 1130761064 1130761649
8283 1130761649 1130761649
3132 1130763385 1130763385
3092 1130763385 1130763983
6258 1130763385 1130763983
6372 1130763983 1130763983
10827 1130765148 1130765162
348 1130766329 1130766350
1793 1130767556 1130767556
3998 1130767563 1130767563
6873 1130767556 1130767570
5242 1130768164 1130768164
6873 1130768747 1130768747
7003 1130768747 1130768747
4809 1130768747 1130768747
153 1130769301 1130769905
475 1130769905 1130770509
9051 1130770509 1130770509
7899 1130771059 1130771059
9316 1130770509 1130771652
10223 1130772768 1130772768
7276 1130773369 1130773369
2492 1130775113 1130775113
9093 1130775113 1130775113
5943 1130777406 1130777406
6855 1130779150 1130779150
3869 1130779150 1130779150
8802 1130781439 1130781439
6663 1130783137 1130783137
1152 1130784869 1130784869
3587 1130789467 1130789467
2882 1130790605 1130790605
9819 1130792290 1130792290
7948 1130792290 1130792297
66 1130795254 1130795254
5084 1130801501 1130801501
3824 1130804428 1130804428
6165 1130804428 1130804435
8528 1130836462 1130836462
1355 1130837657 1130837657
1760 1130838271 1130838271
7657 1130840591 1130840591
2381 1130841172 1130841172
4772 1130841722 1130841722
7390 1130842293 1130842293
9508 1130842293 1130842293
9943 1130842857 1130842864
2216 1130842857 1130842864
5500 1130845798 1130845812
8876 1130845819 1130845833
6629 1130846934 1130846934
666 1130847479 1130847500
10129 1130848658 1130848658
7621 1130848658 1130848658
3463 1130848658 1130848679
501 1130848679 1130848679
1772 1130849830 1130849830
9088 1130850455 1130850462
8739 1130850455 1130850462
3283 1130851588 1130851588
7344 1130851588 1130851609
8329 1130852768 1130853371
5874 1130853371 1130853371
8978 1130854501 1130854501
3000 1130854508 1130854508
8329 1130855092 1130855092
7270 1130856220 1130856227
9556 1130856220 1130856827
4041 1130857987 1130857987
11418 1130857987 1130857987
4042 1130856827 1130857994
1289 1130857987 1130857994
3083 1130859765 1130859765
2492 1130859772 1130859772
6271 1130859765 1130859779
5750 1130860382 1130860382
3869 1130861499 1130861499
685 1130863197 1130863211
4069 1130864372 1130864372
929 1130863806 1130864932
6855 1130864932 1130864932
5725 1130864932 1130864932
5750 1130864932 1130864932
1824 1130869576 1130869576
5712 1130869583 1130869583
10884 1130870151 1130870165
7771 1130870151 1130870165
5532 1130870165 1130870165
9067 1130870749 1130870749
9935 1130872476 1130872483
377 1130872476 1130872490
5527 1130875347 1130875347
2749 1130878290 1130878290
5783 1130879384 1130879384
8678 1130879398 1130879398
3502 1130881215 1130881215
7487 1130887687 1130887687
119 1130889900 1130889900
10536 1130908265 1130908265
10690 1130914617 1130914617
1114 1130915214 1130915214
6855 1130919345 1130919345
4611 1130919969 1130919969
334 1130922317 1130922317
11019 1130924651 1130924658
6212 1130925259 1130925259
6710 1130925868 1130925868
6230 1130925868 1130925868
7491 1130928150 1130928150
9943 1130928150 1130928150
9996 1130928728 1130928728
1092 1130929283 1130929283
9943 1130929842 1130929849
6874 1130931002 1130931009
1200 1130932784 1130932784
9131 1130933934 1130933934
1842 1130934495 1130934495
2493 1130935058 1130935058
6163 1130936182 1130936182
10634 1130937312 1130937312
5052 1130938488 1130938495
5075 1130938488 1130938502
603 1130939702 1130939709
862 1130940862 1130940869
9291 1130942662 1130942662
1073 1130943826 1130943826
10326 1130944383 1130944383
6467 1130944946 1130944946
1494 1130944946 1130944946
3144 1130944946 1130944946
3915 1130946727 1130946727
772 1130948455 1130948455
6976 1130949613 1130949620
8237 1130950791 1130950791
7357 1130953152 1130953152
7357 1130954259 1130954259
6976 1130953701 1130956004
2413 1130954872 1130956004
7621 1130958265 1130958265
2413 1130958826 1130958826
7357 1130958826 1130958833
5576 1130963408 1130963408
1871 1130963408 1130963408
2110 1130963978 1130963992
7491 1130964552 1130964552
7593 1130965641 1130965648
6921 1130968035 1130968035
8803 1130974917 1130974917
7120 1130975496 1130975503
6073 1130975503 1130975503
4292 1130992883 1130992890
10690 1130999256 1130999270
8876 1131003367 1131003374
9294 1131006336 1131006343
5832 1131006949 1131006956
8852 1131009818 1131009818
5708 1131010982 1131010982
10427 1131011554 1131011554
9508 1131012163 1131012163
7867 1131012163 1131012163
6710 1131013328 1131013335
334 1131013910 1131013910
8953 1131013931 1131013931
8393 1131013924 1131014488
6108 1131014488 1131014495
10993 1131014495 1131014495
1343 1131015650 1131015650
5832 1131015650 1131016288
6649 1131016239 1131016288
1965 1131016288 1131016288
7105 1131018550 1131018550
1684 1131018571 1131018571
3824 1131020834 1131020834
11174 1131020834 1131020834
2268 1131022021 1131022021
7896 1131022591 1131022591
995 1131022591 1131022598
8931 1131023172 1131023172
137 1131024921 1131024921
6089 1131024921 1131024921
10699 1131027192 1131027192
1261 1131028928 1131028928
7097 1131028928 1131028935
7934 1131028928 1131028935
2807 1131028935 1131028935
935 1131029478 1131029478
10904 1131029478 1131029478
3300 1131030067 1131030067
7303 1131030660 1131030660
9895 1131032483 1131032483
4802 1131033620 1131033627
8978 1131035365 1131035372
1467 1131037091 1131037091
6111 1131037697 1131037704
5043 1131037697 1131037704
1767 1131038886 1131038886
7747 1131038886 1131038893
9879 1131039491 1131039491
9553 1131039491 1131039491
8977 1131041246 1131041246
1461 1131041835 1131041835
10410 1131042424 1131042424
7019 1131046476 1131046483
7026 1131051708 1131051715
6883 1131055764 1131055764
10884 1131056344 1131056344
3911 1131058077 1131058077
1991 1131061572 1131061572
5575 1131063314 1131063328
8996 1131068475 1131068475
10536 1131078309 1131078316
8528 1131088047 1131088047
2492 1131089198 1131089198
6362 1131089794 1131089794
8027 1131091486 1131091486
7846 1131092085 1131092085
626 1131092085 1131092085
5500 1131093765 1131093765
8518 1131095508 1131096049
6831 1131096617 1131096617
3810 1131097750 1131097757
7270 1131102970 1131102970
6492 1131103584 1131103584
838 1131104134 1131104134
5242 1131104134 1131104141
1427 1131104134 1131104141
3623 1131104141 1131104141
856 1131106448 1131106448
8574 1131106448 1131106455
9946 1131106448 1131106455
2563 1131108773 1131108773
2271 1131108773 1131108780
348 1131108773 1131108780
7846 1131109368 1131109368
11019 1131109934 1131109941
2193 1131109941 1131109941
1162 1131109368 1131110487
9967 1131111056 1131111056
2492 1131111634 1131111641
7356 1131111641 1131111641
560 1131112208 1131112215
1536 1131112811 1131112818
9968 1131113373 1131113918
10806 1131113932 1131113932
8381 1131113932 1131113932
1584 1131113932 1131113932
6934 1131115681 1131115681
4583 1131116231 1131116231
4560 1131117973 1131117980
10292 1131119689 1131119689
9002 1131120297 1131120325
5310 1131124446 1131124453
7356 1131125053 1131125053
3824 1131131840 1131131840
998 1131131840 1131131840
6165 1131131840 1131131840
8976 1131132968 1131132968
7793 1131133575 1131133575
10025 1131133575 1131133575
5527 1131133575 1131133575
3070 1131134173 1131134173
9199 1131135905 1131135905
1365 1131135912 1131135912
899 1131140555 1131140555
2135 1131142372 1131142372
8976 1131142372 1131142372
4042 1131175491 1131175491
8869 1131176094 1131176094
3847 1131176094 1131176094
1467 1131181872 1131181872
4548 1131181872 1131181879
3069 1131181872 1131181879
10174 1131181879 1131181879
1117 1131183033 1131183033
7446 1131183040 1131183040
9506 1131183585 1131183585
6460 1131184732 1131184732
2041 1131185318 1131185318
6979 1131186437 1131186437
1604 1131186437 1131186437
4439 1131187032 1131187032
6622 1131187032 1131187032
1548 1131187032 1131187032
6645 1131187612 1131187612
1285 1131187612 1131187612
6601 1131187612 1131187626
9722 1131187612 1131187633
2824 1131187619 1131187633
5814 1131187633 1131187633
637 1131188199 1131188199
10884 1131188798 1131188798
1268 1131188798 1131188798
7199 1131190557 1131190564
3933 1131191139 1131191139
10279 1131191704 1131191704
1113 1131191704 1131191704
4054 1131191704 1131191704
2807 1131191704 1131191704
2041 1131191704 1131191704
1287 1131192310 1131192317
98 1131192310 1131192324
2134 1131192310 1131192324
8960 1131192317 1131192331
8120 1131192317 1131192331
1604 1131192317 1131192331
6819 1131192324 1131192331
637 1131192901 1131192901
2394 1131192901 1131192901
195 1131192901 1131192915
8245 1131192901 1131192915
1604 1131193485 1131193492
3061 1131194090 1131194090
1432 1131194097 1131194097
3058 1131194097 1131194097
948 1131194656 1131194656
8361 1131194656 1131194656
1541 1131194656 1131194656
2516 1131194656 1131194656
9588 1131195213 1131195213
10756 1131195794 1131195801
2354 1131196397 1131196397
10136 1131198146 1131198146
6074 1131198696 1131198696
4870 1131199255 1131199255
10279 1131199255 1131199262
749 1131199269 1131199269
7463 1131199276 1131199276
7069 1131199872 1131199872
5710 1131200478 1131200478
2444 1131201032 1131201032
7654 1131202242 1131202242
6462 1131202821 1131202828
4351 1131203421 1131203421
4809 1131203421 1131203435
2529 1131204582 1131204582
9037 1131204582 1131204589
7669 1131204589 1131204596
7587 1131205151 1131205151
9861 1131205151 1131205151
6993 1131205752 1131205752
7313 1131205752 1131205752
539 1131206887 1131206887
6315 1131207440 1131207440
2363 1131208021 1131208028
7923 1131209220 1131209227
9500 1131210417 1131210424
9622 1131210431 1131210431
2188 1131210982 1131210982
8744 1131215070 1131215070
9215 1131215650 1131215650
3005 1131215650 1131215650
5084 1131216246 1131216246
4393 1131216808 1131216808
4548 1131217355 1131217355
3824 1131219107 1131219107
2 1131223244 1131223244
6993 1131223824 1131223831
7637 1131224386 1131224393
5066 1131226127 1131226127
6237 1131227259 1131227259
4157 1131265211 1131265211
6659 1131265793 1131265793
7094 1131266388 1131266395
10260 1131266395 1131266395
8392 1131266995 1131267002
5833 1131267607 1131267607
8770 1131268151 1131268158
5833 1131268718 1131268725
6232 1131269905 1131269905
3710 1131272176 1131272176
3571 1131272176 1131272176
9046 1131272719 1131272719
7609 1131273326 1131273333
4308 1131273333 1131273333
7475 1131273333 1131273333
8770 1131275136 1131275136
8716 1131275742 1131275756
326 1131276880 1131276887
10884 1131278058 1131278072
9024 1131279258 1131279258
9356 1131279852 1131279852
10765 1131281020 1131281020
370 1131282792 1131282806
1155 1131282792 1131282806
10008 1131283399 1131283399
2417 1131283399 1131283399
6311 1131283399 1131283399
6634 1131286819 1131286819
5827 1131289060 1131289060
7393 1131289648 1131289655
5277 1131294220 1131294227
3063 1131295936 1131295936
3731 1131295936 1131295936
6883 1131301084 1131301091
656 1131302235 1131302235
7989 1131302235 1131302235
8770 1131302235 1131302235
3063 1131306760 1131306760
600 1131317666 1131317666
10690 1131340442 1131340442
9632 1131341596 1131341596
7445 1131343909 1131343909
8432 1131344485 1131344485
7251 1131346763 1131346763
3730 1131348465 1131348465
536 1131350203 1131350203
9671 1131350203 1131350210
9510 1131350231 1131350231
10884 1131353137 1131353137
1715 1131353137 1131353137
5457 1131353730 1131353730
6883 1131354288 1131354288
2269 1131355468 1131355482
3275 1131355482 1131355482
753 1131356030 1131356030
7992 1131357188 1131357188
6382 1131358351 1131358351
6872 1131358351 1131358358
9661 1131360092 1131360106
4034 1131360106 1131360106
2351 1131360106 1131360106
8054 1131360106 1131360106
133 1131360702 1131360702
4982 1131361290 1131361290
6561 1131362441 1131362441
3041 1131363031 1131363031
471 1131363031 1131364189
4993 1131364182 1131364773
7954 1131364182 1131364773
8678 1131364773 1131364773
2456 1131367054 1131367061
8549 1131367651 1131367651
10788 1131367651 1131367651
2663 1131368195 1131368195
6883 1131368209 1131368209
5182 1131368811 1131368811
8549 1131368825 1131368825
4511 1131368825 1131368825
85 1131368832 1131368832
6372 1131368825 1131368839
7352 1131370547 1131370547
7713 1131371707 1131371728
6076 1131372941 1131372941
7466 1131374074 1131374074
6812 1131375248 1131375255
4288 1131376428 1131376435
7208 1131377044 1131377044
8683 1131378166 1131378166
7621 1131379836 1131379836
2941 1131381561 1131381561
8978 1131389781 1131389788
4699 1131397874 1131397874
5532 1131398453 1131398453
