10285 1130502780 1130502780
5468 1130502181 1130503369
11063 1130503369 1130503369
376 1130503369 1130503369
4740 1130503951 1130503951
1006 1130503951 1130503951
4720 1130504494 1130504494
5030 1130504494 1130504494
10556 1130505047 1130505047
3357 1130502181 1130505608
2078 1130506161 1130506161
10321 1130506168 1130506168
2179 1130506719 1130507283
3408 1130507283 1130507283
559 1130507857 1130507857
7384 1130508422 1130508429
4001 1130508422 1130508429
5117 1130508429 1130508429
2814 1130509000 1130509000
4223 1130509569 1130509569
6540 1130509569 1130509569
889 1130509569 1130509569
6916 1130509569 1130509569
7578 1130509569 1130509569
4503 1130510157 1130510164
7297 1130510164 1130510164
4189 1130510150 1130510171
9195 1130510171 1130510171
8406 1130510171 1130510171
4029 1130511921 1130511921
9639 1130512543 1130512543
5634 1130512543 1130512550
639 1130513695 1130513695
5244 1130514794 1130514794
1012 1130514794 1130514794
8323 1130514794 1130514794
10852 1130515393 1130515393
2994 1130516550 1130516550
5714 1130516550 1130516550
6763 1130517749 1130517749
1924 1130518918 1130518918
8942 1130519518 1130519518
3357 1130507857 1130520078
6215 1130521259 1130521259
7940 1130522430 1130522430
5811 1130537556 1130537556
4372 1130540401 1130540408
7677 1130542773 1130542773
5283 1130550944 1130550951
6983 1130570648 1130570648
2859 1130571797 1130571804
3357 1130574659 1130574659
6962 1130574659 1130574694
9610 1130575247 1130575247
4189 1130575820 1130575827
7297 1130575820 1130575827
3357 1130574687 1130576410
9765 1130576410 1130576410
4940 1130579291 1130579305
2994 1130579298 1130579305
683 1130579869 1130579869
6557 1130580454 1130580461
4457 1130581036 1130581036
4995 1130581036 1130581036
4913 1130581036 1130581036
9248 1130581036 1130581036
3357 1130578139 1130581625
7401 1130581625 1130581625
9653 1130582189 1130582196
10512 1130583945 1130583945
8615 1130584495 1130584502
6482 1130584495 1130584502
3357 1130582765 1130585616
1802 1130585616 1130585616
10297 1130585616 1130585616
9221 1130585616 1130585616
1734 1130586197 1130586197
7325 1130586758 1130586758
2083 1130587318 1130587318
9221 1130587318 1130587318
2638 1130587318 1130587318
4391 1130587861 1130587861
5737 1130588462 1130588462
5047 1130589046 1130589046
8818 1130589046 1130589046
5594 1130589641 1130589641
3464 1130589641 1130589641
2106 1130589641 1130589641
7997 1130589641 1130589641
2177 1130590231 1130590231
6424 1130590231 1130590231
348 1130590231 1130590238
11055 1130590231 1130590238
3104 1130590238 1130590238
3357 1130586758 1130590816
5440 1130592004 1130592004
4689 1130592004 1130592011
6885 1130592004 1130592011
8468 1130592588 1130592588
6761 1130592588 1130592588
8436 1130592588 1130592588
6842 1130593169 1130593169
5202 1130594312 1130594312
7845 1130594312 1130594312
8277 1130594312 1130594312
10500 1130594855 1130594855
7297 1130594855 1130594862
4189 1130594855 1130594862
8694 1130594862 1130594862
4689 1130594862 1130594862
5440 1130595446 1130595446
6353 1130595446 1130595446
3357 1130592004 1130595995
9650 1130594855 1130595995
8587 1130594855 1130595995
8242 1130595988 1130595995
4019 1130596565 1130596565
6846 1130596565 1130596565
937 1130597712 1130597712
289 1130597712 1130597712
11144 1130597712 1130597712
5217 1130597712 1130597712
5806 1130597712 1130597712
6112 1130598264 1130598264
1580 1130598264 1130598264
6763 1130598264 1130598264
3928 1130599407 1130599407
11006 1130599407 1130599407
3963 1130599407 1130599407
5102 1130599955 1130599962
2079 1130599962 1130599962
8860 1130599962 1130599962
2140 1130599962 1130599962
6479 1130600531 1130600531
6258 1130600531 1130600531
8387 1130600531 1130600531
8602 1130600531 1130600531
5131 1130601118 1130601118
10518 1130601118 1130601118
6920 1130601118 1130601118
5077 1130601118 1130601118
5609 1130601118 1130601706
1643 1130601706 1130601706
11006 1130601706 1130601706
10610 1130601706 1130601706
6841 1130602273 1130602280
2101 1130601706 1130602294
10941 1130602294 1130602294
3858 1130602273 1130602301
2008 1130602280 1130602301
10668 1130602301 1130602301
8501 1130602301 1130602301
319 1130602301 1130602301
6920 1130602862 1130602862
5609 1130602862 1130602869
3241 1130602869 1130602869
5077 1130603475 1130603475
6967 1130604062 1130604062
3357 1130598264 1130604069
3357 1130605217 1130605217
7556 1130605776 1130605776
7282 1130606975 1130606975
1000 1130610471 1130610492
490 1130612220 1130612220
5442 1130615205 1130615205
8486 1130616923 1130616923
7351 1130617519 1130617526
4543 1130619278 1130619278
4718 1130619278 1130619278
6225 1130620459 1130620459
9876 1130620459 1130620466
10749 1130620459 1130620466
9216 1130620459 1130620466
4758 1130622222 1130622222
3937 1130622790 1130622790
3834 1130622797 1130622797
10711 1130623931 1130623931
3567 1130624510 1130624510
5844 1130624510 1130624510
3629 1130624510 1130624510
3583 1130625086 1130625093
3805 1130625706 1130625706
5146 1130625720 1130625720
3805 1130625727 1130625734
7924 1130626947 1130626961
7905 1130630557 1130630557
7052 1130631723 1130631723
1254 1130634575 1130634575
1982 1130658408 1130658408
9982 1130665372 1130665372
1957 1130667676 1130667676
4022 1130667676 1130667697
1957 1130667697 1130667697
6971 1130670013 1130670013
6816 1130670020 1130670020
7270 1130670607 1130670607
1002 1130670614 1130670614
8867 1130671752 1130671752
2038 1130673464 1130673471
6330 1130673471 1130673471
143 1130675203 1130675210
6499 1130675809 1130675809
6257 1130676384 1130676384
4230 1130675809 1130676930
7772 1130676930 1130676930
5278 1130676930 1130676930
300 1130677538 1130677545
5480 1130677538 1130677545
7375 1130679800 1130679807
10322 1130679233 1130679814
3433 1130680377 1130680377
4189 1130680939 1130681518
7297 1130681518 1130681518
4567 1130682076 1130682083
8281 1130682627 1130682634
5155 1130682634 1130682634
3783 1130682627 1130682641
11018 1130682627 1130682641
2022 1130683246 1130683260
7078 1130683260 1130683851
314 1130683851 1130683851
3606 1130684420 1130684420
148 1130684420 1130684420
3112 1130684420 1130684420
10813 1130685026 1130685033
9585 1130685026 1130685033
5593 1130685026 1130685033
3879 1130686797 1130686797
2852 1130686797 1130686797
4088 1130686797 1130686804
7605 1130687945 1130687945
7794 1130687945 1130687945
9210 1130689090 1130689090
7772 1130689683 1130689690
9595 1130689690 1130689690
5218 1130690296 1130690296
9881 1130690881 1130690881
10745 1130690881 1130690895
9099 1130712529 1130712529
2209 1130712536 1130712536
9512 1130720084 1130720091
9862 1130720084 1130720091
7806 1130720084 1130720665
9097 1130721211 1130721211
9703 1130721798 1130721798
9963 1130721798 1130721798
4569 1130745321 1130745321
10877 1130748128 1130748128
3357 1130748128 1130751656
3932 1130753432 1130753432
8756 1130752821 1130755727
1203 1130755720 1130755727
3357 1130752230 1130756857
10854 1130755155 1130756857
3357 1130757994 1130758593
9662 1130759191 1130759191
10587 1130759773 1130759773
2546 1130759773 1130759773
8203 1130760356 1130760356
3357 1130760356 1130760356
9933 1130760356 1130760370
5498 1130760370 1130760370
1794 1130760979 1130760979
5847 1130760972 1130760993
6850 1130760993 1130760993
134 1130761558 1130761558
4417 1130762160 1130762160
8098 1130762160 1130762160
9999 1130762160 1130762160
9674 1130762160 1130762160
7053 1130762764 1130762778
2169 1130762778 1130762778
6246 1130763365 1130763372
7422 1130763365 1130763372
7462 1130764509 1130764509
5853 1130764509 1130764509
8576 1130763955 1130765113
2179 1130764509 1130765113
1392 1130765717 1130765717
3357 1130761537 1130766267
3998 1130766267 1130766267
3869 1130766267 1130766267
1793 1130766267 1130766267
3420 1130766860 1130766860
687 1130766860 1130766860
4955 1130767432 1130767432
7633 1130768577 1130768577
5864 1130770321 1130770321
1281 1130771436 1130771436
10632 1130772614 1130772614
6375 1130772614 1130772614
10735 1130772621 1130772621
4770 1130772628 1130772628
360 1130773171 1130773171
3357 1130773171 1130773171
4386 1130773738 1130773738
6714 1130773738 1130773752
1958 1130774358 1130774358
3352 1130774358 1130774358
4490 1130774938 1130774938
3357 1130774358 1130775488
3372 1130774938 1130775488
3502 1130776092 1130776099
3467 1130776640 1130776640
1600 1130776640 1130776647
4163 1130778345 1130778345
3357 1130776647 1130778943
10025 1130792783 1130792783
1937 1130793884 1130793884
5331 1130794452 1130794459
7772 1130795585 1130795585
9252 1130799636 1130799636
9070 1130799636 1130799643
3357 1130808402 1130808402
3932 1130808402 1130808402
5334 1130809497 1130809497
6127 1130811277 1130811277
4485 1130831670 1130831670
3692 1130832277 1130832277
3933 1130833465 1130833479
5571 1130833486 1130833486
7214 1130834079 1130834079
7771 1130838649 1130838656
6156 1130838649 1130838670
7771 1130839264 1130839264
2859 1130840391 1130840398
8818 1130841020 1130841034
8928 1130841041 1130841041
3059 1130842687 1130842694
3840 1130843866 1130843866
7671 1130843866 1130843887
2982 1130844448 1130844448
4574 1130846796 1130846803
10614 1130846803 1130846803
4632 1130847411 1130847411
9080 1130847404 1130847418
5601 1130847976 1130847976
3485 1130849124 1130849124
5674 1130849124 1130849138
501 1130849138 1130849138
5089 1130850300 1130850300
3451 1130852631 1130852631
5462 1130853804 1130853804
5250 1130854374 1130854374
2156 1130854973 1130854973
2179 1130854973 1130854994
9378 1130856144 1130856151
1118 1130856707 1130856707
2215 1130857857 1130857857
9091 1130857857 1130857864
3481 1130858412 1130858426
2556 1130858426 1130858426
3612 1130858426 1130858426
6377 1130859580 1130859580
8207 1130860732 1130860732
3035 1130861877 1130861877
9026 1130862462 1130862462
8267 1130862462 1130862462
4769 1130863036 1130863043
3404 1130863036 1130863050
2042 1130863591 1130863591
9481 1130863591 1130864197
5701 1130864190 1130864197
3972 1130864791 1130864791
3908 1130865957 1130865957
1152 1130867691 1130867691
1937 1130867705 1130867705
1152 1130868270 1130868270
1992 1130869432 1130869432
3926 1130869997 1130870004
6921 1130878751 1130878751
3644 1130885736 1130885736
3911 1130892061 1130892061
4183 1130917525 1130917525
5571 1130918707 1130918707
3357 1130918707 1130919260
5990 1130919260 1130919260
7843 1130919859 1130919866
9201 1130922230 1130922230
8646 1130921668 1130923358
7365 1130923936 1130924484
2035 1130925050 1130925057
8756 1130925654 1130925654
10381 1130927992 1130927992
7365 1130925057 1130928571
1219 1130928564 1130928571
9700 1130929703 1130929710
1401 1130930259 1130930266
8756 1130930259 1130930837
4998 1130930837 1130930837
4241 1130931390 1130931397
3357 1130921076 1130931404
7365 1130929710 1130932520
5085 1130933107 1130933107
4096 1130933107 1130933114
6163 1130933107 1130933114
5663 1130933696 1130933696
3357 1130933696 1130933710
7365 1130934312 1130934312
6707 1130934910 1130934910
9233 1130935498 1130935498
2624 1130936077 1130936084
592 1130936661 1130936661
2227 1130936661 1130936661
9076 1130937870 1130937870
9920 1130937870 1130937870
1083 1130938422 1130938429
10043 1130939591 1130939591
1487 1130937271 1130940154
6705 1130940154 1130940154
6930 1130941332 1130941332
3807 1130942505 1130942505
4747 1130942505 1130942505
765 1130942505 1130942505
2240 1130942505 1130942505
10743 1130942505 1130943096
6874 1130944231 1130944231
2266 1130945400 1130945400
10043 1130945999 1130945999
4759 1130946583 1130946590
4380 1130946590 1130946590
3888 1130946597 1130946618
10835 1130946611 1130946618
4768 1130947797 1130947797
128 1130948360 1130948360
8250 1130948360 1130948360
3357 1130935491 1130948916
6364 1130949474 1130949474
296 1130950654 1130950654
2268 1130950654 1130950654
3248 1130963795 1130963795
4646 1130963795 1130963795
9069 1130964939 1130964939
1974 1130964939 1130964939
4612 1130964939 1130964939
8828 1130977662 1130977662
9072 1130979999 1130979999
4768 1130999181 1130999181
5571 1131003289 1131003289
3302 1131006755 1131006755
5913 1131009696 1131009703
5821 1131013758 1131013772
9597 1131013779 1131013779
3714 1131014358 1131014358
8447 1131014365 1131014365
9783 1131014908 1131014908
4846 1131016042 1131016049
3367 1131016049 1131016049
3714 1131016622 1131016622
6745 1131017229 1131017243
1787 1131017799 1131017799
11222 1131018380 1131018380
3957 1131018380 1131018380
10016 1131018380 1131018380
9584 1131018972 1131018972
5527 1131019534 1131019534
5821 1131020677 1131020691
7326 1131020691 1131020691
2179 1131021802 1131021802
7353 1131022379 1131022379
9791 1131022379 1131022393
4267 1131022393 1131022393
7353 1131022959 1131022966
9249 1131022966 1131022966
7058 1131024686 1131024686
5562 1131026469 1131026469
7605 1131026469 1131026469
4913 1131026469 1131027071
11026 1131027663 1131027698
2126 1131027684 1131027698
4719 1131028264 1131028264
10495 1131028828 1131028828
9734 1131029437 1131029437
9130 1131029437 1131029437
3798 1131029437 1131029437
2208 1131030003 1131030003
5041 1131030566 1131030573
7044 1131030580 1131030580
144 1131031149 1131031149
3352 1131032299 1131032299
2871 1131032299 1131032299
11026 1131032905 1131032912
2871 1131033497 1131033497
7297 1131035285 1131035285
4311 1131035847 1131035847
7671 1131037625 1131037625
9082 1131038781 1131038781
1075 1131045157 1131045157
8216 1131048691 1131048691
6941 1131053869 1131053869
4063 1131055006 1131055020
9551 1131066610 1131066617
7671 1131085557 1131085557
5168 1131087293 1131087293
3692 1131087293 1131087293
8207 1131088398 1131088398
5737 1131088973 1131088980
8269 1131089530 1131089530
10511 1131092958 1131092958
5799 1131092965 1131092965
5587 1131093526 1131093526
5381 1131094103 1131094103
3675 1131094103 1131094103
599 1131094673 1131094673
10417 1131094680 1131094680
5319 1131096416 1131096416
5661 1131097014 1131097014
8540 1131097568 1131097582
6269 1131098171 1131098178
3593 1131098171 1131098178
2304 1131098785 1131098792
5737 1131099342 1131099349
9739 1131099342 1131099349
5567 1131099349 1131099349
5319 1131099917 1131099924
3267 1131099924 1131099924
6988 1131101656 1131101656
3673 1131102249 1131102249
5199 1131102249 1131102249
7297 1131102249 1131102817
2251 1131102817 1131102817
6382 1131102817 1131102817
2082 1131102817 1131102817
3357 1131088973 1131103365
5129 1131103365 1131103372
2237 1131103365 1131103372
631 1131103981 1131103981
6255 1131103981 1131103981
6855 1131105135 1131105135
5969 1131105142 1131105142
3357 1131104576 1131105149
10051 1131105142 1131105149
4479 1131105135 1131105695
6148 1131105695 1131105695
6156 1131106264 1131106264
5964 1131107416 1131107423
358 1131108019 1131108019
7566 1131108581 1131108581
10520 1131108581 1131108581
6197 1131109126 1131109126
1141 1131109741 1131109755
7702 1131109748 1131109755
8364 1131109741 1131110332
4656 1131110332 1131110332
10037 1131110889 1131110889
4293 1131110889 1131110889
850 1131110889 1131110889
8235 1131111439 1131111439
5254 1131112018 1131112018
3357 1131107416 1131112594
2126 1131112594 1131112594
4583 1131112594 1131112594
7890 1131112594 1131112594
3574 1131113174 1131113174
7088 1131113188 1131113188
4446 1131113750 1131113757
5371 1131114310 1131114317
5276 1131114317 1131114317
6245 1131114869 1131114869
3357 1131114869 1131114869
6442 1131114883 1131114883
2161 1131115512 1131115519
9343 1131115505 1131115533
5381 1131115512 1131115533
2681 1131115533 1131115533
7946 1131115505 1131115540
5562 1131115505 1131115540
4653 1131115533 1131115540
4526 1131116097 1131116104
2984 1131116104 1131116104
3515 1131116693 1131116693
2352 1131116693 1131116693
10016 1131117259 1131117259
3357 1131116097 1131119050
9373 1131119050 1131119050
9905 1131119050 1131119050
5381 1131120261 1131120261
8201 1131120261 1131120261
542 1131120809 1131120809
5820 1131123695 1131123709
5819 1131123695 1131123709
2541 1131126489 1131126489
6165 1131131113 1131131113
4871 1131132847 1131132847
11000 1131135175 1131135175
9066 1131135756 1131135763
7198 1131135763 1131135763
9425 1131138143 1131138150
8968 1131138733 1131138733
5185 1131138733 1131138733
6724 1131138733 1131138733
3357 1131173024 1131175394
1629 1131177695 1131177695
2495 1131180526 1131180526
1003 1131182240 1131182240
6979 1131182240 1131182240
9590 1131182820 1131182827
10048 1131182820 1131182834
7573 1131182841 1131182841
3371 1131183407 1131183407
11021 1131183407 1131183414
10368 1131184006 1131184006
9875 1131184608 1131184608
6194 1131184608 1131184608
9930 1131184608 1131184608
10754 1131185174 1131185174
7671 1131185765 1131185765
8937 1131185772 1131185772
7332 1131186347 1131186347
7065 1131186912 1131186912
2251 1131186912 1131186912
2883 1131187518 1131187518
6475 1131187518 1131187518
9281 1131187518 1131187518
4100 1131187518 1131187518
10810 1131187532 1131187532
3357 1131176538 1131188123
7563 1131188116 1131188123
1637 1131188123 1131188123
2814 1131188693 1131188700
1051 1131188693 1131188700
880 1131189284 1131189284
8806 1131189284 1131189291
5660 1131189291 1131189291
3885 1131189284 1131189305
3455 1131189284 1131189305
5138 1131189864 1131189864
2323 1131190421 1131190421
5835 1131190421 1131190421
9361 1131191002 1131191002
5553 1131191002 1131191009
699 1131191002 1131191009
2925 1131191009 1131191009
5360 1131191605 1131191605
8778 1131191605 1131191605
3260 1131191605 1131191605
2495 1131192204 1131192204
5033 1131192204 1131192204
9186 1131192204 1131192211
4527 1131192204 1131192211
8818 1131192211 1131192211
4890 1131192806 1131192806
9721 1131193354 1131193354
8329 1131193354 1131193354
2578 1131193904 1131193904
374 1131193904 1131193904
8840 1131193904 1131193904
1708 1131192806 1131194477
7198 1131194463 1131194484
8677 1131194470 1131194484
6475 1131194484 1131194484
6554 1131195080 1131195080
4095 1131195080 1131195080
6694 1131195080 1131196240
2085 1131196835 1131196842
2610 1131196835 1131196842
3520 1131196849 1131196849
6694 1131196849 1131196849
3633 1131197450 1131197450
7585 1131197450 1131197450
7141 1131197450 1131197450
9068 1131197450 1131197450
6973 1131198029 1131198029
10910 1131198029 1131198029
3357 1131189864 1131198036
3236 1131198036 1131198036
8504 1131198629 1131198629
9411 1131198629 1131198629
7128 1131198629 1131198629
9546 1131198629 1131198636
9022 1131198629 1131198643
6400 1131198629 1131198643
9024 1131198629 1131198650
1109 1131198636 1131198650
5679 1131196240 1131198657
5226 1131198643 1131198657
4099 1131198657 1131198657
3558 1131199243 1131199243
7297 1131199790 1131199790
105 1131199790 1131199797
4189 1131199797 1131199797
3653 1131199790 1131199804
9313 1131200359 1131200359
5296 1131200960 1131200960
5216 1131200960 1131200960
5672 1131200960 1131200960
3558 1131200960 1131200960
2663 1131200960 1131200960
9954 1131202648 1131202648
2333 1131202648 1131202648
7226 1131203229 1131203229
565 1131203229 1131203236
8666 1131203832 1131203832
3357 1131199243 1131204435
8359 1131204996 1131205003
9311 1131204996 1131205010
8250 1131205003 1131205010
7696 1131205618 1131205618
5292 1131205625 1131205625
7645 1131206797 1131206797
4819 1131207903 1131207903
137 1131211454 1131211454
8513 1131213138 1131213145
1565 1131214885 1131214885
8583 1131214885 1131214899
6447 1131219594 1131219601
3022 1131219594 1131219601
5357 1131219601 1131219601
8421 1131219601 1131219601
5839 1131220150 1131220150
3776 1131224833 1131224833
9190 1131230032 1131230032
4796 1131230619 1131230619
4796 1131231843 1131231843
9025 1131232405 1131232405
9262 1131232405 1131232412
10030 1131234118 1131234118
5622 1131234684 1131234698
7971 1131234691 1131234698
9512 1131235267 1131235267
8667 1131235813 1131235841
5345 1131235820 1131235848
6508 1131235813 1131235855
10381 1131260419 1131260419
5662 1131260419 1131260419
8578 1131265666 1131265666
7082 1131265666 1131265666
3095 1131267927 1131267927
3315 1131267927 1131267927
6721 1131270344 1131270344
2892 1131270950 1131270950
10256 1131270957 1131270957
6330 1131270957 1131270964
1279 1131270964 1131270964
1484 1131271533 1131271540
2892 1131271540 1131271540
10056 1131271540 1131271540
10132 1131273885 1131273885
7940 1131274466 1131274466
7224 1131274466 1131274473
4403 1131277412 1131277412
7198 1131278007 1131278007
3586 1131279167 1131279167
2382 1131279167 1131279174
2126 1131279167 1131279174
3589 1131279174 1131279174
7094 1131279741 1131279741
6807 1131280880 1131280880
2678 1131280887 1131280887
3589 1131280887 1131280887
8527 1131280880 1131281447
8363 1131283164 1131283164
6688 1131283707 1131283707
10467 1131285421 1131285421
7772 1131294020 1131294020
4043 1131341376 1131341376
4189 1131341376 1131341376
3357 1131341971 1131344818
9554 1131345404 1131345404
4189 1131345404 1131345432
11367 1131345432 1131345432
7297 1131345404 1131345439
2558 1131345418 1131345439
3940 1131346009 1131346009
9554 1131345425 1131346573
9554 1131347163 1131347163
7987 1131347163 1131347170
3357 1131346559 1131348345
9554 1131347740 1131348345
2038 1131350093 1131350107
3357 1131350093 1131350135
656 1131351245 1131351245
3357 1131351238 1131352974
5872 1131352974 1131352974
7144 1131354130 1131354130
5872 1131354690 1131354697
3389 1131355910 1131355910
7276 1131356498 1131356505
4292 1131357076 1131357076
3357 1131354690 1131357649
332 1131358239 1131358239
4542 1131358239 1131358239
10721 1131358826 1131358826
7066 1131359390 1131359390
182 1131359981 1131359981
183 1131362262 1131362269
9561 1131362262 1131362269
5914 1131362269 1131362269
10134 1131362859 1131362859
10134 1131364033 1131364033
10581 1131364040 1131364040
2179 1131364019 1131364047
6935 1131364602 1131364602
3328 1131364602 1131364609
11039 1131365755 1131366337
9583 1131366337 1131366337
5233 1131366915 1131366922
4646 1131366915 1131366936
5562 1131366922 1131366936
6987 1131366929 1131366936
6305 1131366929 1131366936
9914 1131366936 1131366936
7160 1131370456 1131370456
4424 1131370456 1131370463
7297 1131370456 1131370463
4189 1131370456 1131370463
2324 1131371650 1131371650
7465 1131372252 1131372252
3032 1131374498 1131374498
6669 1131376790 1131376797
6885 1131377983 1131377983
6857 1131377983 1131377990
7772 1131382620 1131382620
5873 1131383212 1131383212
6168 1131387837 1131387844
6280 1131390169 1131390169
9927 1131390747 1131390747
6461 1131390747 1131390747
7313 1131395971 1131395971
8443 1131397698 1131397698
5404 1131399436 1131399443
2409 1131404648 1131404648
8443 1131404648 1131404648
7297 1131424995 1131424995
4189 1131424995 1131424995
3972 1131426151 1131426151
6669 1131427347 1131427347
2457 1131429588 1131429588
3357 1131429007 1131430738
2517 1131431316 1131431903
9288 1131431903 1131431903
9393 1131432462 1131432462
3357 1131431903 1131433023
5896 1131433579 1131433586
2517 1131433009 1131433593
6191 1131434162 1131434162
2457 1131430738 1131434183
9618 1131434169 1131434183
10121 1131434773 1131434773
4375 1131435388 1131435395
7046 1131435381 1131435956
4895 1131437154 1131437154
3357 1131434773 1131437744
6211 1131439525 1131439525
3357 1131439525 1131439525
4301 1131439525 1131439525
3863 1131439525 1131439532
4641 1131439532 1131439532
7341 1131440118 1131440125
4163 1131440666 1131440666
2236 1131441267 1131441274
3057 1131441819 1131441826
8846 1131442402 1131442409
167 1131442402 1131442409
955 1131442402 1131443014
4096 1131442402 1131443014
5727 1131443598 1131443605
3357 1131440666 1131444212
2711 1131445964 1131445964
3417 1131447105 1131447112
9231 1131447105 1131447119
7479 1131447119 1131447119
3060 1131446524 1131447677
5282 1131448232 1131448232
6710 1131448232 1131449426
6909 1131449419 1131449426
6301 1131449419 1131449426
1963 1131450016 1131450023
6722 1131450016 1131450023
8269 1131451199 1131451220
4189 1131451220 1131451220
291 1131452950 1131452950
3357 1131445399 1131453515
2097 1131453515 1131453515
10864 1131453515 1131453515
7742 1131453515 1131453515
291 1131453515 1131453515
10842 1131455230 1131455230
3357 1131454635 1131459259
3334 1131459259 1131459259
5706 1131463902 1131463902
1152 1131473210 1131473210
7716 1131474372 1131474372
3981 1131474979 1131474979
1552 1131474979 1131474979
9783 1131479575 1131479575
