9353 1130500365 1130500365
6288 1130502043 1130502043
7665 1130507160 1130507160
8720 1130507160 1130507167
1382 1130507753 1130507760
2385 1130510096 1130510096
10479 1130510096 1130510691
2162 1130512955 1130512955
4009 1130513546 1130513546
1618 1130514738 1130514738
9040 1130513546 1130514745
1733 1130515315 1130515315
1733 1130518255 1130518255
611 1130518843 1130518857
1733 1130519412 1130519419
1733 1130520622 1130520622
611 1130520020 1130522385
4292 1130522385 1130522385
7798 1130525275 1130525275
7798 1130526458 1130527022
10707 1130531707 1130531707
4516 1130532266 1130532273
10751 1130532273 1130532273
1591 1130533959 1130533959
1698 1130533966 1130533966
4204 1130534552 1130535146
10192 1130535146 1130535146
3717 1130534552 1130535705
6741 1130534552 1130536270
4516 1130536270 1130536270
4601 1130536814 1130536828
6438 1130536814 1130536828
5206 1130537390 1130537390
5836 1130535698 1130537411
8420 1130537404 1130537411
6438 1130539152 1130539152
7689 1130539159 1130539769
6438 1130539769 1130540352
2385 1130539769 1130540929
7689 1130540936 1130540936
1319 1130541511 1130541511
6438 1130541511 1130541532
446 1130541532 1130541532
2070 1130543273 1130543273
1126 1130571690 1130571690
5691 1130585458 1130585458
3410 1130587227 1130587227
5297 1130586637 1130587812
7545 1130588414 1130588414
9248 1130586637 1130589007
1815 1130590165 1130590165
7798 1130591851 1130591858
7798 1130592991 1130592991
1815 1130592984 1130593561
1372 1130593561 1130593561
4275 1130592991 1130594708
4749 1130595260 1130595260
10472 1130592984 1130595847
3351 1130596403 1130596403
3969 1130599276 1130599276
3351 1130598114 1130599283
6069 1130599290 1130599290
1865 1130595847 1130599297
7918 1130599297 1130599297
8837 1130599865 1130599865
3351 1130600471 1130600471
6069 1130600471 1130601609
9408 1130605176 1130605176
6487 1130610392 1130610399
10418 1130611589 1130611603
10418 1130612194 1130612201
662 1130612781 1130612781
10418 1130613363 1130613919
2385 1130607467 1130614522
4505 1130615664 1130615664
7749 1130616274 1130616274
662 1130616848 1130616848
4505 1130616848 1130616848
3835 1130616848 1130616848
5451 1130613363 1130617455
1460 1130617455 1130617455
5442 1130618040 1130618040
3835 1130618040 1130618040
4597 1130618636 1130618636
1460 1130618636 1130618636
9993 1130619786 1130619793
3835 1130620934 1130620934
9993 1130620934 1130620934
7709 1130619786 1130621506
10792 1130620927 1130621506
3275 1130620927 1130621506
5223 1130620927 1130622089
7709 1130622730 1130622730
2385 1130615671 1130622737
3275 1130623943 1130623943
5852 1130623943 1130623943
292 1130623943 1130623950
3835 1130623950 1130623950
10595 1130623339 1130623964
292 1130625134 1130625134
3835 1130624542 1130625141
5852 1130625148 1130625743
6703 1130625743 1130625743
292 1130625743 1130626340
2385 1130623950 1130626937
140 1130672199 1130672206
2043 1130676229 1130676229
1682 1130675084 1130676796
5545 1130675084 1130676803
1682 1130677373 1130677373
1682 1130679072 1130679072
5545 1130679072 1130679079
8953 1130680242 1130680242
5545 1130680249 1130680249
8304 1130680847 1130680847
5565 1130680847 1130680847
5545 1130681416 1130681416
4877 1130683231 1130683231
8304 1130683793 1130683793
4877 1130684347 1130684347
6186 1130684347 1130684347
3999 1130683793 1130684941
7840 1130685519 1130685519
4983 1130687877 1130687877
7591 1130687877 1130687877
4877 1130687877 1130687877
4877 1130687898 1130687898
1444 1130689059 1130689073
8753 1130690808 1130691374
212 1130691374 1130691374
7393 1130691374 1130691388
1444 1130690808 1130691959
8753 1130691959 1130691959
8845 1130693603 1130695368
2669 1130698852 1130698852
7468 1130698289 1130698859
3509 1130698852 1130698873
7468 1130699447 1130699447
2669 1130699447 1130699454
5706 1130700066 1130700066
6528 1130701846 1130701853
7330 1130704186 1130704186
5232 1130705349 1130705349
5232 1130705370 1130705370
9060 1130706538 1130706538
5706 1130707749 1130707756
8204 1130708378 1130708378
10400 1130708378 1130709532
5706 1130710721 1130710721
3083 1130710721 1130711279
9038 1130711279 1130711279
3616 1130710143 1130711838
1808 1130710721 1130711838
10400 1130710721 1130712448
7064 1130749226 1130749226
7604 1130759156 1130759156
2894 1130763856 1130764428
4388 1130764972 1130765573
8576 1130766139 1130766139
2894 1130765573 1130766146
6720 1130773088 1130773088
9402 1130778728 1130778728
2714 1130781678 1130781678
1838 1130780477 1130782809
7592 1130782809 1130782809
7592 1130784501 1130784501
10752 1130787458 1130788631
3083 1130788058 1130790887
10400 1130789779 1130790887
6805 1130791448 1130791455
6154 1130792581 1130792581
4876 1130793122 1130793122
10012 1130793122 1130793129
10012 1130794295 1130796058
6883 1130792002 1130796632
8678 1130792581 1130796632
6154 1130793705 1130796639
1634 1130797726 1130798329
6883 1130798329 1130798944
8678 1130797726 1130799544
10690 1130828666 1130828666
5912 1130831657 1130833376
5912 1130834497 1130834497
9353 1130842638 1130842638
9946 1130846120 1130849031
7244 1130850198 1130850800
3817 1130849627 1130852586
2162 1130854853 1130855408
2162 1130857728 1130858280
3300 1130858866 1130858866
10574 1130858866 1130860046
2162 1130859458 1130860046
3300 1130860032 1130860046
10574 1130862369 1130862369
3300 1130863544 1130864122
3265 1130862369 1130867000
3084 1130869928 1130869928
2084 1130869928 1130869935
3083 1130869338 1130870494
10818 1130870494 1130871036
2465 1130870494 1130871588
8749 1130870494 1130871602
9486 1130870494 1130871602
8841 1130870494 1130871602
3556 1130871036 1130871602
10818 1130871595 1130871602
1824 1130872206 1130872213
3083 1130872220 1130872220
3265 1130871588 1130872804
8724 1130871588 1130872804
3265 1130873426 1130874012
1336 1130878686 1130878686
2609 1130879884 1130879891
1207 1130879884 1130880445
3300 1130879884 1130882104
1336 1130882111 1130882111
10818 1130882125 1130882125
10574 1130879884 1130882732
2609 1130882732 1130882732
5442 1130883306 1130883306
2609 1130883887 1130883894
2593 1130883894 1130883894
10574 1130883887 1130884449
2609 1130884449 1130884449
3300 1130883306 1130885059
7732 1130938328 1130939501
7732 1130940106 1130940106
2162 1130940092 1130941227
1004 1130941817 1130941817
4477 1130941220 1130942995
2162 1130942396 1130942995
4477 1130943607 1130943607
9270 1130949301 1130949301
3571 1130950469 1130950469
10763 1130951023 1130952151
4366 1130951587 1130952151
4726 1130953861 1130953861
5539 1130953861 1130953861
3083 1130955612 1130955612
1808 1130955612 1130955619
6017 1130956182 1130956182
6017 1130956756 1130956756
304 1130955612 1130957302
304 1130958473 1130958473
9469 1130957866 1130958480
6017 1130958473 1130958480
7446 1130957852 1130959065
2385 1130951587 1130961373
5539 1130961359 1130961394
5500 1130964184 1130964184
4320 1130964184 1130964184
10652 1130963025 1130964757
2385 1130961394 1130964771
10652 1130965329 1130965329
4320 1130965936 1130965936
9647 1130965936 1130965943
10652 1130966539 1130966546
5500 1130966546 1130966560
8640 1130966539 1130967707
10652 1130967121 1130969436
5691 1130976384 1130976384
6191 1131014225 1131014225
2501 1131017125 1131017125
3919 1131018230 1131018230
3358 1131020533 1131021139
3358 1131022864 1131022864
2162 1131024659 1131024680
1334 1131027562 1131027576
2879 1131029288 1131029288
2879 1131029908 1131029908
2162 1131026999 1131030486
2879 1131031097 1131031097
8683 1131036383 1131036969
36 1131040995 1131040995
7520 1131041588 1131041588
4040 1131042153 1131044505
9784 1131044505 1131044505
9294 1131042153 1131045119
3509 1131044505 1131045694
4771 1131044512 1131045694
9784 1131045687 1131046277
4040 1131046277 1131046277
4040 1131047426 1131047426
3421 1131046270 1131047968
9784 1131048555 1131048555
9294 1131046270 1131049105
10574 1131050858 1131050858
6111 1131051420 1131051974
600 1131051995 1131051995
10574 1131051974 1131052002
3669 1131051988 1131052002
10574 1131052023 1131052023
11377 1131052023 1131052023
3669 1131053197 1131053204
5805 1131050844 1131053211
11058 1131095788 1131095788
10337 1131100361 1131100361
11209 1131106129 1131106129
7816 1131106129 1131106129
10666 1131108435 1131108435
1984 1131108435 1131108435
7123 1131108435 1131108435
7077 1131108435 1131109014
2245 1131110739 1131110739
2162 1131110753 1131110753
10574 1131111313 1131111313
2162 1131111872 1131111893
10574 1131111893 1131111893
10574 1131114262 1131114262
10631 1131116650 1131118412
10631 1131120121 1131120698
5729 1131121817 1131121817
5109 1131124044 1131124624
4982 1131124624 1131124624
11392 1131124624 1131124624
4398 1131125165 1131125165
7289 1131125172 1131125172
4367 1131126363 1131126363
5568 1131128116 1131128116
6883 1131128712 1131129272
9581 1131129850 1131129850
8384 1131135139 1131135139
6458 1131135139 1131135153
4350 1131135146 1131135153
4104 1131135153 1131135153
11038 1131136884 1131136884
3742 1131133359 1131137443
6737 1131136884 1131137443
1511 1131137443 1131137443
7352 1131137443 1131137443
2417 1131136884 1131138583
10829 1131138021 1131138583
3742 1131138590 1131139738
4670 1131138590 1131139738
2417 1131139731 1131139738
975 1131147894 1131147894
8422 1131179837 1131179837
7320 1131184514 1131184521
2041 1131185696 1131185696
1728 1131187998 1131189200
6781 1131189802 1131189802
354 1131189802 1131189802
1025 1131189200 1131190900
5678 1131190900 1131191480
1950 1131191466 1131191480
4670 1131190350 1131192076
4717 1131192682 1131193831
305 1131193236 1131193831
6659 1131193236 1131193838
2966 1131193236 1131193845
2890 1131193845 1131193845
305 1131193852 1131193852
4717 1131193852 1131193852
5678 1131194446 1131194446
10751 1131196239 1131196239
4717 1131197355 1131197355
4284 1131200225 1131200232
8883 1131201431 1131201431
1871 1131201992 1131201999
2261 1131201992 1131202006
5962 1131202635 1131203186
1871 1131202628 1131203793
9861 1131202628 1131204344
5962 1131204344 1131204899
6077 1131202614 1131206070
9477 1131206661 1131207854
6883 1131206661 1131207854
4398 1131208450 1131209559
7546 1131208450 1131209559
9190 1131208450 1131210148
4665 1131206661 1131210719
4881 1131208450 1131210719
10804 1131210719 1131210719
8962 1131211881 1131211895
1279 1131213045 1131213059
4679 1131213045 1131213066
2972 1131213052 1131213066
6564 1131213650 1131213650
3754 1131213650 1131213650
6423 1131213650 1131214258
9548 1131213650 1131214265
1279 1131214258 1131214265
5180 1131214265 1131214265
7536 1131214265 1131214265
74 1131214265 1131214265
4756 1131213045 1131214846
10531 1131213066 1131214846
8244 1131214846 1131214846
5491 1131214258 1131215448
5191 1131214258 1131215448
4969 1131215448 1131215448
4118 1131216035 1131216597
1062 1131214846 1131217146
516 1131217751 1131217751
6786 1131216590 1131218331
1063 1131216590 1131218331
8125 1131219456 1131219456
3520 1131218331 1131219463
10531 1131219463 1131219463
4872 1131219463 1131219463
516 1131220042 1131220049
1015 1131220042 1131220049
2339 1131216028 1131220056
6678 1131219456 1131220056
2972 1131219463 1131220645
4016 1131221214 1131221221
5491 1131216590 1131222965
4016 1131222965 1131222965
4016 1131224164 1131224164
9367 1131224758 1131224758
7094 1131266735 1131266735
8701 1131267946 1131267946
2442 1131268536 1131268536
1071 1131272620 1131272620
908 1131272620 1131273224
8445 1131273224 1131273224
9908 1131276163 1131276163
6811 1131277876 1131277883
4075 1131277883 1131277883
4075 1131280160 1131280160
6811 1131280160 1131280160
2458 1131281257 1131281257
680 1131281250 1131282984
10607 1131281250 1131282984
6811 1131281859 1131283563
7394 1131284723 1131284723
3710 1131285836 1131286431
8114 1131290471 1131291598
7260 1131291591 1131291598
6691 1131294991 1131294991
476 1131294439 1131295535
1950 1131294991 1131295535
890 1131294991 1131295535
5482 1131295535 1131295535
5600 1131296102 1131296102
6034 1131296102 1131296102
7841 1131296668 1131296668
6034 1131297264 1131297264
6691 1131297264 1131298412
1950 1131298412 1131298412
6034 1131298964 1131299580
6034 1131302524 1131302524
5600 1131302524 1131302524
1148 1131301919 1131303072
6034 1131304249 1131304249
10690 1131339565 1131339565
6358 1131343005 1131343005
3911 1131347124 1131347124
1857 1131363333 1131363333
1857 1131363925 1131364539
2058 1131364539 1131366278
6567 1131374986 1131374986
6567 1131377321 1131377321
9316 1131379058 1131379058
2887 1131379616 1131379616
