535 1130505317 1130506488
10181 1130506488 1130506488
10404 1130507031 1130507031
242 1130508698 1130508705
8357 1130510394 1130510394
587 1130512680 1130512708
3004 1130513294 1130513301
6302 1130517930 1130517930
1062 1130519692 1130519692
6268 1130519692 1130519699
9828 1130519692 1130519706
255 1130520279 1130520286
89 1130520279 1130520286
5426 1130522062 1130522062
6285 1130522615 1130522615
798 1130504718 1130526163
129 1130529046 1130529046
430 1130529646 1130529646
8075 1130529646 1130530240
4516 1130530240 1130530816
5194 1130530816 1130530816
8075 1130531992 1130532006
6459 1130532556 1130532563
6281 1130536056 1130536056
8075 1130533148 1130536063
7677 1130536063 1130536063
6595 1130540093 1130540093
8075 1130537248 1130540687
58 1130541246 1130541246
3 1130541246 1130541246
10845 1130543552 1130543552
798 1130527336 1130544121
10690 1130569742 1130569742
3528 1130574884 1130574898
7843 1130575468 1130575468
7574 1130577784 1130577784
3902 1130578947 1130578947
1697 1130578947 1130578947
1698 1130580078 1130580078
7204 1130582406 1130582406
4501 1130582406 1130582406
1843 1130582991 1130583005
10419 1130582991 1130583012
10013 1130583012 1130583012
3100 1130584162 1130584162
10845 1130585309 1130585309
6489 1130587032 1130587039
7559 1130587592 1130587592
154 1130588153 1130588153
2433 1130588153 1130588153
2842 1130588734 1130588734
8307 1130589288 1130589295
10858 1130589288 1130589295
2553 1130589855 1130589855
10309 1130589855 1130589855
2106 1130590398 1130590398
3606 1130591583 1130591583
9246 1130591583 1130591583
10373 1130591583 1130591583
6762 1130592178 1130592178
8195 1130592178 1130592178
3464 1130593353 1130593353
508 1130594541 1130594541
2968 1130595125 1130595125
6590 1130595125 1130595125
10151 1130597983 1130597983
6260 1130598525 1130598525
6775 1130599102 1130599102
1547 1130600249 1130600249
4357 1130601388 1130601388
6981 1130601388 1130601388
5891 1130601388 1130601388
4207 1130601944 1130601944
4353 1130601944 1130601944
6102 1130601944 1130601944
2027 1130603655 1130603655
3278 1130604243 1130604243
10560 1130605399 1130605399
6479 1130607150 1130607150
4227 1130607747 1130607754
9223 1130608914 1130608914
9020 1130610717 1130610717
4602 1130613008 1130613029
3412 1130614750 1130614750
10701 1130614757 1130615337
10701 1130615933 1130615933
798 1130572589 1130615940
7784 1130616542 1130616549
5874 1130617158 1130617158
2503 1130618904 1130618904
2503 1130620650 1130620650
7122 1130621212 1130621212
10814 1130623581 1130623581
5236 1130623581 1130624177
7043 1130630682 1130630682
3664 1130663833 1130663833
255 1130667365 1130667365
9164 1130667365 1130667365
3086 1130670220 1130670220
8117 1130670785 1130670785
2835 1130671372 1130671372
4681 1130671372 1130671372
5611 1130672557 1130672557
4200 1130673151 1130673151
4119 1130673151 1130673151
1069 1130673165 1130673165
2675 1130673717 1130673717
7354 1130673717 1130673717
1256 1130674289 1130674289
1069 1130675436 1130676001
1069 1130677143 1130677143
4681 1130677143 1130677143
222 1130677740 1130677754
6925 1130679467 1130679467
564 1130677143 1130680075
6535 1130680075 1130680082
736 1130680082 1130680082
564 1130680632 1130680632
195 1130681214 1130681214
2616 1130681214 1130681214
3824 1130681770 1130682344
6165 1130681770 1130682351
196 1130681770 1130682351
564 1130683476 1130683476
6854 1130684620 1130684620
2770 1130684620 1130684620
11099 1130684613 1130685171
11012 1130686388 1130686388
3443 1130687563 1130687563
10743 1130688172 1130688172
2044 1130688779 1130688779
1546 1130687563 1130689334
8927 1130689334 1130689341
1962 1130689888 1130689888
319 1130690482 1130690482
1546 1130690482 1130692220
4807 1130696349 1130696349
798 1130666768 1130712678
10690 1130744433 1130744433
6613 1130757692 1130757699
7355 1130758257 1130758264
6855 1130760531 1130760531
8283 1130761728 1130761728
7819 1130762310 1130762310
10523 1130762893 1130762893
10845 1130762907 1130762907
1834 1130762907 1130762907
1382 1130763509 1130763516
8632 1130763509 1130763530
4113 1130764081 1130764081
4123 1130764081 1130764088
9592 1130764088 1130764095
80 1130765301 1130765315
2059 1130765315 1130765315
8207 1130767046 1130767046
594 1130767046 1130767046
6075 1130767046 1130767046
2325 1130767046 1130767046
3749 1130767650 1130767650
5663 1130770513 1130770520
8393 1130770520 1130770520
2026 1130771114 1130771114
10730 1130772858 1130772858
2321 1130773419 1130773419
10983 1130775151 1130775165
7499 1130775708 1130775708
5430 1130779177 1130779177
2411 1130779177 1130779177
3915 1130779177 1130779177
9967 1130779776 1130779776
7435 1130783725 1130783725
4344 1130783725 1130783725
798 1130746167 1130788350
8427 1130791214 1130791214
1802 1130791214 1130791214
1976 1130791808 1130791808
3207 1130796421 1130796428
7948 1130796989 1130796989
10690 1130829456 1130829456
3207 1130830056 1130830056
801 1130833627 1130833627
802 1130833627 1130833627
804 1130834207 1130834207
800 1130836002 1130836002
3207 1130841193 1130841193
3207 1130841214 1130842354
10373 1130842354 1130842354
3388 1130843543 1130843543
3388 1130843571 1130843578
3207 1130843543 1130844128
910 1130845224 1130845224
742 1130845224 1130845238
3207 1130845238 1130845245
910 1130845245 1130845245
3207 1130846417 1130846417
910 1130846417 1130846417
910 1130848200 1130848200
4705 1130848200 1130848200
3207 1130848770 1130848770
3207 1130849340 1130849340
4530 1130849948 1130849948
4485 1130849941 1130849955
3207 1130849941 1130849955
1413 1130849955 1130850513
6172 1130850513 1130850513
10845 1130850513 1130850513
7344 1130851661 1130851668
3806 1130851675 1130851675
4240 1130852253 1130852253
9384 1130853965 1130853972
3207 1130852837 1130854572
1413 1130855168 1130855168
1831 1130855168 1130855168
7394 1130856341 1130856911
9904 1130859244 1130859244
6440 1130863821 1130863821
3083 1130864999 1130864999
3948 1130865573 1130865573
7129 1130865580 1130865580
4798 1130866727 1130866727
1030 1130867321 1130867321
10127 1130867896 1130867896
9376 1130868494 1130868494
8649 1130870807 1130870807
4798 1130872534 1130872541
3764 1130873092 1130873092
3221 1130874879 1130874879
3207 1130874879 1130874886
11212 1130874886 1130874886
715 1130875469 1130875469
721 1130875469 1130875476
2897 1130875469 1130875476
5139 1130876577 1130876577
3207 1130877129 1130877129
5215 1130878345 1130878345
3207 1130877754 1130878953
5139 1130878953 1130878960
7603 1130883628 1130883628
3207 1130883628 1130886529
3207 1130887659 1130887659
3207 1130888854 1130889442
9264 1130889442 1130889449
798 1130833059 1130889990
2884 1130897405 1130897405
8010 1130917700 1130917700
3207 1130921244 1130921244
798 1130919477 1130923004
3207 1130923613 1130924205
2583 1130925308 1130925308
6551 1130927021 1130927028
6147 1130927028 1130927028
3207 1130927021 1130927587
3207 1130928747 1130928754
8565 1130931101 1130931108
9375 1130934513 1130934513
10093 1130936849 1130936849
799 1130937447 1130937447
9375 1130938607 1130938614
3550 1130939198 1130939198
3207 1130936247 1130940959
3601 1130940959 1130940966
2237 1130942691 1130942691
1777 1130943285 1130943285
3207 1130945633 1130945640
798 1130924205 1130945647
2369 1130946761 1130946761
3207 1130947944 1130948536
6358 1130948536 1130948536
3915 1130949120 1130949120
7313 1130949120 1130949134
7313 1130949155 1130949155
7818 1130949720 1130949720
1287 1130949720 1130949720
3207 1130950313 1130950313
6976 1130949720 1130950320
9270 1130950313 1130950334
798 1130946768 1130951446
2110 1130958268 1130958268
6976 1130959402 1130959402
7091 1130960546 1130960546
6976 1130961723 1130961744
7394 1130962297 1130962297
3911 1130964014 1130964021
3207 1130971477 1130972087
798 1130952011 1130974390
9146 1130994708 1130995282
9146 1130996436 1130996443
6443 1130998227 1130998227
6443 1130999376 1131000532
9146 1131001105 1131001105
6443 1131001718 1131003466
9146 1131005826 1131005826
328 1131011676 1131011676
6131 1131012808 1131012808
7697 1131013395 1131013395
5436 1131014019 1131014019
3207 1131012808 1131015154
1103 1131015753 1131015753
1382 1131018579 1131018579
6428 1131018579 1131019159
3207 1131018579 1131019773
9047 1131019766 1131019780
10892 1131019766 1131019780
1452 1131020343 1131020343
3207 1131020343 1131020343
6710 1131020343 1131020343
5254 1131021509 1131021516
3207 1131022071 1131022666
2789 1131023214 1131023221
9530 1131023214 1131023228
3366 1131023778 1131023778
2770 1131024339 1131024339
4364 1131025496 1131025496
9530 1131026680 1131026680
3207 1131026074 1131028398
4394 1131029006 1131029006
4779 1131028398 1131029608
3207 1131030200 1131030214
7819 1131030221 1131030221
9164 1131030801 1131030801
2059 1131031365 1131031372
3207 1131030235 1131031974
9164 1131032540 1131032540
10743 1131033103 1131033103
3207 1131033679 1131034261
10743 1131034261 1131034261
10743 1131036631 1131036638
1859 1131037822 1131037822
10743 1131038991 1131038991
803 1131038991 1131038991
8503 1131040162 1131040162
6941 1131041924 1131041924
15 1131041924 1131041924
5429 1131046529 1131046529
8348 1131047715 1131047715
798 1131003466 1131053509
3207 1131055232 1131055232
6913 1131084664 1131085225
10690 1131085218 1131085225
11203 1131089830 1131089830
8010 1131090942 1131090942
3207 1131090383 1131091517
5430 1131093794 1131093794
9903 1131096070 1131096077
1695 1131096640 1131096640
5327 1131098352 1131098352
3207 1131095495 1131098953
9490 1131100105 1131100119
3207 1131101322 1131101879
5430 1131102447 1131102447
3207 1131102454 1131102454
2808 1131102454 1131102461
3263 1131104786 1131104786
3263 1131106511 1131106525
4210 1131107113 1131107113
5308 1131109379 1131109379
3207 1131109379 1131109379
8978 1131109960 1131109960
4498 1131111663 1131111677
4364 1131112869 1131112869
10743 1131113976 1131113976
9133 1131114555 1131114555
3539 1131115718 1131115718
4607 1131116280 1131116854
10743 1131118049 1131118049
4195 1131118063 1131118063
10743 1131118070 1131118070
7140 1131118042 1131118077
4809 1131118634 1131118634
798 1131088659 1131119796
3207 1131115131 1131119803
3207 1131121587 1131122798
3405 1131123346 1131123346
1491 1131124529 1131124529
6372 1131125077 1131125077
6372 1131126239 1131127358
3833 1131127905 1131128456
11376 1131129585 1131129585
10109 1131129592 1131129592
3833 1131130165 1131130165
2472 1131130165 1131130165
3237 1131130165 1131130165
3859 1131130165 1131130165
3235 1131130165 1131130165
10096 1131130165 1131130165
11388 1131130706 1131130706
5399 1131130706 1131130706
3207 1131125077 1131131320
9178 1131136563 1131136563
8213 1131137719 1131137719
9499 1131139502 1131139509
798 1131120411 1131142984
798 1131144131 1131146473
10690 1131169184 1131169184
3109 1131175561 1131175575
2919 1131176160 1131176160
9550 1131177324 1131177331
6911 1131179075 1131179075
3207 1131179617 1131179624
9318 1131179617 1131179624
94 1131183624 1131183624
7244 1131184182 1131184182
10314 1131184182 1131184182
6572 1131185357 1131185378
8479 1131185944 1131185944
7437 1131185944 1131185944
2552 1131186543 1131186543
4302 1131186543 1131186543
9656 1131187711 1131187711
1285 1131188309 1131188309
4652 1131188884 1131188884
3207 1131187711 1131189449
11002 1131189449 1131189449
4485 1131190055 1131190062
798 1131183063 1131190069
2918 1131190646 1131190646
7965 1131190646 1131190646
9270 1131191237 1131191237
6132 1131191821 1131191821
2616 1131191821 1131191821
2616 1131191842 1131191842
5164 1131191842 1131191842
9354 1131191842 1131191842
1557 1131192401 1131192401
5490 1131192401 1131192401
10743 1131193539 1131193539
3207 1131190646 1131193546
6867 1131193539 1131193546
3915 1131194142 1131194142
9722 1131194142 1131194142
6971 1131194741 1131194748
1745 1131194748 1131194748
8224 1131195343 1131195350
1541 1131195891 1131195891
948 1131195891 1131195891
5320 1131196441 1131196441
8088 1131196441 1131196441
1249 1131197007 1131197007
3260 1131196441 1131197021
7877 1131197000 1131197021
7284 1131197021 1131197021
11101 1131197617 1131197617
6349 1131198777 1131198777
7076 1131198777 1131198777
3207 1131194748 1131199393
10743 1131199372 1131199393
8703 1131199393 1131199393
9294 1131200566 1131200573
3566 1131201166 1131201187
4525 1131201166 1131201194
2274 1131201780 1131201780
10196 1131202327 1131202341
5289 1131202896 1131202896
4485 1131202896 1131203497
4053 1131203497 1131203497
10439 1131203497 1131204073
9831 1131204080 1131204080
8641 1131204632 1131204632
5139 1131207533 1131207547
93 1131207533 1131207547
6800 1131208155 1131208162
6800 1131208727 1131208734
5838 1131209334 1131209334
6198 1131209885 1131209885
8617 1131209885 1131209885
3207 1131201166 1131214553
10743 1131215675 1131215675
7394 1131215100 1131215682
3207 1131215682 1131216253
9779 1131216253 1131216260
9152 1131216253 1131216260
4294 1131221569 1131221576
3207 1131217422 1131223872
2724 1131225590 1131225590
3207 1131225583 1131230841
3207 1131233774 1131233788
3207 1131263538 1131264140
3529 1131264740 1131264740
3065 1131269334 1131269341
8106 1131269334 1131269341
10884 1131269921 1131269921
7355 1131271078 1131271078
7714 1131273494 1131273494
7851 1131273487 1131273501
987 1131274625 1131274625
6094 1131275227 1131275227
231 1131275803 1131275803
706 1131276989 1131277010
1431 1131278161 1131278161
3207 1131275803 1131280544
4257 1131284564 1131284564
3264 1131285107 1131285107
3207 1131281711 1131291377
3207 1131291965 1131296557
5014 1131297686 1131297686
5704 1131298829 1131298829
798 1131190653 1131313776
7989 1131319985 1131319985
3207 1131310366 1131322879
2118 1131346777 1131346784
8879 1131347948 1131347976
6446 1131349096 1131349103
7856 1131350277 1131350277
7989 1131350882 1131350882
7728 1131354351 1131354351
2995 1131354933 1131354933
7992 1131357241 1131357241
3207 1131347355 1131357830
3098 1131359035 1131359042
1413 1131359613 1131359613
7781 1131360776 1131360776
6270 1131360776 1131360776
7406 1131361927 1131361934
3207 1131357851 1131363086
8678 1131363633 1131363633
8207 1131364194 1131364194
11019 1131365396 1131365396
9159 1131365940 1131365954
7466 1131366563 1131366570
4359 1131368874 1131368874
3361 1131368874 1131368874
7590 1131369452 1131369452
10289 1131369452 1131369466
4359 1131369473 1131369473
6571 1131370080 1131370080
9861 1131370686 1131370693
798 1131343365 1131373579
1035 1131374173 1131374173
3207 1131365940 1131376462
3147 1131378757 1131378757
5139 1131379299 1131379306
5139 1131379327 1131379334
6372 1131379920 1131380520
76 1131380520 1131380520
6372 1131381714 1131383431
9002 1131386952 1131386952
5221 1131388640 1131388640
10523 1131388640 1131388640
3207 1131378172 1131392082
5879 1131392103 1131392103
7818 1131392103 1131392103
798 1131374187 1131393871
10662 1131395065 1131395065
11404 1131421161 1131421161
550 1131421168 1131421168
380 1131421768 1131421768
10690 1131425194 1131425194
7228 1131429279 1131429279
260 1131432132 1131432132
1589 1131432132 1131432132
8141 1131432704 1131432704
5919 1131437310 1131437310
10290 1131439076 1131439083
138 1131439076 1131439083
2023 1131439691 1131439691
3207 1131392103 1131441462
2772 1131440855 1131441462
7974 1131441462 1131441462
955 1131442062 1131442069
1325 1131442662 1131442662
2772 1131443203 1131443203
7399 1131443804 1131443804
1435 1131443804 1131443811
9344 1131443804 1131443811
6093 1131444356 1131444363
2415 1131444356 1131444363
564 1131443804 1131444946
7399 1131444939 1131444946
10871 1131444939 1131444946
10699 1131445551 1131445551
6397 1131446135 1131446135
2023 1131444939 1131446142
9660 1131447336 1131447343
7713 1131448501 1131448501
6807 1131449061 1131449061
6855 1131451351 1131451351
3147 1131452560 1131452560
1382 1131454919 1131454919
8999 1131456619 1131456626
5178 1131458329 1131458336
5178 1131459474 1131459488
3207 1131442655 1131460064
5178 1131460064 1131460064
7806 1131460071 1131460071
5715 1131460071 1131460071
3207 1131461224 1131461245
798 1131428688 1131461789
