7323 1130501465 1130501465
8103 1130501465 1130501472
7791 1130501472 1130501479
367 1130502064 1130502064
6157 1130502064 1130502064
9136 1130502064 1130502653
8695 1130503235 1130503235
6236 1130505445 1130505452
904 1130506003 1130506003
8900 1130506003 1130506003
4484 1130506560 1130506560
4045 1130506560 1130506567
1610 1130507141 1130507141
2276 1130507141 1130507141
8821 1130507699 1130507699
189 1130507699 1130507699
4543 1130507699 1130507713
4456 1130507713 1130507713
1966 1130508284 1130508284
6913 1130509427 1130509441
620 1130509448 1130509448
2146 1130509434 1130509455
7638 1130509455 1130509455
4229 1130510629 1130510629
4718 1130511820 1130511834
9860 1130512979 1130512979
4686 1130514677 1130514677
2741 1130514677 1130514677
4544 1130514677 1130514677
2192 1130515834 1130515834
977 1130517026 1130517033
1924 1130518802 1130518802
10871 1130518809 1130519362
5501 1130519362 1130519362
1924 1130519936 1130519936
8978 1130520543 1130520543
2509 1130520543 1130520543
5154 1130520543 1130520543
6064 1130526393 1130526393
7654 1130542050 1130542050
10582 1130543813 1130543820
5766 1130568194 1130568194
6644 1130575104 1130575118
97 1130575118 1130575118
5747 1130576242 1130576242
4940 1130579153 1130579153
10535 1130579738 1130579738
10535 1130579759 1130579759
4940 1130580909 1130580909
2508 1130583779 1130583786
6070 1130584339 1130584339
7277 1130584900 1130584900
6092 1130585481 1130585481
1135 1130585481 1130585481
9658 1130586035 1130586035
9341 1130586035 1130586035
3774 1130586035 1130586042
5393 1130586042 1130586042
6412 1130588330 1130588330
7335 1130588925 1130588925
2730 1130588925 1130588925
2719 1130588925 1130588925
7186 1130589515 1130589515
9652 1130590688 1130590688
5234 1130591295 1130591295
226 1130591295 1130591295
64 1130591872 1130591872
92 1130593022 1130593022
10650 1130593022 1130593022
2842 1130593596 1130593596
11103 1130593596 1130593596
657 1130593596 1130593596
7422 1130594139 1130594139
542 1130596996 1130596996
8091 1130596996 1130596996
4455 1130598691 1130598691
2263 1130598691 1130598691
6744 1130598691 1130598691
7471 1130599246 1130599246
6920 1130600990 1130600990
2387 1130600990 1130600990
3281 1130600990 1130600990
6158 1130601557 1130601564
10894 1130601564 1130601564
6877 1130601564 1130601564
8832 1130602146 1130602146
1215 1130602146 1130602146
11070 1130602146 1130602146
4737 1130602146 1130602146
1943 1130602153 1130602153
6327 1130601557 1130602759
6203 1130602759 1130602759
9545 1130602759 1130602759
6333 1130602759 1130602759
4737 1130603897 1130603897
7950 1130605661 1130605661
11018 1130614489 1130614489
11015 1130637929 1130637929
6816 1130669891 1130669905
7276 1130673338 1130673338
4907 1130673338 1130673338
3026 1130673890 1130673890
4605 1130674487 1130674487
980 1130674487 1130674501
8731 1130675093 1130675093
8833 1130676214 1130676214
4491 1130676214 1130676214
8886 1130678517 1130678517
4681 1130679091 1130679091
8686 1130680223 1130680223
9007 1130680223 1130680223
10863 1130680802 1130680802
6257 1130681367 1130681367
8833 1130681911 1130681911
3861 1130686635 1130686635
7168 1130687807 1130687807
7277 1130687807 1130687807
6008 1130689580 1130689587
4480 1130690186 1130690186
4190 1130691354 1130691354
20 1130698804 1130698804
7261 1130707057 1130707064
2639 1130714729 1130714736
6358 1130745722 1130745722
7434 1130748596 1130748596
199 1130750926 1130750940
1255 1130752716 1130752716
6368 1130754439 1130754446
6629 1130754446 1130754446
7719 1130755011 1130755011
6730 1130757278 1130757278
11014 1130758475 1130758475
5118 1130760821 1130760828
725 1130761444 1130761444
10424 1130762656 1130762656
8808 1130763793 1130763793
11090 1130766144 1130766144
5903 1130767260 1130767267
8439 1130767861 1130767861
1993 1130769030 1130769030
3271 1130769030 1130769030
1118 1130769030 1130769030
2466 1130771898 1130771898
5321 1130771898 1130771898
10735 1130773642 1130773642
4770 1130773642 1130773642
8853 1130776523 1130776523
6354 1130776523 1130776523
4462 1130777081 1130777081
1255 1130778792 1130778792
7393 1130779354 1130779354
6375 1130796583 1130796583
11211 1130818709 1130818709
426 1130819273 1130819273
5747 1130834508 1130834508
6792 1130835090 1130835090
4255 1130837947 1130837954
8586 1130839101 1130839101
3862 1130844322 1130844322
10301 1130845517 1130845517
10129 1130846688 1130846688
9358 1130848993 1130848993
9356 1130848993 1130849000
390 1130849000 1130849000
5494 1130849000 1130849000
9161 1130849584 1130849584
2478 1130851915 1130851915
4668 1130853088 1130853088
5601 1130854264 1130854278
8446 1130855428 1130855435
2556 1130857148 1130857148
3352 1130857689 1130857703
5704 1130858298 1130858298
6681 1130858864 1130858864
6275 1130860568 1130860568
7933 1130860568 1130860568
2288 1130861154 1130861154
4400 1130865241 1130865241
3892 1130866961 1130866961
3805 1130885020 1130885020
1470 1130920360 1130920360
7229 1130920360 1130920360
8820 1130923220 1130923220
7823 1130923220 1130923220
11030 1130927848 1130927848
9992 1130931260 1130931260
9325 1130931260 1130931260
4410 1130932980 1130932987
10405 1130933596 1130933596
7353 1130934194 1130934201
5684 1130934194 1130934201
6654 1130934201 1130934201
1219 1130934775 1130934782
8647 1130935354 1130935354
7428 1130935354 1130935368
5397 1130935945 1130935945
8647 1130935945 1130935945
2987 1130935945 1130935945
6929 1130937154 1130937154
6840 1130938318 1130938318
3807 1130941219 1130941219
2526 1130942380 1130942387
1939 1130942947 1130942947
1725 1130943508 1130943515
9325 1130944112 1130944112
4816 1130945881 1130945881
7952 1130945888 1130945895
4010 1130945895 1130945895
6895 1130945895 1130945902
5691 1130945902 1130945902
2194 1130945902 1130945902
9797 1130947060 1130947060
4454 1130947644 1130947644
6180 1130947644 1130947644
688 1130948200 1130948200
384 1130953875 1130953875
9692 1130954432 1130954432
6751 1130966486 1130966486
3622 1131000821 1131000828
8269 1131001441 1131001448
1402 1131008402 1131008409
2048 1131010745 1131010745
2372 1131015906 1131015906
1925 1131015906 1131015906
5070 1131016513 1131016513
5747 1131016527 1131016527
3939 1131018818 1131018818
4147 1131019413 1131019413
10147 1131019413 1131019413
8311 1131020518 1131020518
9071 1131021670 1131021677
6885 1131025145 1131025152
5562 1131025753 1131025753
5233 1131026355 1131026355
9033 1131026961 1131026961
9033 1131026982 1131026982
2126 1131026982 1131026982
11026 1131028112 1131028112
7634 1131028112 1131028119
3352 1131028112 1131028119
6245 1131029850 1131029850
5588 1131029850 1131029857
9663 1131029864 1131029864
258 1131030433 1131030433
330 1131032189 1131032189
2323 1131033378 1131033378
4584 1131033385 1131033385
1255 1131033983 1131033983
4419 1131036909 1131036916
834 1131039837 1131039837
501 1131045044 1131045044
8175 1131065894 1131065894
1662 1131084272 1131084279
7598 1131091661 1131091661
8226 1131095099 1131095099
9875 1131096298 1131096298
6316 1131096852 1131096866
11127 1131098069 1131098069
10740 1131098069 1131098069
4541 1131099775 1131099775
9462 1131100348 1131100348
4528 1131100348 1131100348
9038 1131101533 1131101533
3650 1131102101 1131102101
2830 1131104979 1131104979
11089 1131106126 1131106133
3773 1131106707 1131106707
1442 1131107303 1131107310
4153 1131107865 1131107865
9944 1131107865 1131107865
1939 1131108417 1131108417
6759 1131108417 1131108417
4928 1131108410 1131108424
186 1131109025 1131109032
5405 1131108417 1131109039
5385 1131109032 1131109039
1874 1131109616 1131109616
5443 1131110723 1131110723
11101 1131111302 1131111302
9933 1131114789 1131114796
597 1131114803 1131114803
199 1131118938 1131118952
7379 1131122993 1131122993
7584 1131134452 1131134459
5351 1131176979 1131176979
8947 1131178077 1131178077
591 1131178077 1131178077
10002 1131178077 1131178077
5790 1131178627 1131178634
4539 1131179810 1131179810
3706 1131180929 1131180929
3475 1131181524 1131181524
3057 1131181524 1131181524
5067 1131182104 1131182111
2355 1131182125 1131182125
10892 1131183892 1131183892
2178 1131183892 1131183892
5657 1131184458 1131184458
6328 1131184458 1131184458
9858 1131185049 1131185049
2573 1131185049 1131186196
3362 1131186802 1131186802
8253 1131186802 1131186816
8262 1131186809 1131186816
5831 1131186816 1131186816
5140 1131187393 1131187393
10413 1131187393 1131187407
6991 1131187393 1131187407
5653 1131187984 1131187984
6601 1131188568 1131188568
1383 1131188582 1131188589
2109 1131189148 1131189148
8806 1131189705 1131189705
7040 1131189705 1131189705
5835 1131189705 1131189705
2185 1131190286 1131190293
4815 1131191488 1131191495
7885 1131191488 1131191495
3127 1131191495 1131191495
7070 1131192090 1131192090
6482 1131192090 1131192097
1986 1131192638 1131192638
8609 1131193747 1131193747
5977 1131193747 1131193747
1039 1131193754 1131193754
2416 1131194364 1131194364
5907 1131194364 1131194364
5613 1131194364 1131194364
4951 1131194364 1131194364
3676 1131194970 1131194970
2752 1131194970 1131194970
10553 1131194970 1131194970
5339 1131195524 1131195524
6195 1131195524 1131195524
5333 1131195524 1131195524
6179 1131195524 1131195524
10917 1131196119 1131196119
6780 1131196119 1131196126
5667 1131196119 1131196140
2430 1131196140 1131196140
3455 1131197913 1131197920
5969 1131197913 1131197920
7507 1131197913 1131197927
7786 1131197927 1131197927
4887 1131197927 1131197927
8407 1131197313 1131197941
6679 1131198527 1131198527
1119 1131199074 1131199074
10884 1131199081 1131199081
644 1131199081 1131199081
4507 1131199643 1131199643
7585 1131200244 1131200244
7465 1131201379 1131201379
3429 1131201379 1131201379
9032 1131201932 1131201932
8844 1131201932 1131201932
11338 1131203712 1131203712
6282 1131203123 1131203719
7585 1131205474 1131205474
5597 1131206081 1131206081
5988 1131207187 1131207788
11083 1131208956 1131208956
1105 1131213000 1131213000
2913 1131213007 1131213007
9243 1131213007 1131213007
1762 1131215333 1131215340
5314 1131215354 1131215354
4471 1131216546 1131216553
8436 1131216553 1131216553
4591 1131220619 1131220619
1099 1131222330 1131222337
2443 1131223502 1131223502
1853 1131225253 1131225253
3693 1131225253 1131225253
10880 1131225848 1131225848
5815 1131229917 1131229924
6064 1131229917 1131229924
146 1131232271 1131232271
9407 1131266081 1131266088
144 1131267818 1131267825
726 1131269016 1131269016
3772 1131270248 1131270248
10045 1131272550 1131272557
9369 1131276120 1131276120
6390 1131276120 1131276120
3916 1131277298 1131277298
10258 1131279616 1131279616
11091 1131280164 1131280164
2066 1131280731 1131280731
228 1131281311 1131281311
5103 1131282448 1131282448
5899 1131283538 1131283538
4144 1131285851 1131285851
544 1131288138 1131288138
9407 1131304207 1131304207
389 1130501465 1131314474
386 1130501465 1131314474
