138 1130512926 1130512926
8087 1130514037 1130514037
4543 1130514037 1130514601
8978 1130514037 1130515747
285 1130517468 1130517468
8087 1130517482 1130517482
8935 1130516887 1130519868
8519 1130519868 1130519868
6565 1130521569 1130521569
1675 1130521569 1130521569
3410 1130521013 1130522112
6565 1130524480 1130524480
1675 1130524473 1130524494
5442 1130525637 1130526836
1675 1130526836 1130527396
3410 1130527396 1130527396
6565 1130526236 1130528577
5725 1130529165 1130529179
6267 1130530342 1130530944
5702 1130530937 1130532117
1272 1130530342 1130532707
335 1130532707 1130532707
8740 1130535021 1130535021
9246 1130535021 1130535021
2873 1130532707 1130536780
1675 1130536773 1130536780
8740 1130537344 1130537344
6999 1130536189 1130537929
6949 1130536189 1130538485
6026 1130536189 1130538485
335 1130534427 1130540295
2873 1130537344 1130540295
623 1130540295 1130540295
5694 1130540295 1130540295
10877 1130573955 1130573969
10877 1130582565 1130582565
10877 1130584859 1130584859
7012 1130591263 1130591263
10224 1130593515 1130593515
333 1130594636 1130594636
10888 1130594636 1130595179
3241 1130592934 1130595780
3119 1130595780 1130595780
10224 1130596959 1130596959
10224 1130598134 1130598134
4987 1130595780 1130598729
10877 1130599322 1130599322
10269 1130599906 1130601056
1832 1130600487 1130601056
10877 1130600487 1130601056
7336 1130601056 1130601056
7012 1130599322 1130601630
9142 1130601630 1130601630
3322 1130602764 1130602764
1832 1130602764 1130603306
7103 1130603306 1130603883
3322 1130603883 1130603883
1832 1130604447 1130605030
2346 1130603883 1130605582
4299 1130605030 1130605582
3322 1130605582 1130605582
8871 1130606169 1130606169
3584 1130603883 1130606725
2064 1130607273 1130607273
10877 1130609024 1130609024
9709 1130610180 1130613094
1004 1130614293 1130614892
1437 1130616052 1130616059
1004 1130617210 1130617224
3584 1130614885 1130619538
3836 1130620707 1130620721
3584 1130620707 1130620721
4388 1130621323 1130621337
8855 1130621911 1130621939
5878 1130621911 1130621939
7927 1130621918 1130621939
10022 1130623685 1130623685
9278 1130620118 1130624241
3502 1130669225 1130669225
3368 1130675001 1130675001
2108 1130675008 1130675008
138 1130676153 1130676153
138 1130677925 1130677925
314 1130677932 1130677932
1263 1130678498 1130679622
314 1130679622 1130679622
3785 1130677925 1130680224
5531 1130677939 1130680789
1263 1130680775 1130680789
138 1130681924 1130681924
1369 1130682521 1130682521
6433 1130682528 1130682528
2542 1130683127 1130683127
1369 1130683127 1130684863
6433 1130685413 1130685413
9832 1130685413 1130685995
3104 1130685995 1130685995
1369 1130685995 1130687132
138 1130687118 1130687132
734 1130690564 1130690564
138 1130691169 1130691169
10877 1130689394 1130692953
138 1130698199 1130698206
6073 1130697001 1130698220
6073 1130699950 1130700532
6073 1130701696 1130701710
3137 1130706838 1130706845
7752 1130708007 1130708007
5328 1130708007 1130708007
8581 1130709181 1130709188
138 1130709776 1130709776
5328 1130710381 1130710388
8581 1130710381 1130710388
8581 1130711561 1130711561
5328 1130711561 1130712756
7752 1130712168 1130712756
8581 1130712749 1130712756
5694 1130712756 1130712756
10877 1130756630 1130757197
10877 1130761333 1130761333
2822 1130761894 1130762480
2822 1130763590 1130764767
8618 1130761333 1130766509
2543 1130770082 1130770089
4946 1130768862 1130775301
4102 1130773585 1130777064
138 1130782806 1130782806
138 1130787388 1130788506
2362 1130789050 1130789057
7376 1130791392 1130791392
2362 1130792000 1130792000
138 1130792544 1130794249
9873 1130795410 1130796589
10877 1130801202 1130801209
10877 1130840183 1130840183
644 1130850019 1130850019
7925 1130851766 1130851766
10877 1130853551 1130854135
11175 1130854736 1130854736
8618 1130854722 1130857034
1004 1130854722 1130857034
3817 1130859353 1130867458
7019 1130866898 1130868602
4008 1130869780 1130870368
10612 1130870909 1130870909
10612 1130872684 1130872684
1341 1130872677 1130874444
4592 1130875023 1130876173
1309 1130876173 1130876173
1341 1130876173 1130877322
7604 1130876173 1130877873
4592 1130879068 1130879068
1341 1130879068 1130879660
7234 1130877315 1130880257
10062 1130881365 1130881365
1221 1130881910 1130881910
4008 1130872102 1130881924
1341 1130881358 1130881924
4592 1130881917 1130881924
1062 1130881910 1130883126
2093 1130881910 1130883126
4008 1130882542 1130883126
7234 1130881365 1130883748
10877 1130889008 1130889008
138 1130933528 1130933528
9510 1130938708 1130938715
138 1130941021 1130941028
4049 1130941630 1130941630
2874 1130941021 1130942816
893 1130943388 1130943388
7732 1130943402 1130943979
4898 1130943979 1130943979
10877 1130946909 1130946909
138 1130951542 1130951549
10387 1130952718 1130952718
2874 1130953317 1130953317
138 1130953901 1130953901
10387 1130953908 1130953908
10387 1130955094 1130955094
2874 1130955101 1130955101
7442 1130956227 1130956227
138 1130954501 1130956234
2874 1130956785 1130956792
7896 1130956227 1130957972
3000 1130957972 1130957972
5056 1130956234 1130958530
2086 1130958530 1130958530
2874 1130958530 1130958530
7442 1130959073 1130959073
10545 1130958530 1130959630
5056 1130959630 1130959630
2874 1130959630 1130960209
7442 1130960209 1130960209
6 1130960202 1130961352
5056 1130961909 1130962466
6 1130963049 1130963049
5056 1130963615 1130965327
2065 1130967624 1130968174
10220 1130967624 1130968802
9213 1130968167 1130969387
2065 1130968795 1130969387
7442 1130969965 1130969965
138 1131014689 1131014689
4024 1131018772 1131019942
6940 1131019363 1131021683
138 1131021683 1131021683
4946 1131021676 1131026290
138 1131026290 1131026290
7524 1131029697 1131031461
7825 1131029697 1131031461
7751 1131030855 1131031461
4946 1131027447 1131032004
5593 1131036146 1131036146
138 1131033179 1131036755
5593 1131038460 1131038467
11164 1131040808 1131040808
7442 1131040223 1131040815
11050 1131036146 1131041419
5056 1131042017 1131042017
7050 1131042603 1131042603
7204 1131043165 1131043772
5843 1131043165 1131043772
5056 1131043772 1131043772
7626 1131043772 1131044361
7050 1131044943 1131044950
9757 1131043165 1131045519
5056 1131046092 1131046092
10877 1131048428 1131048428
5843 1131050132 1131050132
472 1131050726 1131050726
8954 1131045519 1131051910
5843 1131053078 1131054241
11050 1131052475 1131054841
6006 1131054827 1131054841
10877 1131057152 1131058290
10877 1131091164 1131091164
2575 1131100276 1131100858
10362 1131100844 1131100858
6940 1131100844 1131102556
9970 1131104332 1131104332
10362 1131104332 1131104332
9395 1131104332 1131104332
2575 1131104332 1131104332
2784 1131104332 1131104332
7998 1131104332 1131104900
10202 1131106110 1131106110
2784 1131106110 1131106110
2784 1131107228 1131107228
8962 1131106660 1131107242
7998 1131106103 1131107816
2784 1131107802 1131107816
9745 1131117059 1131117059
4387 1131117059 1131117073
10877 1131118207 1131118207
10877 1131120492 1131120492
9745 1131118757 1131120499
10386 1131121068 1131121068
9745 1131121628 1131121635
10877 1131122844 1131122844
9012 1131123415 1131125765
3734 1131125765 1131126368
8139 1131126972 1131126986
4042 1131128127 1131128127
3734 1131129310 1131129858
8461 1131130443 1131130443
442 1131131020 1131131034
3986 1131131581 1131131581
8139 1131131581 1131132139
8461 1131132139 1131132139
3734 1131131020 1131132686
6910 1131133237 1131134373
4064 1131134373 1131134373
4745 1131136101 1131136101
8148 1131136101 1131136101
6910 1131136101 1131137866
3734 1131134366 1131139034
8139 1131134946 1131139034
10877 1131143681 1131144290
65 1131186111 1131186111
365 1131187844 1131187844
7546 1131191324 1131191324
2408 1131191324 1131192492
9940 1131193083 1131193090
9190 1131191324 1131193665
7546 1131193083 1131194230
2727 1131194836 1131194843
2408 1131193665 1131194850
8481 1131194230 1131195434
7529 1131194836 1131195434
7058 1131195427 1131195441
6971 1131196602 1131196609
2727 1131195427 1131197182
9940 1131198320 1131198327
8678 1131197739 1131199529
2727 1131198923 1131199529
543 1131199529 1131199529
9940 1131199529 1131199529
2727 1131201222 1131201781
7058 1131196602 1131201795
138 1131200672 1131201802
2727 1131201802 1131201802
8678 1131200672 1131202398
9940 1131202398 1131203558
2727 1131204167 1131204174
9940 1131204174 1131204174
8678 1131204153 1131205347
138 1131203558 1131205975
2727 1131205954 1131205975
9940 1131205961 1131206561
10336 1131205968 1131206561
8678 1131205954 1131207122
138 1131207677 1131207677
7058 1131203004 1131209413
138 1131209966 1131209966
6940 1131208854 1131211753
6342 1131212314 1131212314
9019 1131212936 1131212936
6940 1131212936 1131212957
9781 1131212936 1131212957
8618 1131212950 1131213515
9019 1131213515 1131214115
7433 1131214115 1131215221
7407 1131215221 1131215221
8989 1131215221 1131215221
8618 1131215822 1131215822
4160 1131214115 1131216392
1911 1131216392 1131216392
3337 1131216392 1131216392
4688 1131216392 1131216983
9796 1131215822 1131216990
7990 1131217596 1131217596
4102 1131217596 1131217596
10298 1131218176 1131218176
8989 1131216983 1131218772
10625 1131216983 1131218772
3337 1131219334 1131219881
7927 1131219881 1131219881
4688 1131218176 1131220463
138 1131220456 1131220470
8220 1131215822 1131221041
10877 1131219881 1131221041
4688 1131221041 1131221633
4102 1131221633 1131221633
8989 1131221633 1131221633
9796 1131222775 1131222782
547 1131222775 1131223367
6957 1131222782 1131223367
10877 1131222782 1131223972
7596 1131221633 1131224587
7990 1131222203 1131224587
547 1131223388 1131224587
7025 1131223367 1131225168
10877 1131225168 1131225168
10877 1131227468 1131227468
10877 1131261401 1131263126
138 1131267737 1131267737
138 1131270133 1131270133
3753 1131271839 1131271839
3753 1131273567 1131274115
9698 1131271846 1131274702
2434 1131274702 1131274702
138 1131275852 1131275859
3959 1131282942 1131282942
6851 1131272431 1131284730
8770 1131284730 1131284730
10655 1131285318 1131285318
8770 1131285332 1131285332
138 1131286485 1131286485
8770 1131287059 1131287650
8770 1131288765 1131289888
138 1131288198 1131292181
3992 1131293299 1131293885
10601 1131296746 1131296746
9350 1131296746 1131296746
5760 1131296746 1131296753
7094 1131298462 1131298462
10601 1131298462 1131298462
5202 1131299658 1131299658
10601 1131299658 1131300248
5202 1131300793 1131301338
3000 1131301338 1131302467
7094 1131302467 1131303016
5760 1131303016 1131303016
5202 1131302467 1131304761
3000 1131303617 1131305313
1001 1131305857 1131305857
4807 1131307579 1131308734
10877 1131306990 1131309300
2050 1131356256 1131356256
6655 1131356256 1131357425
6655 1131358549 1131358556
5863 1131364967 1131364967
10877 1131366144 1131366144
958 1131373073 1131373073
9346 1131371344 1131375474
4102 1131375467 1131375474
10877 1131377173 1131377173
9687 1131378360 1131380146
6854 1131379563 1131381816
9687 1131382362 1131384080
125 1131384094 1131384094
138 1131375467 1131384708
4102 1131377774 1131384708
1336 1131388785 1131388785
3401 1131387643 1131389387
138 1131388212 1131389387
6632 1131389938 1131389938
1336 1131389938 1131389938
7770 1131389938 1131389938
4874 1131389938 1131391158
7770 1131391144 1131391733
9296 1131391733 1131391733
8160 1131389380 1131392314
10024 1131391137 1131392314
160 1131391158 1131392314
138 1131391733 1131392314
7185 1131389387 1131392878
4256 1131393421 1131393421
9296 1131393421 1131393421
10024 1131393428 1131393428
7770 1131394019 1131394026
6154 1131391137 1131394586
623 1131392307 1131394586
10877 1131396870 1131397487
8618 1131436906 1131442706
10877 1131443267 1131443267
10877 1131444472 1131444472
138 1131443857 1131445062
8618 1131443267 1131445636
7358 1131457921 1131457921
2895 1131463695 1131464276
1649 1131464845 1131464852
1743 1131464838 1131465445
1741 1131465438 1131465445
8618 1131466005 1131466577
1741 1131466577 1131466577
1743 1131466577 1131467154
278 1131467154 1131467154
1649 1131466570 1131467161
1004 1131467761 1131467761
5099 1131470043 1131470043
5099 1131471800 1131472388
9638 1131471220 1131472981
138 1131471800 1131472981
278 1131474658 1131476417
608 1131477030 1131477037
5099 1131478207 1131478207
4671 1131475215 1131478766
10877 1131480528 1131482297
