3134 1130502384 1130502384
10511 1130502384 1130502983
7071 1130502983 1130502983
2994 1130502983 1130502983
367 1130502384 1130503572
6670 1130504154 1130504154
5706 1130502384 1130505250
7602 1130505250 1130505250
7822 1130505250 1130505250
4660 1130505811 1130505811
5337 1130505811 1130505811
9630 1130505811 1130505811
7959 1130506364 1130506364
7297 1130506364 1130506371
4189 1130506364 1130506371
10959 1130506371 1130506371
6185 1130506922 1130506922
9982 1130506922 1130506922
3408 1130507479 1130507479
1214 1130507479 1130507479
6596 1130506922 1130507486
7712 1130507486 1130507486
2179 1130507486 1130507486
8085 1130507486 1130507486
4941 1130508060 1130508060
2127 1130508060 1130508625
1465 1130508618 1130508625
3018 1130508625 1130508632
6389 1130508625 1130508632
4935 1130509203 1130509203
9403 1130509203 1130509203
5800 1130507479 1130509772
5706 1130508060 1130509772
8818 1130509203 1130509772
2279 1130509772 1130509772
5696 1130509772 1130509772
6916 1130509772 1130509772
2960 1130510346 1130510346
10984 1130510346 1130510346
7888 1130510346 1130510360
4834 1130510346 1130510360
10708 1130509772 1130510374
11007 1130510360 1130510374
10984 1130510374 1130510374
10991 1130510374 1130510374
3755 1130510960 1130510960
7715 1130510960 1130510960
9589 1130510960 1130510967
6389 1130510960 1130510967
2262 1130510967 1130510967
1610 1130510967 1130510967
10119 1130512124 1130512124
643 1130512124 1130512131
2654 1130512124 1130512131
3352 1130512124 1130512131
3271 1130512131 1130512131
5114 1130512131 1130512131
6340 1130512739 1130512739
4484 1130511548 1130512753
4103 1130512739 1130512753
7405 1130512746 1130512753
2701 1130512753 1130512753
4542 1130513303 1130513303
6612 1130513898 1130513898
2352 1130514454 1130514454
8369 1130514997 1130514997
11101 1130514997 1130514997
1465 1130514997 1130514997
4892 1130515596 1130515596
10511 1130505250 1130516162
4388 1130516162 1130516162
549 1130516753 1130516753
2051 1130517358 1130517358
3831 1130517358 1130517365
1610 1130517379 1130517379
2051 1130517379 1130517379
2783 1130517945 1130517945
6228 1130518522 1130518522
2142 1130519121 1130519121
3334 1130519121 1130519121
1424 1130519121 1130519121
7589 1130519721 1130519721
6215 1130519721 1130519728
7435 1130520281 1130520281
8818 1130520281 1130520281
4189 1130522619 1130522633
7297 1130522619 1130522633
5706 1130512739 1130525592
10016 1130533180 1130533180
3469 1130537759 1130537759
7224 1130572000 1130572007
4189 1130572000 1130572007
7297 1130572000 1130572007
2859 1130572557 1130572564
9113 1130573719 1130573719
2056 1130574862 1130574897
6644 1130574890 1130574897
4467 1130576023 1130576023
1681 1130576023 1130576037
5747 1130576613 1130576613
7297 1130576613 1130576613
4189 1130576613 1130576613
9765 1130576613 1130576613
9875 1130578342 1130578342
10263 1130578917 1130578917
64 1130579494 1130579494
302 1130579501 1130579508
6059 1130580072 1130580072
10733 1130580072 1130580072
6791 1130580072 1130580079
2056 1130580072 1130580079
1476 1130580079 1130580079
6482 1130580079 1130580079
2525 1130580657 1130580671
5800 1130579494 1130580678
7581 1130580657 1130580678
6150 1130580657 1130581239
2321 1130582392 1130582392
7297 1130582968 1130582975
4189 1130582982 1130582982
10447 1130584148 1130584148
1779 1130584705 1130584705
4978 1130585258 1130585258
443 1130585819 1130585819
5673 1130585819 1130585819
6871 1130585819 1130585819
6352 1130586400 1130586400
1112 1130586400 1130586400
1110 1130586400 1130586400
5054 1130586400 1130586954
236 1130586400 1130586961
5273 1130587521 1130587521
3562 1130588064 1130588064
9593 1130588064 1130588064
11057 1130588665 1130588665
5054 1130588064 1130589249
4189 1130588665 1130589249
7005 1130589249 1130589249
5047 1130589249 1130589249
5706 1130579501 1130589844
7297 1130588665 1130589844
6980 1130589844 1130589844
6447 1130589844 1130589844
2106 1130589844 1130589844
2094 1130589844 1130589844
4086 1130589844 1130589844
7300 1130590434 1130590434
2859 1130590434 1130590434
8688 1130590434 1130590441
2177 1130590434 1130590441
8818 1130590434 1130590441
4844 1130590434 1130590441
2090 1130590441 1130590441
4483 1130590441 1130590441
10256 1130591019 1130591019
5279 1130591019 1130591019
5668 1130591019 1130591019
2093 1130591019 1130591019
5734 1130583559 1130591607
5054 1130591607 1130591607
7042 1130591607 1130591620
9191 1130591607 1130591620
3761 1130591607 1130591620
9138 1130591607 1130591620
5706 1130591607 1130591620
226 1130591613 1130591620
2848 1130592206 1130592206
8981 1130591019 1130592213
289 1130592206 1130592213
1297 1130592213 1130592213
10650 1130592790 1130592790
3655 1130592790 1130592790
6112 1130592790 1130592790
5734 1130592790 1130592790
5273 1130592790 1130592790
4456 1130593940 1130593940
9942 1130594514 1130594514
1110 1130594514 1130594514
7828 1130594514 1130594514
9947 1130594514 1130594514
1394 1130595057 1130595057
9392 1130595057 1130595057
2419 1130595057 1130595057
6885 1130595057 1130595057
10629 1130595057 1130595063
3952 1130595063 1130595063
5172 1130595063 1130595063
5054 1130592206 1130595647
2648 1130595647 1130595647
5734 1130595647 1130595647
5706 1130592790 1130596189
7913 1130596189 1130596189
10411 1130595057 1130596193
4189 1130595647 1130596193
2096 1130595647 1130596193
7297 1130596189 1130596193
11075 1130596189 1130596193
2859 1130596189 1130596193
2315 1130596193 1130596193
1217 1130596189 1130596763
7187 1130596763 1130596763
775 1130596763 1130596763
148 1130596763 1130596763
8969 1130596763 1130596763
1632 1130596763 1130596763
6616 1130596763 1130596763
1887 1130596763 1130596763
6300 1130597327 1130597327
9942 1130597327 1130597327
5706 1130597327 1130597327
3925 1130597327 1130597327
2483 1130597327 1130597327
3662 1130597327 1130597327
6889 1130597327 1130597327
5144 1130597327 1130597327
10040 1130597910 1130597910
289 1130597910 1130597910
7342 1130598462 1130598462
4080 1130598462 1130598462
6165 1130598462 1130598462
2657 1130598462 1130598462
3419 1130599049 1130599049
11123 1130598462 1130599605
3241 1130599049 1130599605
5850 1130599605 1130599605
3928 1130600153 1130600153
1655 1130600153 1130600153
3929 1130600153 1130600153
4274 1130600153 1130600159
7044 1130600153 1130600159
5529 1130600159 1130600159
1815 1130599605 1130600728
4672 1130600153 1130600728
5062 1130600728 1130600728
10501 1130600728 1130600728
5125 1130601315 1130601315
6360 1130601903 1130601903
2353 1130601903 1130601903
11018 1130601903 1130601903
2933 1130602470 1130602470
6025 1130602470 1130602484
8133 1130602484 1130602484
10150 1130601315 1130602491
1815 1130602484 1130602498
7076 1130602491 1130602498
10524 1130602498 1130602498
2684 1130602498 1130602498
9263 1130603066 1130603066
4578 1130603066 1130603066
5609 1130603672 1130603672
5141 1130603672 1130603672
5077 1130603672 1130603672
1773 1130604259 1130604259
2981 1130604259 1130604266
4238 1130604259 1130604266
7182 1130604266 1130604810
5488 1130604810 1130604810
6258 1130605407 1130605407
8390 1130605407 1130605414
6315 1130607172 1130607172
5706 1130599605 1130610089
5706 1130610668 1130610689
9004 1130617120 1130617723
2202 1130617120 1130617723
11131 1130619475 1130619475
1937 1130665569 1130665569
5706 1130666757 1130666757
9711 1130667323 1130667330
7224 1130667323 1130667330
9426 1130667330 1130667330
1957 1130667873 1130667873
8651 1130667873 1130667880
9426 1130667887 1130667894
7224 1130667887 1130667894
10870 1130668445 1130668445
5078 1130668445 1130668445
6630 1130668445 1130668445
6893 1130669609 1130670217
10466 1130670818 1130670818
5624 1130670818 1130670818
5025 1130670804 1130671377
2781 1130670804 1130671377
8355 1130671377 1130671377
3086 1130673661 1130673661
8142 1130673661 1130673661
6812 1130673661 1130673668
1122 1130674251 1130674251
1076 1130674251 1130674251
8714 1130675407 1130675407
9347 1130674803 1130675414
9355 1130675400 1130675414
7186 1130675407 1130675414
4033 1130675407 1130675414
8117 1130676006 1130676006
4481 1130676581 1130676581
8673 1130676581 1130676581
10785 1130676581 1130676581
9680 1130676581 1130676581
223 1130676581 1130676581
6257 1130676581 1130676581
9839 1130676581 1130676581
10825 1130677735 1130677742
2022 1130678285 1130678292
7667 1130678292 1130678292
9382 1130678874 1130678874
6500 1130679430 1130679430
5552 1130679430 1130679430
7915 1130679430 1130679430
4474 1130679430 1130679430
10744 1130679997 1130680004
5154 1130679997 1130680011
6367 1130680004 1130680011
6339 1130680574 1130680574
8886 1130681136 1130681136
2132 1130681136 1130681715
7297 1130681715 1130681715
4189 1130681715 1130681715
691 1130681715 1130681715
746 1130682273 1130682273
1160 1130682273 1130682273
1165 1130682273 1130682273
5706 1130667873 1130682280
9582 1130681715 1130682280
8917 1130682273 1130682280
2038 1130682273 1130682824
2311 1130682831 1130682838
11 1130682838 1130682838
7224 1130683443 1130683443
7078 1130683443 1130683443
2038 1130683443 1130683450
9799 1130683457 1130683457
4852 1130683457 1130683457
1077 1130684048 1130684048
7159 1130683457 1130684617
3054 1130684048 1130685223
339 1130685223 1130685230
4068 1130685223 1130685230
7224 1130685230 1130685230
4725 1130686432 1130686432
1806 1130686439 1130686439
10807 1130686994 1130686994
7224 1130687548 1130687548
9819 1130687548 1130688142
8124 1130688720 1130688720
5706 1130684617 1130689287
4567 1130688142 1130689287
9103 1130689287 1130689287
7794 1130689287 1130689287
7840 1130689887 1130689887
5706 1130690493 1130690521
9881 1130691085 1130691085
8562 1130688720 1130691099
6151 1130689287 1130691099
5706 1130691653 1130694582
4485 1130746635 1130746635
3933 1130747769 1130747776
4043 1130747769 1130747776
6499 1130748908 1130748908
9616 1130750076 1130750076
6931 1130752413 1130752427
9616 1130753629 1130753629
6723 1130754773 1130754773
1203 1130755924 1130755924
5610 1130757054 1130757054
5943 1130757632 1130757632
8704 1130757632 1130757646
79 1130757632 1130757646
1122 1130758191 1130758191
9018 1130758790 1130758790
9662 1130758790 1130758790
10403 1130758790 1130758790
10488 1130759388 1130759388
7967 1130760553 1130760553
10571 1130760553 1130760553
7815 1130760553 1130760560
9674 1130761176 1130761176
5634 1130760553 1130761190
7538 1130761176 1130761190
4782 1130761176 1130761190
10016 1130761748 1130761748
9012 1130762357 1130762357
6795 1130762357 1130762357
2059 1130763562 1130763562
8576 1130763569 1130763569
4485 1130763569 1130763569
2165 1130763562 1130764152
8981 1130763562 1130764706
6472 1130763562 1130764706
10219 1130764706 1130764706
1546 1130765310 1130765310
8973 1130765310 1130765310
3869 1130765914 1130765914
9999 1130766464 1130766464
8763 1130766464 1130766464
8182 1130766464 1130766464
1539 1130767057 1130767057
9644 1130767622 1130767622
1546 1130767622 1130767629
134 1130767629 1130767629
475 1130768774 1130768774
3451 1130768774 1130768774
3141 1130769340 1130769347
10598 1130769340 1130769347
8226 1130769943 1130769943
9450 1130769943 1130769943
687 1130769943 1130769943
7027 1130771079 1130771079
6083 1130771079 1130771079
1384 1130771633 1130771633
6697 1130772198 1130772219
5731 1130772811 1130772811
1439 1130772811 1130772811
7893 1130772818 1130772825
10735 1130773368 1130773368
4770 1130773368 1130773368
8951 1130773935 1130773935
5744 1130773935 1130773942
8203 1130775685 1130775685
4480 1130775685 1130775685
7667 1130775685 1130775685
7235 1130775685 1130775685
2217 1130775685 1130775685
7947 1130775685 1130775685
7395 1130775685 1130776289
6354 1130776289 1130776296
8215 1130776837 1130776837
6482 1130777994 1130777994
7940 1130780843 1130780843
7224 1130780843 1130780843
7810 1130782501 1130782501
5594 1130782501 1130782508
4405 1130805055 1130805055
3059 1130830719 1130830719
7224 1130832474 1130832474
8207 1130832474 1130832474
9643 1130833062 1130833062
4530 1130833676 1130833676
2124 1130833662 1130833683
6208 1130834858 1130834858
9886 1130835996 1130835996
8760 1130835996 1130835996
5172 1130835996 1130836003
5747 1130836577 1130836577
10171 1130838262 1130838867
7387 1130839461 1130839461
5706 1130840014 1130840595
4632 1130841210 1130841217
10618 1130841224 1130841238
8236 1130842339 1130842339
5913 1130842884 1130842884
2862 1130844077 1130844077
7793 1130844063 1130844084
7903 1130845839 1130845846
878 1130846430 1130846430
5555 1130846430 1130846444
1704 1130846437 1130846444
6542 1130846993 1130847000
7045 1130846993 1130847007
9708 1130847007 1130847007
5706 1130841217 1130847615
3596 1130847601 1130847615
4574 1130847601 1130847615
4038 1130847608 1130847615
5739 1130847608 1130847615
10746 1130847601 1130848173
8926 1130848776 1130848776
944 1130848776 1130848776
5089 1130849321 1130849321
7608 1130849321 1130849335
4469 1130849321 1130849335
248 1130849335 1130849335
4181 1130849335 1130849335
6368 1130849906 1130849913
62 1130849906 1130849913
10044 1130850497 1130850497
4240 1130851053 1130851053
9017 1130851625 1130851632
10435 1130851632 1130851632
5016 1130851632 1130851632
3624 1130851625 1130852232
11044 1130851625 1130852232
5662 1130852828 1130852828
10197 1130852828 1130852828
5444 1130853399 1130853399
9939 1130853399 1130853399
2880 1130853399 1130853399
7649 1130854001 1130854001
4725 1130854001 1130854001
5706 1130849321 1130854571
354 1130854571 1130854571
5853 1130854571 1130854571
8725 1130854571 1130854571
7636 1130854001 1130855191
2100 1130855184 1130855191
1464 1130855787 1130855787
7960 1130856341 1130856341
6959 1130856341 1130856341
8818 1130856341 1130856341
3933 1130856341 1130856348
2156 1130856341 1130856348
4472 1130857493 1130857493
2985 1130858054 1130858054
5478 1130858054 1130858054
5674 1130858054 1130858054
6153 1130858054 1130858061
10271 1130859211 1130859211
1937 1130859777 1130859777
4043 1130859777 1130859777
1828 1130860337 1130860337
2481 1130860936 1130860936
2859 1130862067 1130862067
1308 1130862074 1130862074
1302 1130862659 1130862659
9267 1130863233 1130863233
4526 1130863247 1130863247
5701 1130863788 1130863788
2859 1130864981 1130864988
1889 1130865556 1130865556
4400 1130865563 1130865570
4187 1130866745 1130866745
5701 1130867874 1130867874
1723 1130867881 1130867881
5701 1130867902 1130867902
5706 1130856341 1130868467
7940 1130915933 1130916543
2859 1130916536 1130916543
6219 1130917137 1130917137
1937 1130917715 1130917715
2854 1130917729 1130917729
1937 1130917736 1130917736
9113 1130917736 1130917736
10016 1130917736 1130917736
4768 1130918299 1130918299
5706 1130914750 1130919457
2973 1130920063 1130920063
5706 1130920664 1130920671
6861 1130922427 1130922427
3480 1130923555 1130923555
5368 1130924133 1130924133
9197 1130924133 1130924133
1972 1130925851 1130925851
9069 1130926979 1130926979
8774 1130926979 1130926979
6885 1130927585 1130927585
7806 1130927585 1130927585
5725 1130929900 1130929907
9886 1130930456 1130930456
4633 1130930456 1130930463
5690 1130930463 1130930463
5903 1130931587 1130931587
1779 1130930463 1130932173
5706 1130921872 1130933304
8981 1130933304 1130934509
5706 1130933900 1130934509
5701 1130935107 1130935107
2863 1130935114 1130935114
2973 1130935695 1130935695
9367 1130936267 1130936267
6789 1130936858 1130936858
5454 1130937461 1130937461
6707 1130935688 1130937468
5854 1130937461 1130937468
3800 1130937461 1130937468
5571 1130937468 1130937468
3488 1130938619 1130938619
1083 1130938619 1130938619
5004 1130938619 1130938626
9261 1130938626 1130938626
7941 1130938626 1130938626
10672 1130938626 1130938626
7940 1130937468 1130939231
8590 1130939231 1130939231
193 1130939231 1130939231
6969 1130939788 1130939788
7497 1130939788 1130939788
4542 1130939788 1130939788
5018 1130940945 1130940945
3059 1130941529 1130941529
695 1130941529 1130941529
9048 1130942132 1130942132
10520 1130942132 1130942132
4388 1130943300 1130943307
5706 1130936858 1130943860
3352 1130943860 1130943860
9561 1130944421 1130944421
887 1130944421 1130944421
6903 1130944428 1130944428
4252 1130945018 1130945018
3059 1130945018 1130945025
8316 1130945025 1130945025
10835 1130946780 1130946780
5706 1130945018 1130946787
8166 1130946780 1130946787
3124 1130946787 1130946808
8207 1130946808 1130946815
5706 1130946815 1130947380
7934 1130947973 1130947973
7097 1130947973 1130947994
7934 1130947994 1130947994
296 1130948557 1130948557
6661 1130948557 1130948557
3959 1130948557 1130949113
4478 1130949106 1130949113
4912 1130949671 1130949671
10587 1130949671 1130949671
5706 1130947987 1130952509
2859 1130953081 1130953081
589 1131002919 1131002919
586 1131002919 1131002919
9840 1131003486 1131003486
7183 1131003486 1131003486
4102 1131004618 1131004618
4903 1131006387 1131006387
1380 1131007568 1131007568
5257 1131008142 1131008142
4478 1131008733 1131008740
8269 1131008740 1131008740
4057 1131009322 1131009322
5013 1131008733 1131009336
4057 1131009893 1131009893
5917 1131009893 1131009900
2541 1131009900 1131009900
536 1131010468 1131010468
5573 1131010468 1131011055
8147 1131011055 1131011055
8635 1131011658 1131011658
10511 1131007568 1131011693
9290 1131012807 1131012814
10281 1131012814 1131012814
11138 1131013413 1131013413
5070 1131014028 1131014028
1992 1131014014 1131014613
3715 1131014613 1131014613
5105 1131014613 1131014613
2323 1131014613 1131014613
10511 1131014014 1131015202
4163 1131015202 1131015202
2168 1131015202 1131015202
2208 1131015202 1131015202
7491 1131015202 1131015202
8839 1131015784 1131015784
4846 1131015784 1131015784
3608 1131015784 1131015784
2204 1131015784 1131016327
8282 1131016327 1131016327
8258 1131016327 1131016327
8448 1131016327 1131016327
4951 1131016327 1131016327
8447 1131016327 1131016327
9290 1131016327 1131016880
8269 1131016327 1131016880
3288 1131016880 1131016880
3715 1131016880 1131016880
2366 1131017441 1131017441
1401 1131017994 1131017994
1205 1131017994 1131017994
3912 1131017994 1131018001
4965 1131017994 1131018001
8258 1131018001 1131018001
1104 1131018552 1131018552
8981 1131019109 1131019116
4901 1131019116 1131019116
8819 1131019116 1131019116
10511 1131016880 1131019690
1019 1131019690 1131019690
5608 1131019690 1131019690
4878 1131019690 1131019690
5627 1131019690 1131019690
5821 1131020248 1131020248
2850 1131020248 1131020255
5720 1131019690 1131020262
8217 1131020833 1131020833
4257 1131020833 1131020833
10835 1131020833 1131021402
178 1131021402 1131021402
4975 1131021983 1131021990
2179 1131021983 1131021997
7297 1131019690 1131022002
4189 1131020255 1131022002
9985 1131021976 1131022002
9555 1131021976 1131022002
4837 1131021990 1131022002
9206 1131021997 1131022002
6160 1131021997 1131022002
10511 1131020262 1131022588
2859 1131022588 1131022588
3729 1131022588 1131022595
10643 1131022588 1131022595
6221 1131022595 1131022595
5855 1131022595 1131022595
1118 1131023176 1131023176
9935 1131023176 1131023176
9875 1131023176 1131023176
3671 1131023752 1131023752
2859 1131023752 1131023752
5655 1131023752 1131023759
7297 1131023752 1131023759
8962 1131023752 1131023759
5473 1131023752 1131023759
1446 1131023759 1131023759
139 1131024367 1131024374
3831 1131024367 1131024381
6885 1131024367 1131024381
8405 1131024931 1131024931
5562 1131025526 1131025526
4191 1131025526 1131025526
5588 1131025526 1131025526
4024 1131026082 1131026082
2776 1131026082 1131026625
7627 1131027224 1131027224
6587 1131025526 1131027790
7766 1131027790 1131027790
9669 1131027790 1131027790
10511 1131023759 1131028381
7667 1131028381 1131028381
10358 1131028993 1131028993
7294 1131028986 1131029000
10220 1131029573 1131029573
2208 1131029573 1131029573
6853 1131029573 1131029573
6661 1131029573 1131029580
6399 1131029573 1131029580
4388 1131030150 1131030150
9798 1131030749 1131030749
11015 1131030749 1131030749
7943 1131030749 1131030749
6397 1131031349 1131031349
5467 1131031349 1131031349
3588 1131031349 1131031356
4584 1131031349 1131031356
147 1131032483 1131032483
6534 1131033678 1131033692
7297 1131034855 1131034862
9082 1131038333 1131038340
10059 1131050533 1131050540
2859 1131085940 1131085940
3133 1131087658 1131087658
7434 1131088241 1131088241
8269 1131088789 1131088789
264 1131089372 1131089372
10511 1131091122 1131091136
11030 1131091700 1131091700
10781 1131093456 1131093456
7233 1131093456 1131093456
1607 1131093456 1131093456
10984 1131094020 1131094027
5368 1131094020 1131094027
10039 1131094020 1131094027
2859 1131094603 1131094610
7940 1131094603 1131095187
5919 1131095187 1131095187
5460 1131095187 1131095187
4106 1131095776 1131095776
8540 1131095776 1131095776
4484 1131096326 1131096333
1937 1131096333 1131096333
5028 1131096886 1131096886
6011 1131096886 1131096886
7940 1131096886 1131096886
2169 1131098028 1131098028
6199 1131098028 1131098028
6361 1131097447 1131098589
4189 1131098028 1131098589
7323 1131098582 1131098589
5567 1131099149 1131099149
9543 1131099149 1131099149
6178 1131099149 1131099149
3330 1131099692 1131099692
2859 1131099692 1131099692
11003 1131100293 1131100293
4189 1131100293 1131100293
5706 1131084178 1131100877
7297 1131098028 1131100877
4528 1131100877 1131100877
4304 1131100877 1131100877
1054 1131100877 1131100877
8994 1131100877 1131100877
9543 1131100877 1131101472
7167 1131101472 1131101472
2859 1131102062 1131102062
6382 1131102062 1131102062
11003 1131102062 1131102069
3811 1131102647 1131102647
6176 1131102647 1131102647
6205 1131103835 1131103835
4479 1131104419 1131104419
8269 1131104419 1131104419
6060 1131104419 1131104419
7455 1131103235 1131105000
5706 1131102647 1131105569
9944 1131106143 1131106143
6005 1131106143 1131106143
10236 1131106143 1131106143
1383 1131106143 1131106143
2466 1131106686 1131106693
10511 1131092292 1131107277
9288 1131107826 1131107826
3580 1131107826 1131107826
1383 1131107826 1131107826
2200 1131108960 1131108960
9678 1131108960 1131108960
8166 1131108960 1131108960
5964 1131108396 1131109543
9293 1131109543 1131109543
7261 1131109543 1131109543
938 1131109543 1131109543
10511 1131108396 1131110095
9970 1131110095 1131110095
8670 1131108396 1131110682
7739 1131110095 1131110682
5210 1131110682 1131110682
7527 1131110682 1131110682
2139 1131111238 1131111238
11101 1131111238 1131111238
2674 1131112362 1131112362
1709 1131112362 1131112362
2859 1131112362 1131112362
5706 1131108960 1131112949
9453 1131112949 1131112949
5922 1131113537 1131113537
5963 1131114104 1131114104
8269 1131114104 1131114104
9933 1131114104 1131114132
9929 1131114132 1131114132
8269 1131114132 1131114132
3885 1131114104 1131114700
5706 1131114693 1131114700
1927 1131115893 1131115893
1307 1131115893 1131115893
1820 1131115900 1131115900
4191 1131115900 1131115900
5562 1131116444 1131116444
479 1131117048 1131117048
7446 1131117607 1131117607
7297 1131117607 1131117607
4189 1131117607 1131117607
11240 1131117607 1131117607
11351 1131117607 1131117607
7448 1131118208 1131118208
2967 1131119398 1131119405
7297 1131120011 1131120011
9343 1131120579 1131120579
4399 1131124051 1131124051
9024 1131125234 1131125234
9022 1131125234 1131125234
4712 1131132290 1131132875
7479 1131136341 1131136341
5701 1131168511 1131168511
2278 1131172560 1131172560
3654 1131174900 1131174900
10193 1131175493 1131175493
8083 1131177203 1131177203
3737 1131178957 1131178964
4678 1131178964 1131178964
7246 1131179521 1131179521
716 1131179514 1131179528
9778 1131181243 1131181243
5885 1131181243 1131181243
1706 1131181243 1131181250
8177 1131181250 1131181250
4354 1131181250 1131181257
4608 1131181844 1131181851
6409 1131181851 1131181851
9101 1131182438 1131182438
3959 1131182438 1131182445
7940 1131182452 1131182452
1376 1131182452 1131182452
67 1131182452 1131182459
9101 1131182459 1131182459
6225 1131182459 1131182459
3505 1131182459 1131182459
6938 1131183011 1131183011
11021 1131183011 1131183011
3700 1131183011 1131183011
3371 1131183011 1131183583
4570 1131183583 1131183583
2820 1131183583 1131183583
1229 1131183583 1131183583
9896 1131184135 1131184135
2573 1131184135 1131184135
3075 1131184135 1131184135
5422 1131184730 1131184730
4842 1131184730 1131184737
5068 1131184737 1131184737
5127 1131184737 1131184737
10562 1131185288 1131185288
2539 1131185288 1131185288
5831 1131185288 1131185295
7710 1131185288 1131185302
6032 1131185288 1131185302
5706 1131184135 1131185885
7332 1131185885 1131185885
6991 1131185885 1131186437
5938 1131186437 1131186437
1229 1131186437 1131186437
8262 1131186437 1131186437
8253 1131186437 1131186437
4639 1131187034 1131187034
7094 1131186437 1131187041
6475 1131187034 1131187048
2883 1131187034 1131187048
7801 1131187041 1131187048
8253 1131187048 1131187048
8161 1131187048 1131187048
8262 1131187048 1131187048
4632 1131187034 1131187640
2841 1131187640 1131187640
1178 1131187640 1131187640
6343 1131188215 1131188215
3934 1131188215 1131188215
6994 1131188761 1131188761
934 1131188761 1131188761
4892 1131188761 1131188761
10501 1131188761 1131189369
5201 1131189369 1131189369
9355 1131189369 1131189376
5596 1131189369 1131189376
8119 1131189369 1131189376
5490 1131189369 1131189376
1178 1131189376 1131189376
3496 1131189376 1131189376
8840 1131189919 1131189919
699 1131189919 1131189919
2109 1131189919 1131189919
5706 1131187640 1131189926
2925 1131189919 1131189926
374 1131189919 1131189926
6504 1131189919 1131189926
7885 1131189926 1131189926
2630 1131189926 1131189926
1878 1131189926 1131189926
4632 1131189926 1131190508
6478 1131190508 1131190508
5714 1131190508 1131190508
8656 1131190508 1131190508
1178 1131190508 1131191064
3595 1131191064 1131191064
9355 1131191064 1131191064
7844 1131191064 1131191064
1938 1131191064 1131191064
7757 1131191064 1131191064
5509 1131191064 1131191064
10020 1131191631 1131191631
6409 1131191631 1131191638
7872 1131191638 1131191638
7203 1131191638 1131191638
2580 1131191631 1131191645
8269 1131191638 1131191645
5292 1131191638 1131191645
699 1131191645 1131191645
1025 1131192208 1131192208
1256 1131192208 1131192208
6973 1131192208 1131192208
6763 1131192208 1131192208
2251 1131192208 1131192208
10886 1131192208 1131192208
9892 1131192208 1131192208
3306 1131192770 1131192770
7716 1131192770 1131192770
3273 1131192770 1131192770
9101 1131192770 1131192770
9422 1131192770 1131192770
3639 1131193349 1131193349
1268 1131193349 1131193349
6347 1131193349 1131193349
4890 1131193349 1131193349
7224 1131193349 1131193349
2354 1131193349 1131193349
7940 1131192770 1131193907
3568 1131193907 1131193907
7198 1131193907 1131193911
7801 1131193907 1131193911
4662 1131193907 1131193911
4050 1131193911 1131193911
8677 1131193911 1131193911
6475 1131193911 1131193911
9969 1131194455 1131194455
2538 1131194455 1131194462
6867 1131194462 1131194462
11133 1131193907 1131194469
5897 1131194455 1131194469
2616 1131194455 1131194469
3915 1131194469 1131194469
7940 1131195074 1131195074
2001 1131195074 1131195074
6195 1131195074 1131195081
3124 1131195081 1131195081
8243 1131195074 1131195088
6261 1131195074 1131195088
6179 1131195074 1131195088
2436 1131195081 1131195088
4429 1131195088 1131195088
105 1131195088 1131195088
11101 1131193907 1131195679
5216 1131195679 1131195679
3518 1131195679 1131195679
4632 1131195679 1131195679
5296 1131195679 1131195679
4924 1131195679 1131195679
4266 1131195679 1131195679
5706 1131191631 1131196248
3601 1131196248 1131196248
7940 1131196248 1131196248
1801 1131196248 1131196248
8661 1131196854 1131196854
7297 1131196854 1131196854
3615 1131196854 1131196854
10462 1131196854 1131196854
3929 1131196854 1131196854
5665 1131196854 1131196859
5029 1131196854 1131196859
4695 1131196854 1131196859
4043 1131196859 1131196859
2185 1131197461 1131197461
9078 1131197461 1131197461
9311 1131197461 1131197461
8616 1131197461 1131197461
7469 1131198061 1131198061
7436 1131198061 1131198061
6937 1131198061 1131198068
2231 1131198061 1131198068
5029 1131198068 1131198068
6400 1131198068 1131198068
2939 1131198068 1131198068
4401 1131198068 1131198068
1971 1131198623 1131198623
5665 1131198623 1131198623
6449 1131198623 1131198623
4879 1131198061 1131198628
9997 1131198623 1131198628
2938 1131198623 1131198628
4263 1131198623 1131198628
8959 1131198623 1131198628
7219 1131199175 1131199175
5057 1131199175 1131199175
5226 1131199175 1131199175
7703 1131199769 1131199769
4189 1131199769 1131199769
3849 1131199769 1131199769
7851 1131199769 1131199769
7297 1131199769 1131199769
9313 1131199769 1131199769
9912 1131199175 1131200347
9902 1131199769 1131200347
7009 1131200347 1131200347
110 1131200914 1131200914
1383 1131201507 1131201507
675 1131201507 1131201514
5541 1131201507 1131201514
3135 1131201507 1131201514
674 1131201514 1131201514
2326 1131202148 1131202148
7498 1131202712 1131202712
1610 1131202705 1131202719
5360 1131202705 1131202726
5449 1131202719 1131202726
6672 1131202120 1131203280
3951 1131203280 1131203280
8666 1131203280 1131203280
7498 1131203280 1131203280
7056 1131203887 1131203901
10049 1131205038 1131205038
10256 1131205038 1131205038
5629 1131205038 1131205045
5706 1131200347 1131205636
7996 1131206209 1131206209
9995 1131206202 1131206216
5220 1131206209 1131206216
7141 1131204456 1131206787
5714 1131208431 1131208431
4891 1131209008 1131209008
971 1131209008 1131209008
1060 1131209008 1131209008
7955 1131209577 1131209591
3692 1131213117 1131213124
5168 1131213117 1131213124
4304 1131213680 1131213687
1506 1131213687 1131213687
2700 1131214275 1131214282
10256 1131215474 1131215481
4956 1131261689 1131261689
4875 1131261689 1131261696
7940 1131262259 1131262259
8721 1131265256 1131265256
7082 1131265839 1131265839
2260 1131266400 1131266400
9342 1131265839 1131266986
7283 1131266986 1131266986
2371 1131266979 1131267551
8722 1131267544 1131268096
7863 1131268096 1131268096
2138 1131268096 1131268096
4150 1131268096 1131268096
528 1131268681 1131268681
7094 1131269259 1131269266
9342 1131269259 1131269273
3517 1131269818 1131269818
2934 1131269818 1131269818
8900 1131270417 1131270417
7863 1131271597 1131271597
8780 1131271597 1131271597
9988 1131271597 1131271597
1287 1131272180 1131272187
9342 1131271597 1131272194
5769 1131272194 1131272194
5706 1131262259 1131272817
272 1131273361 1131273361
10045 1131273361 1131273368
3441 1131273368 1131273368
7863 1131273361 1131273375
4150 1131273361 1131273382
2566 1131273361 1131273382
5048 1131273375 1131273382
10819 1131273382 1131273382
1295 1131273382 1131273382
10256 1131274588 1131274588
5706 1131273984 1131274602
1295 1131274602 1131274602
1722 1131276937 1131276937
3111 1131276937 1131276937
8459 1131276937 1131276937
3243 1131276937 1131276937
6927 1131276937 1131276937
7198 1131277541 1131277541
670 1131277541 1131277541
1968 1131277541 1131277541
2066 1131278091 1131278091
4947 1131276937 1131278684
2382 1131279249 1131279249
10707 1131279249 1131279256
1912 1131279800 1131279807
2678 1131279800 1131279807
1170 1131279807 1131279807
8269 1131280974 1131280974
2253 1131280974 1131280974
9369 1131279807 1131281570
1992 1131281570 1131281570
9804 1131280974 1131282145
8363 1131281570 1131282145
7723 1131282145 1131282145
3589 1131282145 1131282145
4368 1131282706 1131282706
4480 1131284445 1131284452
4182 1131284445 1131284452
8263 1131284445 1131284452
6043 1131284445 1131284452
8976 1131285576 1131285576
6785 1131286762 1131286762
2520 1131287312 1131287312
5706 1131276937 1131287923
7940 1131293563 1131293563
7940 1131295898 1131296506
4480 1131296499 1131297050
4974 1131338136 1131338136
4189 1131340554 1131340554
4043 1131339950 1131341744
1937 1131342346 1131342346
9554 1131344101 1131344101
10511 1131345289 1131345289
6446 1131345303 1131345317
10511 1131345903 1131347623
6193 1131349325 1131349325
1084 1131349325 1131349325
6617 1131349896 1131349896
6193 1131350473 1131350501
150 1131350494 1131350501
2555 1131351088 1131351088
4189 1131352215 1131352215
6480 1131352215 1131352222
4189 1131352844 1131352844
7983 1131352837 1131352851
7297 1131352215 1131352865
1157 1131352858 1131352865
5993 1131352865 1131352865
6734 1131352851 1131353415
4189 1131354518 1131354532
8084 1131355118 1131355118
1979 1131355697 1131355697
7297 1131354511 1131355711
4189 1131355697 1131355711
6734 1131355711 1131355711
10155 1131356862 1131356862
6603 1131356862 1131356862
1380 1131356862 1131356862
7297 1131357466 1131357466
4189 1131357466 1131357466
90 1131357471 1131357471
7728 1131357466 1131357474
6750 1131357466 1131357474
1579 1131357466 1131357480
4570 1131355118 1131357487
10353 1131357466 1131357487
4930 1131357480 1131357487
1979 1131357480 1131357487
4919 1131357487 1131357487
5706 1131349896 1131358064
7911 1131358050 1131358064
7625 1131358050 1131358064
6865 1131358050 1131358064
8272 1131358057 1131358064
5448 1131358064 1131358064
10155 1131357474 1131358613
2831 1131358620 1131358620
3959 1131358613 1131358634
5027 1131359221 1131359221
8000 1131359221 1131359221
3124 1131359221 1131359221
7066 1131359793 1131359793
1142 1131360396 1131360396
10511 1131348754 1131360948
5027 1131360396 1131360948
1121 1131360941 1131360948
1997 1131360955 1131360955
9561 1131361526 1131361526
5706 1131359221 1131361533
4997 1131362117 1131362117
9933 1131363245 1131363252
5706 1131363245 1131363252
178 1131363252 1131363252
5053 1131363245 1131365012
4043 1131365012 1131365012
6857 1131365019 1131365019
4063 1131365621 1131365621
7297 1131365621 1131365621
3691 1131365621 1131365621
4189 1131365621 1131365621
10271 1131366797 1131366797
3691 1131366797 1131366797
4189 1131366797 1131366797
6305 1131366790 1131366803
2198 1131366790 1131366810
9492 1131366803 1131366810
4921 1131367406 1131367406
11093 1131367406 1131367406
7297 1131366797 1131367960
7842 1131367406 1131367960
4189 1131367960 1131367960
2831 1131368523 1131368523
10273 1131369673 1131369673
10511 1131361533 1131369680
5706 1131366790 1131369680
7160 1131369673 1131369680
1103 1131370221 1131370221
4301 1131370228 1131370228
5765 1131370228 1131370242
4632 1131370235 1131370830
4485 1131371956 1131371956
585 1131371956 1131371956
6853 1131372548 1131372548
7532 1131372548 1131372555
10346 1131372555 1131372555
1030 1131373686 1131373686
8804 1131373686 1131373686
6857 1131374278 1131374278
7667 1131374852 1131374866
5706 1131370830 1131376013
7236 1131384748 1131384748
4189 1131423999 1131423999
7297 1131423999 1131424610
3313 1131426972 1131426972
6669 1131426972 1131426972
2831 1131426972 1131426979
3313 1131426993 1131427552
5571 1131428155 1131428155
4189 1131428162 1131428162
7297 1131428162 1131428756
2859 1131428756 1131428756
7297 1131429918 1131429918
2859 1131430523 1131430523
4189 1131430523 1131430523
8529 1131431675 1131431675
10155 1131432283 1131432283
10509 1131433484 1131433484
10321 1131434587 1131434587
7895 1131435174 1131435174
4691 1131436300 1131436300
7639 1131436300 1131436307
7859 1131436300 1131436307
10511 1131431675 1131437470
5706 1131436300 1131438033
3012 1131438033 1131438033
860 1131438598 1131438598
6211 1131438598 1131438598
1705 1131439204 1131439204
1720 1131439808 1131439808
7438 1131440380 1131440380
7722 1131440380 1131440387
10140 1131440958 1131440958
5280 1131440958 1131440958
7297 1131440958 1131441519
10510 1131441519 1131441519
4189 1131441519 1131441526
5264 1131441526 1131442075
10511 1131438598 1131442653
5706 1131439808 1131442653
8552 1131442653 1131442653
7956 1131442653 1131442653
10275 1131443213 1131443213
4783 1131443206 1131443220
9682 1131444336 1131444336
3304 1131444923 1131444923
6807 1131442653 1131444930
10533 1131443792 1131444930
5264 1131444923 1131444930
1341 1131445512 1131445519
8393 1131445512 1131445519
4361 1131445512 1131445519
9682 1131445512 1131445525
6722 1131445512 1131445525
1900 1131445519 1131445525
3379 1131445525 1131445525
10533 1131445525 1131446732
5706 1131443792 1131447313
4191 1131447313 1131447313
5951 1131447313 1131447313
3741 1131447885 1131447885
4849 1131447885 1131447899
10511 1131443792 1131448476
8963 1131448476 1131448476
10729 1131449086 1131449086
6056 1131449685 1131449685
5250 1131450237 1131450237
1387 1131450244 1131450244
3796 1131450244 1131450244
8309 1131450237 1131450849
9601 1131451406 1131451406
4839 1131451406 1131451969
3380 1131451969 1131451969
5706 1131449079 1131452563
5663 1131450849 1131452563
199 1131452563 1131452563
9160 1131451969 1131453147
4043 1131453147 1131453147
7009 1131453147 1131453147
6012 1131453750 1131453750
10975 1131453750 1131453750
4235 1131454320 1131454925
2737 1131454320 1131454925
9912 1131454911 1131454925
9902 1131454911 1131454925
4594 1131455478 1131455478
10511 1131449685 1131456046
2182 1131454911 1131456046
10864 1131457215 1131457215
2182 1131457215 1131457222
7993 1131458419 1131458419
5706 1131454911 1131461895
3446 1131469824 1131470431
