3656 1130503184 1130503184
4958 1130503551 1130503551
2666 1130504230 1130504230
1416 1130504237 1130504237
5128 1130504593 1130504593
3038 1130505293 1130505307
10599 1130505286 1130505314
5836 1130506377 1130506377
7712 1130503184 1130506720
7305 1130507763 1130507763
5865 1130507756 1130507770
16 1130508515 1130508515
7200 1130508501 1130508841
2127 1130509178 1130509178
6007 1130509536 1130509536
6495 1130509903 1130509903
10409 1130509903 1130509903
345 1130510270 1130510270
2335 1130511347 1130511347
9860 1130511347 1130511347
5443 1130511735 1130511735
4664 1130512079 1130512079
5244 1130512408 1130512408
10708 1130512422 1130512436
1012 1130512408 1130512450
5244 1130512436 1130512450
8511 1130512443 1130512450
9322 1130513861 1130513861
10997 1130513861 1130513861
7413 1130514219 1130514219
5414 1130514219 1130514219
3767 1130515662 1130515662
7712 1130510984 1130516369
7638 1130516369 1130516369
7384 1130516726 1130516726
8388 1130517059 1130517066
3002 1130519173 1130519173
6413 1130519871 1130519871
6215 1130520576 1130520583
1971 1130520569 1130520597
6479 1130520590 1130520597
255 1130520590 1130520597
1902 1130520597 1130520597
10441 1130521621 1130521621
4664 1130522660 1130522660
3511 1130522660 1130522660
7712 1130518833 1130524072
10779 1130526151 1130526151
5815 1130534322 1130534322
1960 1130536817 1130536817
7411 1130546283 1130546283
6543 1130549099 1130549099
7190 1130549458 1130549458
10964 1130550871 1130550871
10033 1130550871 1130550871
9870 1130550871 1130550871
8211 1130551207 1130551207
1982 1130572582 1130572582
6792 1130574378 1130574378
7545 1130578596 1130578596
7712 1130579291 1130579291
10733 1130580012 1130580012
4739 1130581059 1130581059
9472 1130581059 1130581066
9669 1130581066 1130581066
6205 1130582783 1130582783
4288 1130582790 1130582790
4875 1130583491 1130583491
1697 1130584202 1130584216
11241 1130584564 1130584564
1872 1130584933 1130584933
10734 1130584933 1130584933
270 1130584564 1130585292
5435 1130586371 1130586371
10392 1130587093 1130587452
7370 1130587809 1130587809
5785 1130588143 1130588143
5435 1130588150 1130588150
6949 1130588143 1130588157
6026 1130588157 1130588157
2210 1130589239 1130589239
5417 1130589590 1130589590
4825 1130589956 1130589956
7712 1130580355 1130589963
1764 1130589942 1130589963
10727 1130589942 1130589963
2090 1130590290 1130590290
1020 1130591384 1130591724
506 1130591724 1130592064
4729 1130592064 1130592064
10956 1130592404 1130592404
5595 1130592404 1130592404
9820 1130592404 1130592404
3937 1130592752 1130592759
7334 1130592759 1130592759
6385 1130592752 1130592766
8908 1130592766 1130592766
3952 1130592766 1130592766
7712 1130590304 1130593125
1134 1130593125 1130593125
5789 1130593132 1130593132
9756 1130593481 1130593481
9852 1130593816 1130593816
3959 1130593816 1130593816
1324 1130594194 1130594194
1174 1130594894 1130594894
9774 1130594901 1130594901
2514 1130595243 1130595243
1854 1130596627 1130596627
6439 1130596986 1130596986
3959 1130596986 1130596986
11144 1130596986 1130596986
3452 1130596986 1130596986
505 1130597323 1130597323
5591 1130598378 1130598378
3859 1130598733 1130598733
5869 1130599072 1130599079
5488 1130599425 1130599425
2639 1130599425 1130599425
7035 1130599432 1130599432
5704 1130600106 1130600106
7712 1130597682 1130600446
6763 1130600446 1130600446
2251 1130600446 1130600446
2215 1130601474 1130601474
2676 1130602538 1130602538
9208 1130602538 1130602538
11111 1130602884 1130602884
7182 1130603228 1130603228
6193 1130603228 1130603228
10888 1130603228 1130603228
2632 1130604279 1130604286
11018 1130604286 1130604286
10830 1130605006 1130605006
3097 1130605006 1130605006
1773 1130605006 1130605006
7712 1130601123 1130607856
3746 1130616240 1130616240
8486 1130617625 1130617632
6870 1130625024 1130625024
7351 1130627798 1130627798
6728 1130630631 1130630631
1254 1130634768 1130634768
7701 1130636139 1130636153
5451 1130636514 1130636514
5314 1130637553 1130637553
693 1130639978 1130639978
5970 1130667474 1130667474
3911 1130668876 1130668876
6893 1130668876 1130668876
4738 1130669555 1130669555
4119 1130672015 1130672022
4879 1130672354 1130672354
1569 1130672354 1130672354
3870 1130672354 1130672361
6641 1130674826 1130674826
1978 1130674826 1130675549
1891 1130675187 1130675549
8872 1130675549 1130675549
8873 1130675549 1130675549
5552 1130675895 1130675902
9539 1130676257 1130676257
196 1130676257 1130676264
3937 1130676630 1130676637
3577 1130677707 1130677707
7186 1130677707 1130677707
2192 1130678062 1130678062
6330 1130681239 1130681239
1119 1130681623 1130681623
984 1130682293 1130682293
9352 1130682293 1130682293
296 1130682293 1130682293
9340 1130682293 1130682293
4568 1130683341 1130683348
3711 1130684060 1130684060
300 1130684060 1130684060
11024 1130685116 1130685123
978 1130687188 1130687188
7889 1130687188 1130687188
7545 1130688237 1130688237
8784 1130688604 1130688604
2044 1130689289 1130689289
5770 1130689289 1130689289
9046 1130689289 1130689289
2823 1130690001 1130690008
6041 1130690333 1130690340
10605 1130690674 1130690681
7712 1130690674 1130690695
8157 1130692773 1130692773
9521 1130695538 1130695538
9022 1130702461 1130702461
4103 1130714439 1130714439
9591 1130747467 1130747467
11062 1130752719 1130752719
7712 1130753054 1130753400
9204 1130753054 1130754089
11062 1130754089 1130754096
8704 1130755475 1130755475
8704 1130755840 1130755840
9443 1130756912 1130756912
11062 1130756912 1130756912
9204 1130756912 1130757282
11062 1130757971 1130757971
9204 1130758333 1130758333
2620 1130759035 1130759035
9182 1130762135 1130762142
7538 1130762486 1130762486
9674 1130762493 1130762493
1524 1130763553 1130763553
1523 1130763553 1130763553
9043 1130763896 1130763896
9600 1130764231 1130764231
9252 1130764231 1130764231
7712 1130754089 1130764579
1979 1130764579 1130764579
841 1130764579 1130764579
2648 1130764935 1130764942
10892 1130765669 1130765669
9204 1130766043 1130766043
5558 1130766043 1130766043
10857 1130766404 1130766404
5955 1130766404 1130766404
7712 1130766404 1130766746
9563 1130769534 1130769534
5363 1130769548 1130769548
8226 1130769910 1130769910
7712 1130769917 1130769917
10715 1130770983 1130770983
2466 1130771338 1130771338
11208 1130771703 1130771703
7712 1130771345 1130772056
9135 1130772056 1130772056
9967 1130773480 1130773487
7712 1130773106 1130774888
9134 1130774888 1130774888
4715 1130774902 1130774902
1382 1130780109 1130780109
7712 1130775242 1130780807
4413 1130781163 1130781163
1128 1130789273 1130789273
4533 1130792092 1130792113
2189 1130796984 1130796984
5586 1130807870 1130807870
6581 1130809282 1130809282
9113 1130831686 1130831686
2790 1130834147 1130834147
640 1130837673 1130837673
9204 1130838740 1130838740
8563 1130839455 1130839455
11062 1130839092 1130839462
9204 1130839455 1130840535
4396 1130840535 1130840535
5876 1130841202 1130841202
6715 1130841904 1130841904
11062 1130842588 1130842927
9204 1130841904 1130843305
3403 1130843991 1130843998
9204 1130844348 1130844348
9204 1130845058 1130845058
11062 1130845058 1130845058
5001 1130845388 1130845388
351 1130846060 1130846060
9204 1130846414 1130846421
5543 1130846414 1130846421
11062 1130846414 1130846421
864 1130847131 1130847131
9204 1130847803 1130848157
9534 1130851650 1130851650
2716 1130851983 1130851983
10377 1130852667 1130852667
6458 1130852667 1130852667
9728 1130852681 1130852681
9204 1130852667 1130852695
11062 1130853050 1130853050
10626 1130854093 1130854093
9204 1130854093 1130854093
10395 1130854769 1130854769
1379 1130856192 1130856192
5778 1130856908 1130856908
846 1130858689 1130858689
9934 1130859425 1130859425
3663 1130861542 1130861542
3352 1130861882 1130861882
4305 1130862214 1130862214
8976 1130869957 1130869957
5551 1130871373 1130871373
6931 1130871373 1130871373
4666 1130874473 1130874473
9555 1130876238 1130876238
5083 1130876573 1130876573
7488 1130878010 1130878010
9544 1130882974 1130882981
9591 1130917223 1130917230
7229 1130925005 1130925005
1508 1130927178 1130927178
2965 1130928603 1130928610
5496 1130929333 1130929333
5090 1130930740 1130930740
2421 1130931789 1130931789
6548 1130932165 1130932165
9555 1130932526 1130932526
10549 1130933226 1130933226
8308 1130933588 1130933588
2493 1130933588 1130933595
6211 1130933588 1130933595
10713 1130933943 1130933943
10453 1130934667 1130934674
4763 1130935011 1130935011
9125 1130935737 1130935737
9375 1130936815 1130936815
862 1130939898 1130939905
7793 1130940576 1130940576
7033 1130941262 1130941262
7453 1130941262 1130941262
6210 1130941262 1130941269
695 1130941948 1130941955
9001 1130942642 1130942642
3663 1130944069 1130944083
4252 1130944787 1130944794
10042 1130945489 1130945489
9848 1130945489 1130945496
10043 1130945489 1130945496
3888 1130946193 1130947220
9048 1130951462 1130951462
6855 1130954570 1130954570
8875 1130958775 1130958775
7019 1130963000 1130963000
9637 1130968414 1130968414
3730 1130971627 1130971627
8828 1130977553 1130977553
5570 1130978266 1130978266
8727 1130979666 1130979680
4833 1130979680 1130979680
4760 1131002449 1131002449
4785 1131004615 1131004615
3133 1131007473 1131007473
5654 1131010238 1131010238
11062 1131010238 1131010587
11062 1131011945 1131011945
9204 1131012274 1131012274
4849 1131012274 1131012624
11062 1131012989 1131012989
9204 1131013377 1131013377
7297 1131013709 1131013709
7684 1131014770 1131014770
2168 1131015125 1131015125
8058 1131015481 1131015481
4257 1131015832 1131015839
6191 1131016168 1131016168
11062 1131017176 1131017176
3679 1131017176 1131017176
8253 1131017528 1131017535
8534 1131018547 1131018547
9559 1131018915 1131018915
11062 1131019288 1131019288
3729 1131020308 1131020308
5608 1131020644 1131020644
11062 1131022068 1131022068
5655 1131024184 1131024191
11062 1131024191 1131024191
3588 1131030118 1131030118
5006 1131030808 1131030808
961 1131031540 1131032219
266 1131032581 1131032581
1608 1131033956 1131033956
5766 1131034639 1131034646
5254 1131034980 1131034980
1043 1131034980 1131034980
8950 1131042430 1131042430
472 1131050130 1131050130
1889 1131064483 1131064483
9949 1131064844 1131064844
1667 1131065577 1131065577
4760 1131081209 1131081209
3038 1131085711 1131085711
9204 1131087817 1131087817
11062 1131090234 1131090606
10376 1131090613 1131090613
9204 1131090620 1131090620
9388 1131091299 1131091299
9543 1131094498 1131094505
9707 1131095230 1131095230
9395 1131095230 1131095230
11062 1131095230 1131095230
4340 1131099104 1131099111
5661 1131100479 1131100479
6361 1131100479 1131100479
1938 1131100486 1131100486
3283 1131100493 1131100500
5156 1131100479 1131100507
11003 1131100479 1131100507
11003 1131101567 1131101567
5156 1131101567 1131101574
9946 1131102586 1131102586
8555 1131102586 1131102600
5388 1131102600 1131102600
4786 1131103338 1131103338
9944 1131104010 1131104010
8772 1131104342 1131104342
6219 1131104349 1131104349
2469 1131104708 1131104708
9629 1131104708 1131105061
4479 1131105061 1131105061
442 1131105413 1131105413
9944 1131105769 1131105769
3987 1131106470 1131106470
10294 1131106822 1131106822
11059 1131107156 1131107156
2039 1131107838 1131107845
9204 1131107852 1131107852
1987 1131107504 1131107859
3580 1131108549 1131108549
4928 1131109269 1131109269
7998 1131109636 1131109636
486 1131109997 1131109997
9204 1131109997 1131109997
8235 1131111074 1131111074
2628 1131111074 1131111074
7280 1131111431 1131111431
24 1131112158 1131112158
2628 1131112491 1131112491
5312 1131112835 1131112835
3081 1131112842 1131112842
2628 1131112856 1131112856
8551 1131113195 1131113195
2352 1131113195 1131113195
9133 1131113202 1131113202
10001 1131113874 1131113874
10362 1131113531 1131114200
3859 1131114200 1131114200
7317 1131115599 1131115599
2072 1131116282 1131116282
4173 1131116997 1131116997
9277 1131117694 1131117694
243 1131118400 1131118407
4416 1131118400 1131118407
6970 1131118407 1131118407
2224 1131119457 1131119457
8226 1131120818 1131120818
1425 1131121519 1131121519
3682 1131137199 1131137199
9306 1131139970 1131139970
4916 1131144180 1131144180
8151 1131150563 1131150563
10041 1131150951 1131150951
9591 1131172724 1131172724
2321 1131173063 1131173063
9988 1131172731 1131173070
6962 1131173755 1131173755
9204 1131173762 1131173762
8083 1131175203 1131175210
2004 1131176304 1131176304
9204 1131176304 1131176304
1425 1131176970 1131176970
5435 1131178038 1131178038
2539 1131179089 1131179089
2820 1131179440 1131179440
4020 1131179781 1131179781
5973 1131179781 1131179781
5461 1131180139 1131180139
9204 1131180467 1131180467
1376 1131181183 1131181183
7246 1131181530 1131181530
3766 1131182197 1131182197
5790 1131182539 1131182539
6378 1131182539 1131182539
3067 1131183241 1131183241
5435 1131184656 1131184656
3553 1131184663 1131184663
9063 1131185348 1131185348
1178 1131185700 1131185700
6276 1131186056 1131186056
2958 1131186395 1131186395
2451 1131187089 1131187089
1178 1131187103 1131187103
570 1131187103 1131187103
637 1131186757 1131187777
9968 1131187777 1131187777
4891 1131188129 1131188129
8288 1131188129 1131188129
1359 1131188143 1131188143
10133 1131188473 1131188480
3885 1131188473 1131188810
3001 1131189148 1131189148
7616 1131189148 1131189148
6409 1131189514 1131189521
2109 1131189514 1131189521
10559 1131189521 1131189521
8896 1131189528 1131189528
9772 1131189514 1131190218
6900 1131190218 1131190218
1745 1131190218 1131190218
374 1131190920 1131190934
8840 1131190934 1131190934
8645 1131191292 1131191292
1393 1131191292 1131191299
5689 1131191299 1131191299
6035 1131191299 1131191299
1256 1131192291 1131192291
2401 1131192645 1131192645
9557 1131192972 1131192972
9186 1131192986 1131192986
2926 1131192291 1131192993
8778 1131192979 1131192993
2401 1131192993 1131192993
11072 1131193673 1131193673
185 1131193673 1131193673
7539 1131193673 1131193673
7206 1131193673 1131193673
3465 1131194038 1131194038
3348 1131194367 1131194367
1677 1131194367 1131194374
7712 1131195071 1131195071
2774 1131195432 1131195432
7768 1131195432 1131195432
5442 1131195766 1131195766
8645 1131195766 1131195773
2134 1131196123 1131196123
98 1131196123 1131196130
5111 1131196474 1131196481
4159 1131196847 1131196847
3699 1131197212 1131197212
10577 1131197562 1131197562
9900 1131197904 1131197904
7913 1131197911 1131197911
2516 1131198253 1131198253
9494 1131198253 1131198597
8530 1131198597 1131198597
7793 1131198597 1131198597
6065 1131199292 1131199299
8582 1131199663 1131199670
9313 1131200372 1131200372
5290 1131200720 1131200720
6659 1131201371 1131201378
10705 1131202083 1131202083
10136 1131204537 1131204558
7230 1131204537 1131204558
9198 1131206319 1131206319
1425 1131206693 1131206693
543 1131208831 1131208831
4666 1131209200 1131209200
6896 1131209539 1131209539
11115 1131213137 1131213137
7366 1131216026 1131216026
2111 1131218855 1131218855
3795 1131220975 1131220975
6536 1131222685 1131222685
9739 1131222692 1131222692
10838 1131224805 1131224805
2201 1131226904 1131226904
6265 1131227264 1131227271
7835 1131228326 1131228326
4160 1131233883 1131233883
339 1131233890 1131233890
9431 1131266789 1131266789
6659 1131266782 1131267142
6291 1131267854 1131267854
5416 1131269949 1131269949
3772 1131270649 1131270656
252 1131270656 1131270656
6964 1131272832 1131272839
9057 1131275327 1131275327
9245 1131275327 1131275327
1017 1131276022 1131276022
11020 1131277369 1131277369
2138 1131279518 1131279518
3551 1131280173 1131280173
3495 1131280173 1131280173
10707 1131280538 1131280538
6143 1131283275 1131283275
9686 1131285716 1131285716
5115 1131290992 1131290992
8879 1131291670 1131291670
2586 1131295594 1131295594
6417 1131343243 1131343243
2790 1131344656 1131344656
2104 1131346422 1131346422
786 1131347137 1131347137
7654 1131348599 1131348599
9517 1131349629 1131349650
11062 1131349650 1131349650
9204 1131349650 1131349650
9204 1131351105 1131351449
8255 1131351449 1131351449
11062 1131351449 1131351449
4576 1131352462 1131352814
7516 1131353495 1131353495
9972 1131354195 1131354195
8228 1131354887 1131354894
10850 1131355256 1131355256
4915 1131355949 1131355949
4008 1131356291 1131356298
9204 1131356644 1131356651
1257 1131356644 1131356651
5027 1131356291 1131357361
11062 1131357700 1131358060
9204 1131357700 1131358060
9357 1131358414 1131358414
7211 1131359165 1131359165
1371 1131359510 1131359510
4047 1131359510 1131359510
11062 1131359836 1131359843
9204 1131359836 1131360517
6865 1131360517 1131360517
1092 1131361186 1131361186
10124 1131361871 1131361871
8084 1131362236 1131362236
1847 1131362922 1131362929
3736 1131362922 1131362929
1093 1131362929 1131362929
5196 1131364626 1131364626
5396 1131364626 1131364626
6942 1131365343 1131365712
6854 1131366800 1131366800
4921 1131367545 1131367545
4930 1131367559 1131367566
916 1131367545 1131367573
9160 1131367573 1131367573
2628 1131369239 1131369246
5667 1131369927 1131369927
4725 1131369927 1131369927
2628 1131370658 1131370658
4424 1131371380 1131371380
9193 1131371712 1131371712
9193 1131371733 1131371733
2628 1131372088 1131372095
2050 1131372088 1131372467
2628 1131373543 1131373543
1415 1131377800 1131377800
5945 1131379203 1131379203
1062 1131382354 1131382354
6282 1131425963 1131425963
5330 1131426658 1131426658
9113 1131427001 1131427700
9204 1131427700 1131428724
9113 1131428724 1131428724
11062 1131429084 1131429084
2790 1131429435 1131429435
3105 1131431222 1131431222
11017 1131434367 1131434367
10721 1131434367 1131434374
6628 1131436803 1131436803
4803 1131437462 1131437462
707 1131440260 1131440260
10967 1131441951 1131441951
11062 1131442664 1131442664
9204 1131443003 1131443003
11062 1131444060 1131444060
9204 1131444060 1131444060
5593 1131444060 1131444060
11062 1131445153 1131445153
3036 1131445483 1131445483
11062 1131445864 1131445864
1053 1131445864 1131445864
9204 1131444786 1131445871
11062 1131446550 1131446550
5503 1131446905 1131446905
6595 1131446905 1131446912
9204 1131447587 1131447587
1780 1131448318 1131448318
11062 1131450103 1131450458
9204 1131450444 1131450465
9572 1131450451 1131450465
7671 1131451503 1131451503
336 1131452252 1131452252
8561 1131452593 1131452593
478 1131453661 1131453997
1128 1131455077 1131455077
1639 1131455077 1131455077
6417 1131458197 1131458197
83 1131459892 1131459892
8226 1131460941 1131460941
10608 1131461979 1131461979
7825 1131465515 1131465515
3038 1131466207 1131466207
2082 1131512332 1131512332
4201 1131514433 1131514433
9204 1131515820 1131515820
8598 1131519627 1131519627
6683 1131521029 1131521029
7030 1131521391 1131521391
11071 1131521391 1131521391
6211 1131521391 1131521391
1841 1131525178 1131525178
1400 1131525520 1131525520
2869 1131525880 1131525887
1911 1131527279 1131527293
9449 1131527279 1131527293
8384 1131527293 1131527293
5900 1131529420 1131529420
5210 1131529420 1131529420
6909 1131529420 1131529420
9204 1131529767 1131529767
4341 1131530438 1131530438
4444 1131531145 1131531145
6908 1131531521 1131531528
8180 1131531892 1131531892
10548 1131532236 1131532236
9527 1131532236 1131532236
10505 1131533298 1131533298
3340 1131534038 1131534045
11062 1131534711 1131534711
10323 1131535783 1131535783
3435 1131536115 1131536115
9204 1131536115 1131537151
7570 1131537151 1131537151
11062 1131537831 1131537831
3352 1131537831 1131537838
11064 1131539282 1131539289
8226 1131543242 1131543242
5051 1131544935 1131544935
3804 1131544935 1131545303
8458 1131546020 1131546020
10016 1131547784 1131547784
102 1131560919 1131560919
10709 1131596489 1131596489
5646 1131598947 1131598947
11062 1131600679 1131601401
6474 1131601401 1131601401
5299 1131602452 1131602452
5956 1131602792 1131602799
11062 1131603863 1131603863
7377 1131606991 1131606991
7297 1131608363 1131608363
2169 1131608363 1131608370
5074 1131608723 1131608723
9613 1131608723 1131608723
9204 1131609757 1131609757
10748 1131610828 1131610828
9603 1131610842 1131610842
2189 1131611183 1131611183
10370 1131613638 1131613638
5662 1131614002 1131614335
1283 1131614677 1131614677
5349 1131615020 1131615020
3387 1131615027 1131615027
9204 1131616067 1131616067
3911 1131617521 1131617521
1671 1131617846 1131617846
3820 1131618173 1131618173
11062 1131620273 1131620273
9204 1131620273 1131620273
1261 1131620967 1131620967
857 1131621658 1131621658
11062 1131621658 1131621658
10188 1131622329 1131622329
10183 1131623410 1131623410
1028 1131624455 1131624455
2487 1131629343 1131629357
9612 1131629724 1131629724
3820 1131629724 1131629724
3602 1131635351 1131635351
5604 1131647885 1131647885
6286 1131661607 1131661607
1420 1131664445 1131664445
9437 1131664445 1131664452
6868 1131679561 1131679561
5545 1131684060 1131684060
4201 1131685459 1131685459
4413 1131686141 1131686141
4859 1131687859 1131687859
6854 1131687880 1131687894
4338 1131692763 1131692763
9432 1131693472 1131693472
9204 1131693472 1131693472
7097 1131694174 1131694174
5324 1131693465 1131695176
5910 1131696212 1131696212
10724 1131697898 1131697898
2074 1131697898 1131697898
9587 1131697898 1131697905
10481 1131697905 1131697905
4414 1131699301 1131699301
6595 1131699632 1131699632
10865 1131699632 1131699971
10795 1131700333 1131700333
5930 1131700685 1131700692
9316 1131700692 1131700692
4093 1131701039 1131701046
5675 1131701046 1131701046
677 1131701414 1131701414
5043 1131701414 1131701414
2402 1131702436 1131702436
10803 1131702436 1131702436
9204 1131703845 1131703845
4348 1131703845 1131703873
9663 1131704256 1131704256
3016 1131704956 1131704956
341 1131705309 1131705309
4693 1131705309 1131705309
6932 1131705309 1131705316
3808 1131705986 1131705986
758 1131706363 1131706363
3808 1131706370 1131706370
4813 1131707090 1131707090
9694 1131707090 1131707090
11048 1131707090 1131707090
6177 1131708132 1131708132
1937 1131708132 1131708132
5762 1131709214 1131709214
1638 1131709552 1131709552
9803 1131709559 1131709559
9160 1131710221 1131710221
7394 1131711618 1131711618
6284 1131711625 1131711625
9809 1131712339 1131712339
5910 1131712687 1131712687
2759 1131712687 1131712687
10710 1131714430 1131714430
9136 1131714788 1131714795
10491 1131715120 1131715127
8226 1131716159 1131716159
6452 1131716159 1131716159
6282 1131716490 1131716497
9177 1131716497 1131716497
9886 1131716497 1131716497
7713 1131720689 1131720689
4769 1131724900 1131724907
8355 1131734700 1131734707
7679 1131735746 1131735746
144 1131736800 1131736800
6461 1131743799 1131743799
7914 1131748654 1131748661
745 1131771196 1131771196
9487 1131771552 1131771552
4522 1131771899 1131771899
1920 1131772932 1131772932
3034 1131773643 1131773650
1086 1131774998 1131775005
5368 1131775726 1131775726
10307 1131775726 1131775726
4074 1131776058 1131776058
886 1131776725 1131776725
286 1131777086 1131777086
10916 1131777107 1131777107
9964 1131777107 1131777121
1864 1131777468 1131777468
1979 1131777798 1131777798
6105 1131778461 1131778461
3543 1131779147 1131779147
10307 1131779154 1131779154
10065 1131779488 1131779488
5132 1131779488 1131779488
3066 1131780574 1131780574
11136 1131780932 1131780932
3901 1131780932 1131780939
8404 1131780939 1131780939
8341 1131781282 1131781282
5979 1131781623 1131781623
8562 1131781993 1131781993
2544 1131781993 1131781993
2613 1131782719 1131782726
5477 1131783442 1131783442
2441 1131783789 1131783789
9044 1131784129 1131784143
8102 1131784143 1131784143
7110 1131784488 1131784488
3894 1131784495 1131784495
983 1131785195 1131785195
3694 1131785202 1131785202
3528 1131785890 1131785890
3405 1131786219 1131786219
5745 1131786219 1131786219
4552 1131786219 1131786219
8562 1131787275 1131787282
3418 1131787275 1131787289
8377 1131787654 1131787654
371 1131787661 1131787661
2903 1131787661 1131787668
1882 1131788018 1131788018
3363 1131788018 1131788018
8465 1131788018 1131788346
1128 1131788346 1131788346
7761 1131789036 1131789036
9773 1131789036 1131789043
4459 1131789043 1131789043
5344 1131789036 1131789050
8064 1131790476 1131790476
3787 1131790839 1131790839
11168 1131790839 1131790839
3447 1131791190 1131791190
10557 1131791197 1131791197
10558 1131791197 1131791197
4895 1131791204 1131791204
2158 1131791190 1131791211
1299 1131791211 1131791211
2414 1131791547 1131791547
6303 1131791547 1131791554
4895 1131791909 1131791909
3730 1131791909 1131791909
8579 1131791909 1131791909
3290 1131792281 1131792281
3971 1131793681 1131793681
11343 1131793681 1131793681
3021 1131793688 1131793688
9602 1131794389 1131794389
3965 1131794772 1131794772
