3 1130493728 1130493728
23 1130493728 1130493728
4 1130493730 1130493730
9 1130493730 1130493730
2 1130493730 1130493730
7020 1130493728 1130493734
1131 1130493728 1130493734
18 1130493728 1130493734
15 1130493728 1130494319
33 1130493730 1130494319
19 1130493730 1130494319
30 1130493730 1130494908
10 1130494908 1130494908
6 1130493730 1130496033
13 1130493734 1130496033
26 1130493730 1130496586
17 1130496586 1130496586
19 1130496586 1130496586
5 1130493728 1130497147
33 1130497147 1130497147
35 1130493728 1130497700
10 1130496586 1130497700
23 1130494908 1130497706
19 1130498257 1130498257
5 1130498257 1130498257
4 1130494908 1130498814
2 1130497700 1130498814
26 1130498814 1130498814
3010 1130494319 1130498818
18 1130497700 1130498818
15 1130498257 1130498818
20 1130494319 1130499392
23 1130498818 1130499392
10 1130499392 1130499392
35 1130498818 1130499950
6 1130499950 1130499950
24 1130497706 1130499954
1131 1130497700 1130499960
2 1130499950 1130499960
14 1130499954 1130499960
3010 1130499954 1130499960
33 1130499954 1130499960
19 1130499954 1130499960
7020 1130498257 1130500531
5 1130499392 1130500531
6 1130500531 1130500531
26 1130500531 1130500531
15 1130500531 1130500531
18 1130500531 1130500531
20 1130500531 1130500531
4 1130499950 1130501695
118 1130502295 1130502295
5294 1130502876 1130502876
4 1130502876 1130503459
4 1130504081 1130504081
118 1130505226 1130506924
5 1130511609 1130511609
118 1130512790 1130512790
4 1130513378 1130513385
4 1130513961 1130516330
7908 1130516920 1130516920
118 1130516920 1130518033
7908 1130518040 1130518040
7439 1130516920 1130519810
576 1130519810 1130519810
118 1130521557 1130521557
4 1130521550 1130522142
7908 1130522698 1130522698
118 1130523917 1130524508
7908 1130523917 1130525050
576 1130523303 1130526242
118 1130525649 1130526242
7908 1130526235 1130526801
7146 1130529087 1130529681
7146 1130531356 1130531363
7146 1130531946 1130531946
7908 1130533101 1130533108
4 1130533687 1130533701
7908 1130534887 1130534887
576 1130533101 1130536067
7908 1130536060 1130536067
118 1130533101 1130537801
7017 1130538938 1130538938
7273 1130538387 1130539525
5545 1130539525 1130539525
8594 1130540122 1130540122
756 1130540723 1130540723
4 1130540122 1130541287
15 1130541287 1130541287
118 1130544802 1130550551
576 1130544802 1130551664
576 1130552275 1130552275
576 1130552884 1130552884
7907 1130555196 1130555196
10114 1130555196 1130555196
576 1130556423 1130556423
576 1130557019 1130557019
576 1130557579 1130557579
576 1130558182 1130558182
11214 1130559283 1130559283
7131 1130567358 1130567358
11163 1130567358 1130567358
7894 1130567365 1130567365
7908 1130544802 1130581172
118 1130570245 1130582347
7908 1130586386 1130586977
118 1130582949 1130590938
8159 1130599098 1130599098
7558 1130599098 1130599098
6961 1130599098 1130599098
5718 1130599098 1130599098
6290 1130599098 1130599103
738 1130599098 1130599103
5700 1130599098 1130599103
6313 1130599098 1130599103
3156 1130599103 1130599103
4109 1130599103 1130599103
2015 1130599709 1130599709
1126 1130599709 1130599709
7918 1130599709 1130599709
8326 1130599709 1130599709
8837 1130599709 1130599709
2070 1130600277 1130600277
118 1130601421 1130601435
7908 1130601428 1130601435
4 1130602000 1130602021
576 1130602576 1130602576
576 1130603749 1130604932
576 1130606122 1130606122
118 1130602576 1130606150
576 1130606150 1130606150
7908 1130602576 1130606734
8594 1130607314 1130607314
576 1130606741 1130607896
7908 1130608452 1130608459
576 1130609048 1130609635
576 1130610807 1130610807
576 1130612573 1130613169
576 1130614326 1130614326
576 1130616039 1130616039
118 1130607896 1130616622
576 1130622072 1130622086
118 1130617249 1130624948
576 1130624948 1130624948
7017 1130625523 1130626104
7542 1130625523 1130627235
4 1130623802 1130629024
118 1130629567 1130634225
576 1130630174 1130636621
576 1130672468 1130672468
118 1130655191 1130673612
10992 1130675380 1130675380
8281 1130675949 1130677164
1451 1130677164 1130677164
3783 1130677164 1130677164
6927 1130677771 1130677771
296 1130678326 1130678326
9352 1130678326 1130678333
181 1130678880 1130678880
1521 1130678880 1130678880
765 1130680619 1130681219
118 1130681825 1130683599
118 1130684743 1130684757
576 1130684743 1130684757
118 1130685914 1130685914
576 1130685921 1130688136
118 1130687038 1130691049
118 1130691612 1130691612
118 1130693392 1130693399
4 1130692822 1130695772
576 1130699882 1130700496
4 1130700496 1130701071
576 1130702275 1130702275
118 1130699882 1130702289
576 1130704058 1130704065
4 1130705812 1130705812
118 1130702310 1130707560
4 1130708748 1130708748
118 1130709326 1130710479
4 1130711056 1130711620
118 1130712194 1130713327
118 1130714505 1130714505
118 1130715651 1130715651
118 1130717322 1130717896
576 1130717910 1130717910
118 1130718511 1130718511
118 1130720767 1130723640
576 1130720767 1130723640
118 1130724218 1130727108
576 1130724777 1130727702
118 1130728259 1130728273
118 1130728857 1130735707
118 1130736265 1130736265
118 1130736850 1130737394
118 1130738535 1130742571
118 1130743185 1130746684
4 1130747801 1130747801
118 1130747256 1130750720
118 1130751892 1130753066
118 1130753087 1130754300
118 1130754901 1130760679
118 1130762411 1130763551
118 1130764157 1130770465
576 1130764143 1130770472
5 1130771599 1130771599
2252 1130771599 1130771606
118 1130773833 1130775603
118 1130776755 1130776755
118 1130779027 1130779027
118 1130783705 1130788238
576 1130788238 1130788238
4 1130788821 1130792862
4 1130794660 1130794660
118 1130798716 1130798716
118 1130799931 1130805123
576 1130810947 1130810954
576 1130812071 1130812657
118 1130830793 1130835977
9794 1130837171 1130837185
15 1130837178 1130837185
25 1130837185 1130837185
3 1130837171 1130837192
27 1130837185 1130837192
3010 1130837762 1130837762
15 1130837762 1130837762
6 1130837769 1130837769
13 1130838325 1130838325
15 1130838332 1130838332
2 1130838325 1130838346
6189 1130838339 1130838346
3010 1130838346 1130838346
4 1130836567 1130838940
20 1130837762 1130838947
2 1130838947 1130839505
15 1130839505 1130839505
10 1130837762 1130840108
7020 1130837762 1130840108
6 1130838339 1130840108
3010 1130840108 1130840108
4 1130840108 1130840108
19 1130837762 1130840653
14 1130837762 1130840653
26 1130840660 1130840667
13 1130838346 1130841238
2 1130841238 1130841238
15 1130841243 1130841243
19 1130841243 1130841243
14 1130841238 1130841827
26 1130841827 1130841827
6189 1130839505 1130842383
9 1130841243 1130842383
10091 1130841238 1130842962
1767 1130841238 1130842962
6 1130841238 1130843562
2 1130842955 1130843562
26 1130843562 1130843562
4 1130840667 1130844158
7020 1130841238 1130844158
20 1130841827 1130844158
3010 1130842383 1130844158
19 1130842955 1130844158
15 1130842962 1130844158
14 1130842962 1130844158
6189 1130844158 1130844158
118 1130845331 1130845331
9272 1130846500 1130846521
4 1130846500 1130846521
576 1130848823 1130848823
576 1130849946 1130849946
576 1130851107 1130851107
576 1130853397 1130853397
576 1130854563 1130854563
118 1130848823 1130855724
576 1130855717 1130856318
118 1130856886 1130856900
576 1130857484 1130857484
2644 1130858653 1130859797
2644 1130861531 1130861531
824 1130866119 1130866119
3579 1130867335 1130867335
7017 1130867335 1130867335
118 1130868536 1130869135
576 1130868536 1130878425
576 1130878980 1130879583
576 1130883588 1130887520
576 1130887541 1130889287
576 1130891023 1130891023
11400 1130892707 1130892707
576 1130892159 1130894421
571 1130894421 1130894421
580 1130894993 1130894993
11381 1130895545 1130895545
576 1130895545 1130895545
573 1130895559 1130895559
577 1130895559 1130895559
576 1130896760 1130896767
118 1130870864 1130896774
118 1130916011 1130917744
14 1130918915 1130919519
19 1130919519 1130919519
9 1130919519 1130919519
33 1130920091 1130920098
18 1130919519 1130920669
20 1130919519 1130921230
6 1130920669 1130921236
14 1130921230 1130921236
11297 1130921236 1130921236
115 1130921236 1130921236
15 1130921230 1130921785
4087 1130921785 1130921785
2 1130919519 1130921792
19 1130921792 1130921792
18 1130921792 1130921792
27 1130922363 1130922363
22 1130922363 1130922363
17 1130921792 1130922916
3010 1130922930 1130922930
5 1130918915 1130923502
15 1130922916 1130923502
33 1130923502 1130923502
6189 1130922923 1130924633
5 1130924640 1130924640
30 1130918915 1130925222
6189 1130925229 1130925236
20 1130921792 1130925838
30 1130925838 1130925838
6 1130925229 1130926436
15 1130925229 1130926436
4087 1130925236 1130926436
17 1130924640 1130926442
18 1130926436 1130927016
14 1130926436 1130927016
4087 1130927595 1130927595
15 1130927602 1130927609
19 1130928186 1130928186
4087 1130928186 1130928186
6 1130928794 1130928794
15 1130929393 1130929393
2 1130926442 1130929945
4087 1130929945 1130929945
14 1130928789 1130929950
33 1130927595 1130930555
20 1130929950 1130930555
17 1130927602 1130931112
23 1130927602 1130931675
6 1130930555 1130931675
18 1130927602 1130932269
4087 1130931112 1130932269
2 1130931112 1130932269
33 1130932269 1130932269
20 1130932269 1130932269
14 1130932269 1130932269
5 1130925838 1130933456
15 1130931675 1130933456
27 1130933456 1130933456
22 1130934026 1130934026
6855 1130934617 1130934631
10207 1130935184 1130935184
3592 1130934617 1130935752
1889 1130935184 1130935752
26 1130935745 1130935752
7002 1130935752 1130935752
5227 1130935752 1130935752
5454 1130936342 1130936342
7806 1130936342 1130936342
9920 1130936342 1130936349
7162 1130936921 1130936921
10869 1130936921 1130936921
4 1130918309 1130936928
3855 1130936921 1130936928
6961 1130936921 1130936928
9106 1130936928 1130936928
2838 1130936928 1130936928
8647 1130937520 1130937520
3451 1130938125 1130938132
2020 1130938125 1130938132
10494 1130939297 1130939304
1201 1130939297 1130939311
4625 1130939318 1130939318
1142 1130939881 1130939881
9655 1130939881 1130939881
5989 1130940430 1130940430
8273 1130940988 1130940995
5397 1130940988 1130940995
9207 1130940995 1130940995
3672 1130941601 1130941601
9002 1130941601 1130941601
118 1130944405 1130945548
576 1130945548 1130945555
118 1130946676 1130947818
576 1130947252 1130947818
118 1130949530 1130949530
118 1130950707 1130950728
576 1130951281 1130951281
118 1130953005 1130954168
118 1130955884 1130956460
576 1130955884 1130957002
118 1130958723 1130958723
576 1130960468 1130960468
118 1130961085 1130961085
4 1130961646 1130966269
118 1130968600 1130968600
576 1130968621 1130968621
118 1130969176 1130969759
11399 1130972085 1130972085
576 1130971492 1130979619
575 1130990089 1130990089
118 1131003566 1131003566
576 1130981934 1131006975
118 1131004737 1131006975
18 1131008143 1131008143
19 1131008750 1131008750
2 1131008750 1131008763
3010 1131008756 1131008763
10 1131008750 1131009319
2 1131009900 1131009900
30 1131008143 1131010492
19 1131009900 1131010492
14 1131008143 1131010499
10 1131010499 1131010499
18 1131011054 1131011054
15 1131008143 1131011649
11 1131011054 1131011649
30 1131011649 1131011649
2 1131011649 1131012204
23 1131012197 1131012204
29 1131012211 1131012211
14 1131012211 1131012754
30 1131012754 1131012761
11 1131012761 1131012761
23 1131012761 1131013322
18 1131013322 1131013322
29 1131013899 1131013899
17 1131013899 1131013899
4 1131008143 1131013906
14 1131013899 1131013906
2 1131013906 1131013906
15 1131012754 1131013913
1131 1131008143 1131013920
23 1131014479 1131014479
9 1131014479 1131014479
20 1131008143 1131014486
5 1131011054 1131014486
7587 1131014479 1131014486
3010 1131014479 1131014486
15 1131014486 1131014486
17 1131016795 1131016795
33 1131016795 1131016795
5 1131016206 1131017381
10 1131017381 1131017381
4087 1131011054 1131017386
1131 1131015057 1131017386
2 1131015057 1131017386
14 1131015663 1131017386
7587 1131016206 1131017386
3010 1131017381 1131017386
19 1131017386 1131017386
23 1131017386 1131017386
8594 1131018589 1131018589
9388 1131019181 1131019181
9388 1131019202 1131019202
10 1131019202 1131019216
7017 1131019216 1131019216
576 1131022098 1131022098
576 1131025008 1131025008
576 1131030905 1131030905
118 1131020353 1131033769
576 1131033202 1131034332
4 1131033202 1131034332
4 1131036675 1131036689
118 1131035517 1131036696
7439 1131037873 1131037873
7908 1131037873 1131039041
8167 1131039634 1131039634
5015 1131039634 1131039641
7785 1131039634 1131039641
5784 1131039634 1131039641
10445 1131039641 1131039641
1582 1131039641 1131039641
7347 1131040216 1131040216
5784 1131040792 1131040799
1233 1131041948 1131041948
4 1131037873 1131042490
7908 1131040792 1131042490
5015 1131042490 1131042490
2876 1131043070 1131043077
7664 1131043077 1131043077
1204 1131037873 1131043627
6685 1131041352 1131043627
2673 1131043077 1131043627
4 1131043084 1131043627
5784 1131043627 1131043627
1072 1131043627 1131043627
5015 1131043627 1131043627
3334 1131045366 1131045387
3959 1131045387 1131045387
8761 1131045366 1131047127
5631 1131047726 1131047726
9524 1131047719 1131047740
8292 1131047719 1131048877
7908 1131047127 1131049435
8761 1131048298 1131049435
36 1131050054 1131050054
576 1131055201 1131055201
118 1131054611 1131055814
576 1131056989 1131056989
7908 1131056398 1131058135
11340 1131062682 1131062682
118 1131056989 1131063253
576 1131066210 1131067370
7908 1131059852 1131087934
118 1131085621 1131087934
4087 1131089086 1131089100
15 1131089093 1131089100
30 1131089093 1131089689
6 1131089696 1131089696
4087 1131090303 1131090310
14 1131089093 1131090866
19 1131089689 1131091437
30 1131090860 1131091437
4087 1131091427 1131091997
2 1131091437 1131091997
20 1131091437 1131092003
15 1131090310 1131092010
6 1131090860 1131092010
19 1131092010 1131092576
14 1131091997 1131093172
2 1131093172 1131093172
30 1131092576 1131093758
4087 1131093758 1131094326
10 1131094326 1131094326
3010 1131092576 1131094874
33 1131092576 1131094881
15 1131094326 1131094881
23 1131089093 1131095483
14 1131095483 1131095490
5 1131095490 1131095490
19 1131093758 1131095497
20 1131094326 1131095497
2 1131094874 1131095497
4087 1131095490 1131095497
33 1131095497 1131095497
30 1131095497 1131095497
23 1131096085 1131096644
15 1131096644 1131096651
3010 1131096085 1131096658
6 1131096658 1131096658
19 1131097204 1131097773
4087 1131097204 1131098351
14 1131096651 1131098356
3010 1131098356 1131098356
5 1131098356 1131098356
23 1131098351 1131098923
33 1131098351 1131098930
4087 1131098930 1131098930
6 1131098923 1131099526
1204 1131088532 1131099533
3010 1131099533 1131099533
19 1131098930 1131100088
23 1131099533 1131100088
14 1131100088 1131100088
2 1131097773 1131100633
1767 1131100633 1131100633
15 1131098923 1131100647
4 1131089086 1131101248
6 1131101248 1131101248
5 1131100647 1131101252
17 1131100633 1131101258
33 1131100633 1131101258
2 1131101248 1131101258
20 1131099526 1131101835
14 1131101248 1131101835
18 1131089689 1131102392
23 1131100647 1131102392
19 1131101252 1131102392
4 1131101835 1131102392
6 1131102392 1131102392
15 1131102392 1131102392
10 1131104097 1131104097
4 1131104097 1131104691
118 1131105246 1131105246
7908 1131105813 1131106400
118 1131105820 1131106400
4 1131107008 1131107036
118 1131107600 1131107600
7908 1131107600 1131108196
118 1131108762 1131109370
576 1131111157 1131112312
7908 1131112312 1131112312
4 1131118551 1131119679
576 1131116324 1131120884
118 1131110553 1131121451
7908 1131114043 1131121451
4 1131121451 1131121451
4 1131123219 1131124350
7908 1131123779 1131126119
118 1131123779 1131126119
576 1131125529 1131126119
576 1131127880 1131128475
118 1131127866 1131129653
7908 1131127873 1131129653
576 1131129653 1131129653
118 1131130839 1131131391
7908 1131130839 1131131950
576 1131131950 1131131950
