23 1130493548 1130493548
13 1130493548 1130493548
18 1130493548 1130493548
1131 1130493548 1130493551
7020 1130493548 1130493553
2 1130493553 1130493553
26 1130493548 1130494138
30 1130493551 1130494727
33 1130494138 1130494727
20 1130493548 1130495309
5 1130493551 1130495309
9 1130493553 1130495852
15 1130494138 1130495852
33 1130496405 1130496405
35 1130493548 1130496966
13 1130495309 1130496966
3010 1130495852 1130496966
1 1130496966 1130496966
17 1130496966 1130496966
23 1130494138 1130497519
18 1130497519 1130497519
4 1130497519 1130497519
15 1130497519 1130497519
6 1130493553 1130498075
26 1130495852 1130498075
14 1130498075 1130498075
24 1130498075 1130498075
33 1130498075 1130498075
2 1130497524 1130498632
20 1130497524 1130498632
5 1130496966 1130498639
1131 1130497524 1130498639
18 1130498632 1130499213
20 1130499771 1130499771
26 1130499771 1130499776
5 1130499776 1130499776
15 1130498632 1130499780
14 1130499780 1130499780
19 1130493551 1130500351
7020 1130497519 1130500351
3010 1130498075 1130500351
35 1130498632 1130500351
24 1130499213 1130500351
23 1130499771 1130500351
20 1130500351 1130500351
6 1130499213 1130500920
33 1130499780 1130500920
1131 1130500920 1130500920
17 1130500920 1130500920
2 1130500920 1130500920
3492 1130502696 1130502696
3178 1130505602 1130544018
3178 1130545201 1130545201
3178 1130593624 1130599531
3741 1130601243 1130601257
313 1130601822 1130601843
8597 1130601843 1130601843
6967 1130603564 1130603564
7773 1130603571 1130603571
861 1130604158 1130604158
861 1130604754 1130604754
3463 1130604754 1130605356
6932 1130605356 1130605356
7080 1130604151 1130605370
203 1130604151 1130605370
2628 1130605951 1130605958
7917 1130605951 1130605965
9294 1130605951 1130605972
3871 1130605951 1130605972
676 1130605972 1130605972
6084 1130606549 1130606563
6367 1130606556 1130606563
3178 1130609457 1130610629
3178 1130612395 1130613573
3178 1130616437 1130617057
3178 1130617694 1130618312
3178 1130620098 1130621285
3178 1130626515 1130628223
3178 1130628839 1130629389
3178 1130631158 1130631714
784 1130673992 1130675202
3178 1130679296 1130679296
3178 1130681647 1130681661
3178 1130682253 1130684565
3178 1130685729 1130687958
3178 1130689723 1130690871
3178 1130691434 1130691434
3178 1130693207 1130693207
3178 1130699704 1130699704
3178 1130699725 1130699725
3178 1130700886 1130700886
3178 1130702097 1130702104
3178 1130702740 1130702740
3178 1130703880 1130703887
3178 1130706810 1130706810
3178 1130708570 1130709148
3178 1130713745 1130714904
15 1130749944 1130751124
19 1130751124 1130751124
9 1130749944 1130751707
13 1130749944 1130751713
2 1130749944 1130751713
33 1130750542 1130751713
6189 1130749345 1130751719
18 1130749944 1130751719
6 1130751707 1130751719
14 1130751719 1130751719
5 1130749944 1130752342
3010 1130752328 1130752342
13 1130752342 1130752342
15 1130751719 1130752886
19 1130751719 1130752893
9 1130752328 1130752893
10679 1130752893 1130752893
3010 1130752900 1130752900
4 1130752907 1130752907
6 1130752893 1130753509
20 1130749944 1130754113
15 1130752907 1130754113
9 1130754113 1130754127
4 1130754127 1130754127
15 1130754721 1130754721
11159 1130754721 1130754721
33 1130752886 1130755304
6189 1130752886 1130755304
13 1130752907 1130755304
19 1130754113 1130755304
20 1130754714 1130755304
15 1130756462 1130757066
19 1130757066 1130757066
14 1130757066 1130757066
3010 1130754721 1130757616
6 1130755304 1130757616
5 1130754113 1130758774
18 1130756462 1130758774
19 1130758774 1130758774
15 1130758774 1130758774
3010 1130758781 1130758781
25 1130759325 1130759325
9794 1130759325 1130759325
33 1130759926 1130759926
18 1130759926 1130760499
15 1130760499 1130761095
20 1130760492 1130761670
33 1130761095 1130761670
14 1130761095 1130761670
10888 1130759926 1130762231
5 1130760492 1130762231
2 1130762231 1130762231
18 1130762231 1130762231
6 1130759926 1130763350
2 1130763364 1130763378
6 1130763371 1130763378
32 1130765087 1130765094
3178 1130766287 1130770292
10811 1130771419 1130771419
8416 1130771419 1130771419
9696 1130771995 1130771995
3178 1130774830 1130803802
28 1130836998 1130836998
20 1130837582 1130837582
4 1130837582 1130837582
6 1130837589 1130837596
6189 1130838145 1130838145
2 1130838145 1130838152
1767 1130838159 1130838159
6 1130838159 1130838159
14 1130837582 1130838753
3010 1130838166 1130838753
4 1130838145 1130838767
19 1130838753 1130838767
2 1130838767 1130838767
14 1130839325 1130839928
20 1130838753 1130840473
6 1130838760 1130840480
15 1130839325 1130840480
3010 1130840480 1130840480
7020 1130837582 1130840487
1 1130837589 1130840487
6189 1130838753 1130840487
13 1130839928 1130840487
4 1130840473 1130840487
2 1130840487 1130840487
11 1130841058 1130841649
3178 1130843384 1130845723
3178 1130846939 1130866573
3178 1130867772 1130885651
3178 1130887349 1130887356
3178 1130887977 1130887977
3178 1130889109 1130891411
3178 1130893082 1130894815
3178 1130895381 1130895381
3178 1130898908 1130898908
3178 1130906505 1130906505
3178 1130906526 1130906526
3178 1130908289 1130908289
3178 1130913017 1130914120
3178 1130915833 1130915833
3178 1130917003 1130922753
3178 1130924456 1130926259
3178 1130927419 1130927433
3178 1130935580 1130935580
3183 1130936177 1130936177
3178 1130936749 1130950549
3175 1130959110 1130959110
3178 1130951655 1130959124
3178 1130960296 1130962624
3178 1130964370 1130968435
3178 1130969004 1130971913
3178 1130973076 1130973076
784 1130994078 1130994078
784 1130998097 1130998097
784 1130998720 1130998720
784 1131000481 1131001045
784 1131002803 1131002803
784 1131002824 1131002824
784 1131006257 1131006257
30 1131008578 1131008578
15 1131008578 1131008578
1 1131008578 1131008578
20 1131008592 1131008592
2 1131008578 1131009155
4 1131009155 1131009155
1 1131009729 1131009729
19 1131009729 1131010321
20 1131010328 1131010328
2 1131010883 1131010883
1131 1131008578 1131011478
18 1131010321 1131011478
11 1131011478 1131011478
29 1131012026 1131012026
4087 1131010883 1131012032
30 1131011478 1131012032
3010 1131008578 1131012036
15 1131009729 1131012036
4 1131012026 1131012036
18 1131012036 1131012036
23 1131010883 1131012584
9 1131012032 1131012584
19 1131012584 1131012584
14 1131012026 1131013145
11 1131012579 1131013145
2 1131013145 1131013145
4087 1131012584 1131013722
18 1131013726 1131013726
17 1131013726 1131013726
9 1131013726 1131013726
33 1131011478 1131013732
29 1131012579 1131013732
19 1131013732 1131013732
1131 1131012036 1131013739
30 1131013722 1131013739
14 1131013739 1131013739
4 1131013739 1131013739
11 1131013739 1131013739
20 1131013739 1131014298
3010 1131013722 1131014305
15 1131013722 1131014305
17 1131014298 1131014305
19 1131014876 1131014876
7587 1131014305 1131015475
23 1131014305 1131015480
14 1131015475 1131015480
19 1131016023 1131016023
9 1131014298 1131016612
33 1131014876 1131016612
7587 1131016612 1131017198
17 1131017198 1131017198
23 1131017198 1131017198
4087 1131013739 1131017205
3010 1131016023 1131017205
14 1131017205 1131017205
5 1131010883 1131017806
1131 1131014876 1131017806
1767 1131015480 1131017806
2 1131016023 1131017806
9 1131017806 1131017806
6735 1131017806 1131017806
1 1131019000 1131019007
3178 1131021903 1131021903
3178 1131022479 1131024249
2644 1131025438 1131025438
2644 1131028962 1131028969
11156 1131028962 1131031890
3178 1131033021 1131034151
5610 1131035336 1131035336
3178 1131038246 1131041178
3733 1131049873 1131049873
3178 1131053837 1131055027
15 1131090122 1131090129
18 1131090129 1131090129
14 1131090679 1131090679
20 1131090122 1131090686
4087 1131090686 1131090686
23 1131090679 1131091247
15 1131091247 1131091247
1204 1131091247 1131091261
4 1131091247 1131091261
23 1131091828 1131091828
2 1131090122 1131091835
20 1131091821 1131091835
6 1131090122 1131093000
33 1131092401 1131093000
25 1131093586 1131093586
20 1131094154 1131094702
18 1131094154 1131094702
11386 1131094702 1131094702
3010 1131093000 1131094709
1 1131094702 1131094709
3011 1131094709 1131094709
15 1131093000 1131095325
1204 1131095325 1131095325
19 1131095325 1131095325
18 1131095318 1131095913
34 1131095913 1131095913
25 1131095913 1131095913
6 1131094702 1131096472
33 1131094709 1131096472
23 1131093586 1131096479
3010 1131096479 1131096479
6 1131097032 1131097032
15 1131097032 1131097032
1204 1131097601 1131097601
23 1131097601 1131097601
25 1131097601 1131098179
18 1131098179 1131098179
19 1131098186 1131098186
33 1131098186 1131098186
5 1131095913 1131098753
15 1131098760 1131098760
23 1131098760 1131098760
17 1131099356 1131099356
18 1131099356 1131099356
11 1131099356 1131099363
2 1131099363 1131099363
3010 1131099363 1131099363
5 1131099918 1131099918
1767 1131100463 1131100470
15 1131100470 1131100470
33 1131100463 1131100477
23 1131099918 1131101078
20 1131100477 1131101085
1767 1131101092 1131101092
21 1131101669 1131101669
6 1131099356 1131102226
5 1131100477 1131102226
33 1131101092 1131102226
18 1131102226 1131102226
1 1131103931 1131103931
8599 1131104511 1131104518
4 1131104518 1131104518
1383 1131108596 1131108596
7702 1131108603 1131108603
5706 1131108603 1131108603
38 1131109211 1131109211
9012 1131109211 1131109211
7864 1131112753 1131112753
7072 1131113329 1131113329
5123 1131114462 1131114462
10656 1131115032 1131115032
11147 1131120704 1131120711
4698 1131120711 1131120711
5453 1131120704 1131120718
11146 1131120718 1131120718
5453 1131122450 1131122450
8633 1131122450 1131122457
5944 1131122450 1131122457
5453 1131123613 1131123613
11147 1131123613 1131123613
8895 1131131784 1131131784
6509 1131131784 1131131784
5453 1131131784 1131132924
6509 1131132931 1131132931
5453 1131134072 1131135273
3178 1131138181 1131138743
3178 1131139926 1131146850
3178 1131148607 1131149183
3177 1131149197 1131149197
3186 1131149764 1131149764
3178 1131149764 1131155639
3178 1131156247 1131158569
3178 1131160278 1131162036
3178 1131163241 1131164368
3178 1131164960 1131166731
3178 1131167875 1131168417
3178 1131169578 1131174157
3178 1131174178 1131174178
3178 1131175945 1131177684
3178 1131180037 1131180628
3178 1131182339 1131183541
3178 1131184150 1131185241
3178 1131186417 1131189994
3178 1131193432 1131193432
3178 1131194573 1131194573
3178 1131196333 1131196969
3178 1131197534 1131197534
3178 1131199841 1131200411
3178 1131203900 1131203900
3178 1131206236 1131207386
3178 1131208606 1131209789
3178 1131210938 1131210938
3178 1131213228 1131214383
3178 1131214972 1131214972
3178 1131215562 1131221963
3178 1131222567 1131223749
3178 1131224317 1131224317
3178 1131225455 1131225462
3178 1131226028 1131226604
3178 1131227164 1131227782
3178 1131231886 1131231886
3178 1131233015 1131234184
3178 1131234799 1131235417
3178 1131236051 1131236634
3178 1131238370 1131241317
3178 1131241904 1131265215
3178 1131265803 1131269337
11173 1131270511 1131270511
3178 1131269944 1131271078
3178 1131272784 1131274501
3178 1131277318 1131277318
3178 1131277897 1131280184
3178 1131281321 1131284267
3178 1131286486 1131287035
3178 1131290443 1131291009
3178 1131292753 1131293907
3178 1131295053 1131295053
3178 1131296260 1131296865
3178 1131300301 1131300853
3178 1131301997 1131303124
3178 1131305365 1131305372
3178 1131306548 1131308244
3178 1131310589 1131311136
3178 1131313428 1131313435
3178 1131314626 1131314626
3178 1131316955 1131317546
3178 1131318166 1131318166
3178 1131320539 1131320539
3178 1131324017 1131324588
3178 1131325171 1131325185
3178 1131325791 1131327544
3178 1131328742 1131328742
3178 1131332713 1131334453
3178 1131337346 1131337346
3178 1131337910 1131337910
3178 1131340275 1131340275
3178 1131342013 1131342020
3178 1131344304 1131344311
3178 1131347842 1131348413
