9413 1130499608 1130499608
13 1130499615 1130499615
17 1130499601 1130500200
34 1130501371 1130501371
12 1130500789 1130501914
21 1130501914 1130501914
34 1130503028 1130503028
32 1130500789 1130503581
25 1130501914 1130503581
36 1130500789 1130503586
28 1130500789 1130503586
5878 1130502467 1130503586
3 1130503028 1130503586
9794 1130503581 1130503586
12 1130503581 1130503586
29 1130499601 1130504137
22 1130500789 1130504137
7 1130500789 1130504137
21 1130504137 1130504137
7816 1130505847 1130505847
597 1130505275 1130506418
7816 1130516943 1130516943
597 1130543681 1130544825
597 1130547174 1130548914
597 1130551261 1130551268
597 1130551843 1130551843
597 1130554720 1130555883
597 1130556438 1130556438
597 1130558169 1130558169
597 1130559929 1130559929
597 1130561090 1130561090
597 1130562310 1130562310
597 1130562906 1130563459
597 1130564055 1130564623
597 1130566906 1130566906
597 1130569215 1130569215
597 1130570356 1130570934
597 1130572098 1130572098
597 1130572665 1130572665
2691 1130576709 1130576723
29 1130575557 1130579043
2691 1130577886 1130579043
29 1130580183 1130580774
476 1130581913 1130581913
1870 1130587059 1130587059
5343 1130587059 1130587059
2665 1130587059 1130587656
3681 1130587649 1130587656
4305 1130613203 1130613203
3 1130613203 1130613203
9794 1130613203 1130613785
6130 1130614341 1130614341
9794 1130615524 1130615524
6130 1130615524 1130615524
3 1130614348 1130615531
35 1130616696 1130616696
6130 1130616696 1130616696
3 1130616696 1130616696
35 1130618462 1130619640
6130 1130619640 1130619640
3 1130620208 1130620208
6130 1130620768 1130620768
35 1130620768 1130620768
2327 1130621349 1130621356
3752 1130621349 1130621928
1863 1130621349 1130621928
1863 1130623117 1130623124
1234 1130623152 1130623152
9761 1130623117 1130625570
3 1130624365 1130627352
8976 1130624365 1130627352
9794 1130624372 1130627359
6364 1130627359 1130627359
29 1130634276 1130634276
29 1130635456 1130635456
4419 1130639494 1130639494
597 1130640114 1130670324
782 1130670875 1130670875
601 1130670882 1130670882
597 1130670889 1130672635
597 1130675506 1130676651
2103 1130677225 1130677225
597 1130677795 1130677795
597 1130679501 1130680045
597 1130680664 1130680664
597 1130681838 1130681838
138 1130682451 1130682451
3433 1130683053 1130683053
9787 1130683053 1130683053
1425 1130683053 1130683053
4378 1130683653 1130683653
5421 1130683653 1130683653
10249 1130683653 1130683660
6658 1130683660 1130683660
7816 1130690639 1130690646
7816 1130693468 1130694602
2188 1130695178 1130695178
1119 1130697501 1130698107
1119 1130699876 1130699876
2108 1130701068 1130701075
36 1130696938 1130702268
1288 1130702268 1130702275
36 1130702856 1130704029
7860 1130705184 1130705198
3584 1130705184 1130705771
6500 1130705771 1130705771
3584 1130705792 1130705792
6500 1130706378 1130706378
6500 1130706960 1130706960
139 1130709947 1130709947
1546 1130709954 1130709954
597 1130714033 1130714033
597 1130716368 1130716368
7816 1130717502 1130717509
597 1130718083 1130718083
7816 1130719216 1130719216
597 1130719805 1130720387
597 1130720964 1130720964
7816 1130720394 1130721533
597 1130723785 1130723799
7816 1130723799 1130723799
597 1130724965 1130724965
7816 1130724407 1130726656
7816 1130727825 1130727825
597 1130727832 1130727832
7816 1130730100 1130730100
597 1130730107 1130731219
7816 1130731809 1130731809
597 1130732997 1130734141
597 1130735864 1130735864
7816 1130735864 1130735864
597 1130738709 1130738709
7816 1130738702 1130739314
7816 1130741603 1130742154
597 1130742154 1130742161
7816 1130742739 1130742739
597 1130742739 1130742739
597 1130744424 1130744424
7816 1130744417 1130745546
29 1130749060 1130749060
29 1130749634 1130751433
29 1130753138 1130756609
434 1130756609 1130756609
6189 1130757774 1130757781
13 1130757774 1130757788
9 1130758390 1130758390
6189 1130758397 1130758397
9413 1130759578 1130759578
36 1130759578 1130760186
34 1130760182 1130760186
32 1130759578 1130760779
3 1130760192 1130760779
5878 1130760779 1130760784
29 1130758397 1130761367
22 1130759578 1130761367
34 1130760784 1130761367
28 1130760186 1130761921
36 1130761921 1130761921
9794 1130759578 1130762525
7 1130759578 1130762525
25 1130759578 1130762525
21 1130759578 1130762525
3 1130761921 1130762525
32 1130762525 1130762525
597 1130764844 1130765989
597 1130767733 1130769441
7816 1130766555 1130770026
597 1130770040 1130776348
597 1130777482 1130777489
7816 1130770583 1130778058
7816 1130779716 1130779723
597 1130779151 1130780292
597 1130782087 1130782094
597 1130783798 1130784343
597 1130785504 1130788474
597 1130789588 1130790195
597 1130791303 1130792418
7816 1130789040 1130793545
597 1130792997 1130793545
9637 1130795296 1130795296
7752 1130795296 1130795296
8581 1130795296 1130795296
2108 1130796474 1130796474
4237 1130796474 1130798142
2882 1130797048 1130798142
7730 1130797599 1130798142
10024 1130797599 1130798745
2108 1130798142 1130798745
7077 1130795296 1130798752
7449 1130796474 1130798752
597 1130802856 1130803424
597 1130805210 1130806366
11185 1130806366 1130806366
597 1130807515 1130807515
7816 1130804015 1130808682
597 1130808682 1130809255
7816 1130809255 1130809255
597 1130810435 1130810435
7816 1130809865 1130811597
597 1130812157 1130812756
7816 1130812763 1130815118
597 1130815125 1130815125
597 1130816830 1130816844
597 1130820278 1130820278
7816 1130816268 1130820285
597 1130820851 1130820851
7816 1130821432 1130827325
7816 1130828502 1130830877
29 1130834349 1130836082
524 1130838453 1130838453
2093 1130839554 1130839554
54 1130839554 1130839554
10 1130841278 1130841860
6189 1130844208 1130844208
1767 1130844222 1130844222
36 1130844816 1130844816
28 1130844823 1130844823
3 1130844816 1130846536
34 1130844823 1130846536
9794 1130844816 1130846543
21 1130844816 1130846543
22 1130844823 1130846543
28 1130846543 1130846543
3 1130847121 1130847121
7816 1130849447 1130849447
597 1130849447 1130849447
7816 1130851216 1130851216
597 1130854708 1130855276
597 1130865682 1130865682
597 1130867416 1130867416
597 1130876163 1130876749
7816 1130876749 1130877937
597 1130878503 1130879102
597 1130882555 1130882555
597 1130884310 1130884310
597 1130886658 1130888342
597 1130890039 1130890039
7816 1130891714 1130891714
597 1130893412 1130893426
7816 1130894033 1130894040
597 1130894583 1130894583
597 1130895179 1130895186
597 1130898585 1130898585
7816 1130895734 1130902052
597 1130902059 1130902652
597 1130904368 1130904368
597 1130905541 1130905541
597 1130907834 1130907841
597 1130909602 1130909602
597 1130911401 1130911401
597 1130913751 1130913751
602 1130914951 1130914951
7816 1130902652 1130917271
597 1130914930 1130917278
29 1130919087 1130919642
449 1130922469 1130922469
10301 1130924194 1130924194
29 1130920770 1130925404
11124 1130927115 1130927115
11124 1130928249 1130928249
5215 1130929388 1130929388
9794 1130929932 1130930526
3 1130929932 1130930526
27 1130930526 1130931115
3 1130931122 1130931724
7 1130930519 1130932322
32 1130930519 1130932322
9794 1130931724 1130932322
36 1130932322 1130932322
34 1130931724 1130932329
27 1130932329 1130932329
5878 1130932329 1130932329
25 1130929932 1130932903
6189 1130932903 1130932903
21 1130929932 1130932910
13 1130932910 1130932910
3196 1130933482 1130934676
2424 1130933482 1130935841
3196 1130935834 1130935841
7816 1130945772 1130946328
7816 1130950885 1130950885
59 1130952560 1130952567
11228 1130952567 1130952567
7816 1130953709 1130953709
597 1130953143 1130954277
597 1130956035 1130956049
59 1130956035 1130956049
597 1130957718 1130958261
7816 1130956619 1130958282
59 1130957172 1130958282
597 1130958282 1130958889
597 1130960059 1130961207
597 1130962351 1130964025
597 1130965173 1130965180
597 1130966352 1130966955
7816 1130966962 1130966962
59 1130966955 1130966976
597 1130967537 1130967537
59 1130968687 1130968687
7816 1130969265 1130969852
7816 1130971021 1130971610
7816 1130973356 1130974491
597 1130973356 1130974498
597 1130977383 1130977383
597 1130977411 1130977969
7816 1130975081 1130977976
597 1130977997 1130977997
7816 1130977997 1130978549
597 1130979750 1130980307
7816 1130979743 1130980888
7816 1130981456 1130981456
597 1130981999 1130981999
7816 1130982621 1130982621
597 1130982621 1130983803
7816 1130984368 1130984368
597 1130986089 1130986647
7816 1130985503 1130988424
7816 1130990157 1130991304
597 1130991311 1130991311
597 1130992496 1130992503
597 1130994251 1130994808
7816 1130992496 1130995994
7816 1130997742 1130997742
597 1130997742 1130998949
7816 1130998956 1130998956
22 1131004160 1131004160
36 1131004160 1131004167
25 1131004160 1131004167
5878 1131004160 1131004167
34 1131004167 1131004174
36 1131004783 1131004783
27 1131004783 1131004783
29 1131004783 1131004783
5878 1131004783 1131005357
8187 1131005357 1131005357
34 1131005357 1131005357
32 1131004783 1131005948
7 1131005948 1131005948
27 1131006530 1131006530
34 1131006530 1131006530
28 1131006537 1131006537
5878 1131006530 1131006551
7 1131006537 1131006551
27 1131006551 1131006551
21 1131004160 1131007115
25 1131004783 1131007115
22 1131004783 1131007115
12 1131005357 1131007115
32 1131006544 1131007115
34 1131006551 1131007115
1131 1131007683 1131007683
5878 1131007683 1131007683
29 1131008859 1131008866
5 1131008873 1131008873
29 1131008908 1131009457
29 1131010036 1131010628
30 1131011170 1131011170
2 1131011174 1131011174
19 1131011170 1131011181
14 1131011170 1131011181
20 1131011170 1131011181
18 1131011174 1131011181
1131 1131011174 1131011181
9 1131011170 1131011187
3010 1131011187 1131011187
4087 1131011170 1131011766
1 1131011766 1131011766
11321 1131011766 1131011766
30 1131011187 1131011769
29 1131011766 1131011769
1131 1131011769 1131011769
20 1131011769 1131011769
15 1131011170 1131012312
4 1131011174 1131012312
17 1131011769 1131012312
9 1131012312 1131012312
10686 1131012858 1131012858
3010 1131012858 1131012858
11171 1131012858 1131012858
11372 1131012858 1131012858
10 1131011181 1131013446
2 1131012312 1131013446
1131 1131013446 1131013446
23 1131011766 1131013450
17 1131013450 1131013450
9 1131013450 1131013450
33 1131011766 1131014023
14 1131014023 1131014023
3010 1131014027 1131014027
5 1131011170 1131014033
20 1131013450 1131014033
10 1131014033 1131014033
30 1131014033 1131014033
18 1131013446 1131014036
19 1131013446 1131014036
15 1131014023 1131014036
4087 1131014027 1131014036
1131 1131014033 1131014036
17 1131014036 1131014036
33 1131014036 1131014036
4 1131014036 1131014036
22 1131014592 1131014592
34 1131014592 1131014592
16 1131014592 1131015172
27 1131014598 1131015764
22 1131015764 1131015764
21 1131014592 1131015769
7 1131014592 1131015769
28 1131014592 1131016324
9794 1131014598 1131016324
36 1131016324 1131016324
34 1131015764 1131016919
8187 1131016919 1131016919
7 1131017467 1131017467
12 1131014592 1131017473
5878 1131016919 1131017480
36 1131017480 1131017480
16 1131016324 1131018023
34 1131017480 1131018023
7 1131018023 1131018023
29 1131013446 1131018028
3 1131015172 1131018028
32 1131015769 1131018028
21 1131017467 1131018028
9794 1131017473 1131018028
28 1131017473 1131018028
27 1131018028 1131018028
5219 1131022648 1131023256
483 1131025051 1131025051
597 1131034988 1131034988
7816 1131035561 1131035568
9001 1131036760 1131036760
2248 1131037897 1131037904
2745 1131044303 1131044303
11141 1131048896 1131048896
5138 1131048896 1131048896
597 1131058149 1131058149
7816 1131058733 1131058733
7816 1131061083 1131062849
7443 1131065121 1131065121
597 1131063397 1131066268
7816 1131066275 1131066289
7816 1131067951 1131067951
597 1131069074 1131069074
7816 1131070283 1131070297
597 1131070297 1131070304
7816 1131071479 1131071479
597 1131072062 1131072618
7816 1131072632 1131072639
7816 1131074943 1131075494
597 1131075494 1131076604
7816 1131077759 1131078307
597 1131077766 1131079468
7816 1131079475 1131080042
597 1131080633 1131080633
7816 1131081775 1131081789
597 1131085185 1131085185
7816 1131083488 1131085760
597 1131086317 1131086317
7816 1131086906 1131087503
7816 1131088612 1131088612
7816 1131089752 1131090327
33 1131096136 1131096136
17 1131098443 1131099036
16 1131099604 1131099604
9413 1131099604 1131099604
7653 1131099604 1131099604
32 1131099604 1131099604
36 1131099604 1131099604
29 1131097271 1131100152
34 1131099604 1131100152
27 1131099604 1131100152
25 1131100152 1131100761
22 1131100159 1131100768
7 1131100761 1131100775
8185 1131100775 1131100775
21 1131099604 1131101363
28 1131100152 1131101363
32 1131101363 1131101922
22 1131101922 1131101922
36 1131101363 1131101929
7 1131101929 1131101929
3 1131100152 1131102482
34 1131100768 1131102482
25 1131101363 1131102482
7653 1131101929 1131102482
28 1131101936 1131102482
27 1131100768 1131103051
29 1131100768 1131103051
21 1131101936 1131103051
32 1131102482 1131103051
22 1131102482 1131103051
8187 1131103051 1131103051
7 1131103051 1131103051
36 1131103051 1131103051
597 1131116441 1131120503
7816 1131118779 1131122155
5980 1131141326 1131141326
4339 1131141326 1131141326
11088 1131141326 1131141326
5633 1131141326 1131141326
6713 1131141326 1131141326
329 1131141896 1131141903
6222 1131141896 1131141903
4321 1131141903 1131141903
9714 1131141326 1131142481
2182 1131141326 1131142481
7803 1131141896 1131142481
1601 1131141903 1131142481
5980 1131142481 1131142481
6713 1131142481 1131142481
7607 1131141326 1131143034
3321 1131143034 1131143034
1308 1131143034 1131143034
11088 1131143034 1131143034
3594 1131143034 1131143041
3150 1131144780 1131145376
3213 1131144193 1131146536
29 1131145376 1131146536
7798 1131147088 1131147088
7816 1131148258 1131148272
597 1131148265 1131148854
597 1131148875 1131149444
7816 1131149451 1131149451
10913 1131151734 1131151734
7816 1131151174 1131151741
7816 1131153479 1131153479
7816 1131154640 1131155214
597 1131151734 1131155221
597 1131155242 1131156955
7816 1131155798 1131156955
7816 1131159319 1131159926
7816 1131161089 1131161089
597 1131158761 1131161096
7816 1131161697 1131161697
597 1131162300 1131162300
7816 1131163434 1131163434
597 1131165173 1131165728
7816 1131165728 1131165735
597 1131166342 1131166342
7816 1131166926 1131166926
7816 1131168691 1131170998
597 1131168089 1131172181
7816 1131171588 1131172766
597 1131172766 1131176727
11371 1131179027 1131179027
597 1131177874 1131179628
114 1131180194 1131180194
597 1131182552 1131183134
7816 1131175035 1131186092
597 1131184312 1131186092
597 1131187789 1131187796
7816 1131187789 1131188392
7816 1131189600 1131190691
7816 1131191867 1131192473
7816 1131193629 1131193643
597 1131200626 1131205861
7816 1131205291 1131205861
9522 1131207065 1131207065
7536 1131210503 1131210503
5892 1131211672 1131211672
9201 1131211679 1131211679
9805 1131212244 1131212244
8953 1131212244 1131212251
10987 1131212251 1131212251
4849 1131212251 1131212251
1553 1131212836 1131212836
8806 1131212836 1131212836
2692 1131212836 1131212843
10464 1131212836 1131212843
303 1131212843 1131212843
10222 1131212836 1131212850
10845 1131212843 1131212850
9012 1131212850 1131212850
7356 1131212850 1131212850
10438 1131212843 1131212857
3755 1131212857 1131212857
2188 1131206452 1131213441
7899 1131213441 1131213441
6529 1131213441 1131213441
9009 1131213441 1131214049
10875 1131214049 1131214049
7514 1131214049 1131214049
3402 1131214049 1131214049
9098 1131213441 1131214056
3762 1131214056 1131214056
9251 1131214056 1131214056
6154 1131215239 1131215826
597 1131215239 1131216388
2188 1131214637 1131216937
2188 1131218678 1131218678
597 1131219247 1131219833
7285 1131221005 1131221012
5425 1131221005 1131221620
4682 1131221005 1131221620
4048 1131221012 1131221620
3887 1131221620 1131221620
10047 1131221005 1131222210
8136 1131221005 1131222210
7285 1131223351 1131223358
4394 1131226819 1131226819
1608 1131226819 1131226819
6001 1131226819 1131226819
6077 1131226819 1131226819
1823 1131226819 1131226819
7654 1131228038 1131228038
597 1131231485 1131232054
597 1131232621 1131232628
597 1131234424 1131235589
597 1131236766 1131237915
597 1131239057 1131239057
7816 1131239050 1131240249
597 1131240263 1131240263
597 1131240867 1131240874
7816 1131240874 1131243228
597 1131241501 1131243813
7816 1131244991 1131245579
597 1131246781 1131248522
7816 1131247921 1131248522
7816 1131250319 1131250884
7816 1131251450 1131251450
597 1131253182 1131253182
7816 1131254890 1131254890
597 1131255458 1131255458
7816 1131256627 1131256627
597 1131256627 1131256627
597 1131258383 1131258383
7816 1131258390 1131258997
597 1131258997 1131258997
7816 1131260713 1131261308
7816 1131262453 1131262453
597 1131263036 1131263584
7816 1131264171 1131265328
597 1131268320 1131269477
597 1131273623 1131274199
7816 1131275954 1131275954
597 1131276528 1131276528
7816 1131278814 1131279951
597 1131278814 1131280494
7816 1131281055 1131281643
597 1131281643 1131282208
597 1131283340 1131284514
7816 1131283937 1131284514
59 1131284514 1131284514
3992 1131294782 1131294782
36 1131290807 1131298769
63 1131299364 1131299364
15 1131299947 1131299947
3179 1131304033 1131304616
597 1131306303 1131306899
597 1131308567 1131308574
597 1131310257 1131324246
7816 1131308026 1131327168
11230 1131333001 1131333001
597 1131324830 1131337071
7816 1131328904 1131337071
7816 1131339903 1131339910
597 1131339903 1131341034
22 1131343943 1131343943
16 1131343943 1131343957
34 1131343943 1131343964
8071 1131343957 1131343964
36 1131343943 1131344527
28 1131343943 1131344527
22 1131343964 1131344527
3 1131344527 1131344527
29 1131345132 1131345132
25 1131344527 1131345725
18 1131345132 1131345725
8187 1131345132 1131345725
16 1131345132 1131345725
6189 1131345725 1131345725
6 1131346283 1131346283
3 1131346283 1131346880
22 1131346283 1131346880
12 1131344527 1131346886
34 1131346283 1131346886
32 1131346886 1131346886
16 1131346892 1131346899
29 1131346899 1131346899
22 1131346906 1131346906
7 1131343964 1131346912
25 1131346892 1131346912
21 1131344527 1131346918
36 1131346283 1131346918
28 1131346880 1131346918
12 1131346906 1131346918
16 1131346918 1131346918
34 1131346906 1131347459
3 1131346899 1131347466
54 1131347459 1131347466
9794 1131345132 1131347473
8187 1131347459 1131347473
6189 1131351473 1131351473
29 1131346918 1131354432
18 1131354432 1131354432
6 1131354432 1131354432
36 1131355022 1131355609
28 1131355609 1131355609
34 1131355022 1131356173
22 1131356173 1131356178
29 1131356762 1131356762
3 1131355022 1131357330
28 1131356762 1131357330
36 1131357330 1131357330
21 1131355022 1131357877
9794 1131355022 1131357877
12 1131355022 1131357877
7 1131355022 1131357877
25 1131355022 1131357877
34 1131357330 1131357877
22 1131357877 1131357877
597 1131359640 1131360198
597 1131364930 1131364930
597 1131366636 1131366636
7816 1131363703 1131371279
7816 1131372423 1131372423
7816 1131373550 1131373571
7816 1131374171 1131374171
11202 1131377675 1131377675
7932 1131377675 1131377675
7816 1131377675 1131379401
597 1131378843 1131379993
5219 1131380600 1131380607
597 1131381208 1131381208
7816 1131381208 1131382396
597 1131381807 1131382978
597 1131384635 1131385188
7816 1131384074 1131387456
597 1131386884 1131389198
7816 1131389170 1131390372
597 1131390372 1131393278
597 1131394986 1131394986
7816 1131391563 1131395577
7816 1131396196 1131396769
7816 1131398545 1131402051
597 1131398552 1131401457
