7020 1130498281 1130498281
28 1130498281 1130498285
7 1130498281 1130498285
19 1130498285 1130498285
34 1130498288 1130498288
24 1130498873 1130498873
5878 1130498288 1130499462
16 1130498873 1130499462
19 1130499462 1130499462
7 1130499462 1130499462
28 1130500587 1130500587
21 1130498281 1130501140
32 1130498281 1130501701
22 1130501140 1130501701
3 1130498281 1130502254
7 1130501140 1130503368
3 1130503368 1130503368
9794 1130498281 1130503375
5878 1130502260 1130503375
28 1130503375 1130503375
36 1130498281 1130503949
25 1130498285 1130503949
34 1130500044 1130503949
29 1130501140 1130503949
11 1130501701 1130503949
21 1130502260 1130503949
22 1130502811 1130503949
32 1130503949 1130503949
9413 1130504514 1130504514
5 1130504507 1130504521
7 1130504507 1130504521
35 1130505092 1130505092
30 1130505092 1130505092
34 1130504521 1130506255
7 1130506235 1130506255
3 1130505661 1130506261
35 1130506255 1130506261
2 1130506249 1130506847
28 1130506255 1130506847
9413 1130506249 1130506854
1131 1130505092 1130507435
30 1130506249 1130508018
9413 1130508018 1130508018
36 1130508018 1130508018
6 1130509785 1130509785
28 1130508011 1130510341
382 1130508626 1130510341
9413 1130509190 1130510341
30 1130509785 1130510341
3 1130509190 1130510884
36 1130509785 1130511483
28 1130512049 1130513259
3 1130513259 1130513259
7 1130506854 1130513832
7 1130515008 1130516742
3 1130514409 1130517349
9794 1130505661 1130517951
34 1130506854 1130517951
382 1130512640 1130517951
17 1130512640 1130517951
28 1130513839 1130517951
7 1130517944 1130517951
3 1130517951 1130517951
6859 1130693857 1130693857
8738 1130695054 1130695054
7981 1130961571 1130961571
10508 1131002852 1131002852
10016 1131002852 1131002852
22 1131004035 1131004035
36 1131004035 1131004626
8187 1131004035 1131004633
32 1131005208 1131005208
36 1131005212 1131005212
25 1131004626 1131005217
16 1131005212 1131005224
32 1131005224 1131005224
29 1131005212 1131005781
5878 1131004035 1131006356
8187 1131005788 1131006356
11 1131004035 1131006943
29 1131006943 1131006943
36 1131005788 1131007532
28 1131005208 1131007547
25 1131005788 1131007547
21 1131004035 1131007560
34 1131004626 1131007574
22 1131007532 1131007574
36 1131007553 1131007574
7 1131004035 1131008123
32 1131007537 1131008123
16 1131007532 1131008695
28 1131007574 1131008695
22 1131008695 1131008695
5878 1131008123 1131009293
7 1131009293 1131009293
36 1131008701 1131009835
34 1131008701 1131009839
32 1131009293 1131009839
25 1131008123 1131009844
8187 1131008123 1131009849
28 1131009844 1131009849
3 1131008123 1131010431
7 1131009849 1131010431
25 1131010431 1131010431
5878 1131010431 1131010431
18 1131010974 1131010974
22 1131009835 1131011520
16 1131009835 1131011520
36 1131010428 1131011520
7 1131012108 1131012115
32 1131010974 1131012688
36 1131012688 1131012688
8187 1131012692 1131012692
9794 1131008123 1131012698
21 1131008688 1131012698
5878 1131012108 1131012705
27 1131004035 1131013261
22 1131012692 1131013261
34 1131010428 1131013266
16 1131012692 1131013266
8187 1131013840 1131013840
7 1131013261 1131014432
22 1131014432 1131014432
32 1131012705 1131014437
36 1131013261 1131014992
29 1131014432 1131014992
28 1131010974 1131015587
9794 1131013266 1131015587
7 1131015587 1131015587
22 1131015587 1131015587
27 1131014437 1131016138
34 1131014992 1131016138
29 1131016138 1131016138
3 1131012108 1131016141
16 1131014992 1131016684
21 1131013266 1131016688
11 1131016141 1131017249
22 1131016684 1131017249
7 1131016141 1131017826
8187 1131016135 1131017831
27 1131017249 1131017836
34 1131017826 1131017836
16 1131017831 1131017836
21 1131017836 1131017836
5878 1131013840 1131017839
36 1131016138 1131017839
32 1131016141 1131017839
28 1131016141 1131017839
9794 1131016688 1131017839
29 1131017826 1131017839
3 1131017839 1131017839
9154 1131019575 1131019582
8982 1131019575 1131019582
9943 1131019575 1131020125
3663 1131020125 1131020125
1816 1131020714 1131020714
8976 1131055658 1131059735
3318 1131135886 1131135886
9079 1131135886 1131136464
6963 1131135886 1131137026
6221 1131137026 1131137026
7626 1131135886 1131137033
6963 1131138174 1131138181
7528 1131138771 1131138771
9865 1131138771 1131138771
1078 1131140555 1131140555
2417 1131141126 1131141133
9826 1131178846 1131178853
7860 1131198668 1131198675
3565 1131198668 1131198675
3420 1131198668 1131198675
4551 1131198668 1131198675
3378 1131199271 1131199271
3974 1131199271 1131199271
6395 1131199271 1131199278
10598 1131342012 1131342019
10689 1131342595 1131342616
3683 1131343179 1131343179
4087 1131343784 1131343784
23 1131343784 1131343784
11 1131344377 1131344377
16 1131343784 1131344935
32 1131344935 1131344935
25 1131344935 1131344935
18 1131344935 1131344935
13 1131345532 1131345532
33 1131345532 1131345532
10073 1131345532 1131345532
11326 1131345532 1131345532
21 1131344935 1131345534
8187 1131345534 1131345534
29 1131345534 1131345538
11 1131345538 1131345538
6189 1131344935 1131345541
36 1131344935 1131345541
32 1131345541 1131345541
16 1131345541 1131345548
7 1131344377 1131345551
22 1131344377 1131345551
21 1131345548 1131345551
11 1131345551 1131345551
30 1131345551 1131345551
18 1131345541 1131346092
36 1131346092 1131346092
8187 1131346096 1131346096
16 1131346096 1131346096
6189 1131346092 1131346101
13 1131346101 1131346101
21 1131346101 1131346101
34 1131343784 1131346642
29 1131346096 1131346642
7 1131346642 1131346642
32 1131346092 1131346646
11261 1131346646 1131346646
11322 1131346646 1131346646
3 1131345532 1131346649
23 1131346649 1131346649
11 1131346642 1131347218
33 1131347218 1131347218
34 1131347218 1131347218
6189 1131347218 1131347218
16 1131346649 1131347800
8187 1131347800 1131347800
22 1131346101 1131348371
25 1131345538 1131348378
36 1131347800 1131348378
16 1131348963 1131348963
32 1131348371 1131348970
28 1131344377 1131349534
30 1131349534 1131349534
25 1131349534 1131349534
22 1131348970 1131350101
34 1131350101 1131350101
32 1131350101 1131350108
9794 1131345534 1131350697
25 1131350108 1131350697
22 1131350704 1131350704
16 1131350108 1131350718
36 1131350094 1131351314
32 1131351314 1131351314
8187 1131351902 1131351906
34 1131352477 1131353640
3 1131348378 1131354227
9794 1131350718 1131354227
8187 1131353640 1131354791
25 1131350718 1131354798
36 1131354227 1131354798
5 1131354227 1131355382
32 1131354791 1131355382
7 1131347800 1131355950
11 1131355950 1131355950
8187 1131355950 1131355950
29 1131355382 1131356497
34 1131356497 1131356497
18 1131355382 1131357058
23 1131357058 1131357058
21 1131346649 1131357061
36 1131356497 1131357067
11 1131357061 1131357067
5 1131357067 1131357067
28 1131350697 1131357657
3 1131355382 1131357657
9794 1131355382 1131357657
25 1131356497 1131357657
7 1131357061 1131357657
29 1131357657 1131357657
22 1131351314 1131358215
34 1131357067 1131358215
11 1131358215 1131358215
19 1131358201 1131358845
4087 1131358201 1131358845
29 1131358817 1131358845
1289 1131359400 1131359400
10134 1131359400 1131359407
1438 1131359407 1131359407
2757 1131359400 1131359414
3663 1131359962 1131360553
553 1131361727 1131361727
8941 1131361727 1131361734
8071 1131362341 1131362341
8187 1131362954 1131362954
22 1131362954 1131362954
13 1131362954 1131362954
6189 1131362947 1131363527
23 1131362947 1131363527
34 1131362947 1131363527
3775 1131363527 1131363527
10361 1131364080 1131364080
9675 1131365254 1131365261
7404 1131365840 1131365840
