3010 1130494262 1130494262
33 1130494262 1130494262
17 1130494262 1130494276
7020 1130494262 1130494276
7 1130494262 1130494276
5878 1130494262 1130494276
18 1130494276 1130494276
20 1130494861 1130494861
4 1130496032 1130496032
5 1130494269 1130496575
26 1130494861 1130496575
3010 1130494861 1130496575
9 1130495450 1130496575
33 1130495450 1130496575
15 1130495450 1130496575
23 1130494269 1130497128
19 1130494269 1130497128
35 1130494861 1130497128
10 1130494861 1130497128
20 1130497128 1130497128
6 1130497128 1130497128
7 1130497128 1130497128
12 1130497689 1130497689
25 1130497689 1130497689
32 1130497689 1130497689
17 1130497128 1130498249
500 1130497689 1130499357
27 1130499357 1130499357
9 1130498242 1130499364
31 1130498242 1130499364
29 1130499938 1130499938
5215 1130499357 1130500503
17 1130499938 1130500503
26 1130501081 1130501081
24 1130501081 1130501081
2093 1130501081 1130501081
25 1130502838 1130502838
25 1130504009 1130504009
28 1130504617 1130504617
9413 1130504617 1130504617
6 1130504617 1130504617
7 1130504617 1130504617
34 1130504617 1130504624
5 1130504617 1130504624
25 1130506332 1130506332
3196 1130505181 1130508631
6 1130505181 1130508631
1131 1130509257 1130509257
2 1130509257 1130509257
35 1130509257 1130509257
28 1130509257 1130509257
9290 1130512733 1130512733
10327 1130513340 1130513340
8308 1130513928 1130513942
5696 1130516873 1130516880
3218 1130525058 1130525058
4067 1130526785 1130526792
5696 1130529044 1130531355
5696 1130532468 1130532468
3154 1130532496 1130532496
5696 1130532496 1130532496
5696 1130554592 1130554606
5696 1130555746 1130556973
5696 1130558122 1130558122
5696 1130558718 1130558732
5695 1130569622 1130569622
6189 1130538337 1130574277
5696 1130587527 1130587527
3519 1130589793 1130593199
5828 1130594354 1130594382
5696 1130589793 1130594950
6600 1130597291 1130597857
5696 1130598458 1130598458
5568 1130604294 1130604301
38 1130604294 1130604301
9516 1130604881 1130604888
4207 1130604881 1130604888
5728 1130604888 1130604888
6578 1130606086 1130606093
3519 1130612547 1130614878
6189 1130574860 1130616019
3519 1130616591 1130616591
437 1130660329 1130660916
3519 1130628351 1130664980
3519 1130671881 1130673599
5696 1130682962 1130684158
5696 1130689834 1130696931
5914 1130698685 1130698685
9967 1130699271 1130703477
5696 1130704610 1130706930
5696 1130709300 1130709300
5696 1130711031 1130714468
5696 1130716756 1130716756
5696 1130739087 1130739087
2 1130750075 1130750075
9 1130750075 1130750674
19 1130750674 1130751272
6 1130751272 1130751272
10 1130749516 1130751854
33 1130750075 1130751854
20 1130750075 1130751854
30 1130750674 1130751854
5 1130751272 1130751854
18 1130750075 1130752437
14 1130750075 1130752444
4 1130751854 1130752444
7 1130752437 1130752444
20 1130753053 1130753060
33 1130753053 1130753060
19 1130753053 1130753074
5 1130753074 1130753074
33 1130753618 1130753618
3010 1130753067 1130753632
20 1130753618 1130753639
6 1130753053 1130754241
10 1130753074 1130754845
11320 1130754845 1130754845
11313 1130754849 1130754849
3010 1130754849 1130754856
19 1130753639 1130755449
20 1130754849 1130755449
10 1130755443 1130755449
15 1130751854 1130756032
5 1130753632 1130756032
33 1130754241 1130756032
6 1130755443 1130756032
3010 1130756032 1130756032
11 1130757794 1130757794
9 1130753053 1130758344
29 1130758344 1130758344
5696 1130759509 1130760060
10343 1130760654 1130760654
10428 1130760654 1130760654
10723 1130761220 1130761220
5352 1130761220 1130761220
6519 1130761220 1130761220
9098 1130761220 1130761220
7497 1130761220 1130761224
2646 1130761220 1130761224
3516 1130761220 1130761224
151 1130761224 1130761224
6260 1130761820 1130761820
6506 1130761820 1130761820
2165 1130762395 1130762395
7846 1130781345 1130781345
7434 1130781345 1130781345
5696 1130787659 1130787659
5696 1130791136 1130791136
9073 1130794622 1130794622
1179 1130795205 1130795205
11169 1130795205 1130795205
1448 1130794622 1130795781
3334 1130795781 1130795786
4673 1130795781 1130795786
8511 1130796382 1130796382
2039 1130794622 1130796930
9073 1130795786 1130797502
1448 1130797502 1130797502
3334 1130797502 1130797506
1411 1130797506 1130797506
4673 1130797506 1130797509
8512 1130797509 1130797509
4117 1130797506 1130797513
8511 1130797509 1130798067
2039 1130797509 1130798071
919 1130798071 1130798071
1448 1130798067 1130798073
4673 1130798071 1130798073
1179 1130797513 1130798650
8511 1130798650 1130798650
10627 1130794622 1130799239
4117 1130798073 1130799843
919 1130799239 1130799843
4673 1130799843 1130799843
6998 1130794622 1130799845
5086 1130794622 1130799845
1412 1130794622 1130799849
9073 1130798067 1130799849
3334 1130798650 1130799849
2039 1130798655 1130799849
1448 1130799239 1130799849
1179 1130799845 1130799849
10627 1130799849 1130799849
5696 1130801541 1130802140
5696 1130803873 1130805638
5696 1130807388 1130811476
5696 1130812593 1130822566
6189 1130624954 1130827268
5696 1130824909 1130831861
5696 1130833050 1130833071
4 1130838277 1130838277
19 1130838277 1130838283
3 1130838283 1130838283
10 1130838277 1130838289
6 1130838277 1130838289
14 1130838283 1130838838
1 1130838289 1130838838
4 1130838838 1130838842
6 1130838855 1130838855
4 1130839442 1130839442
9794 1130839442 1130839442
19 1130838842 1130839447
6 1130839453 1130839453
1767 1130838277 1130840011
20 1130838838 1130840011
1 1130839453 1130840011
7020 1130838277 1130840614
15 1130838277 1130840614
3010 1130838283 1130840614
4 1130840011 1130840614
10 1130840011 1130840614
14 1130840614 1130840614
2 1130838842 1130841159
6 1130841173 1130841173
15 1130841744 1130841744
10091 1130841744 1130841749
2 1130842333 1130842333
6 1130842333 1130842889
19 1130842889 1130842889
4 1130841744 1130843461
14 1130841749 1130843461
10888 1130843461 1130843461
7020 1130841744 1130843467
10091 1130843467 1130843467
15 1130843467 1130843467
20 1130843467 1130843467
26 1130841744 1130844067
3010 1130841744 1130844067
1767 1130841749 1130844067
1 1130844067 1130844067
6 1130844067 1130844067
2 1130844067 1130844067
9 1130841744 1130844663
36 1130845836 1130845836
10888 1130848176 1130848176
32 1130848183 1130848183
25 1130851612 1130851612
32 1130851612 1130851612
8 1130852172 1130852172
22 1130851612 1130852764
1767 1130852172 1130852767
5215 1130851612 1130853312
21 1130853898 1130853898
36 1130851612 1130855060
27 1130851612 1130855060
28 1130852172 1130855065
34 1130852767 1130855065
5215 1130855065 1130855065
16 1130851612 1130855071
5878 1130852172 1130855071
25 1130852767 1130855071
32 1130853901 1130855071
22 1130853901 1130855071
21 1130855071 1130855071
25 1130856218 1130856218
32 1130856805 1130856805
21 1130857978 1130857978
8 1130857978 1130857978
21 1130859712 1130859712
32 1130859726 1130859726
25 1130858569 1130860291
3809 1130859147 1130860291
11357 1130860291 1130860291
5878 1130860291 1130860291
5696 1130862018 1130862576
5696 1130866613 1130866627
5696 1130868444 1130868444
5696 1130869037 1130869037
3000 1130871941 1130871941
10888 1130871358 1130874316
5827 1130873711 1130874316
3724 1130874909 1130874909
424 1130874909 1130874916
33 1130874909 1130874916
3154 1130875470 1130875470
5696 1130876013 1130885767
5696 1130886889 1130892653
5696 1130896661 1130897254
5696 1130898420 1130898984
5696 1130901846 1130901846
5696 1130907191 1130907191
5696 1130909539 1130909553
5696 1130911281 1130912488
5696 1130917078 1130918803
30 1130922858 1130922858
17 1130922858 1130922858
1 1130923418 1130923418
5 1130923425 1130923425
33 1130922858 1130924541
30 1130923425 1130924541
15 1130922858 1130925128
20 1130922858 1130925128
4087 1130923997 1130925133
19 1130923411 1130925715
17 1130924541 1130925715
9 1130922858 1130925721
5 1130925128 1130925721
4 1130922858 1130925728
3010 1130923411 1130925728
6 1130923418 1130925728
33 1130925721 1130925728
15 1130925721 1130925728
20 1130925728 1130925728
18 1130925728 1130925728
17 1130927509 1130927509
2 1130927509 1130927516
33 1130927509 1130927516
11258 1130928088 1130928088
11201 1130928088 1130928088
3010 1130927509 1130928095
15 1130927509 1130928095
5 1130928095 1130928095
20 1130928679 1130928679
9 1130926928 1130929289
30 1130929282 1130929289
36 1130931609 1130931609
22 1130931609 1130931609
500 1130931609 1130932172
31 1130931609 1130932172
9794 1130931609 1130932172
34 1130932172 1130932172
21 1130931609 1130932766
32 1130932766 1130932766
33 1130932766 1130932766
27 1130932766 1130932766
25 1130931609 1130933350
6863 1130938629 1130938629
3154 1130938636 1130938636
5696 1130943230 1130946052
5696 1130947166 1130948315
5696 1130954087 1130961568
5696 1130962722 1130963293
7862 1130963864 1130963871
3833 1130963864 1130966216
5696 1130968512 1130968512
3833 1130967343 1130970256
3432 1130971406 1130971406
5696 1130970857 1130972003
5696 1130972582 1130972596
5697 1130976048 1130976048
5696 1130976055 1130976055
5696 1130984763 1130984763
5696 1130988850 1130988850
5696 1130990013 1130990593
5696 1130992947 1130992947
5696 1130996439 1130996439
5696 1131004635 1131008640
5696 1131014977 1131015555
5696 1131017293 1131021455
6189 1130828424 1131029643
6189 1131030244 1131032557
5696 1131030843 1131032014
5696 1131033214 1131033214
892 1131034385 1131035481
2945 1131035481 1131035481
2945 1131036602 1131036602
892 1131036602 1131037710
892 1131038849 1131039434
892 1131040584 1131042970
892 1131043534 1131045827
451 1131048753 1131048753
7520 1131049352 1131049352
5696 1131052850 1131052850
5696 1131053458 1131053465
5696 1131056936 1131057543
5696 1131059305 1131059305
5696 1131059903 1131061601
5696 1131062220 1131063411
5696 1131065138 1131065138
5696 1131067990 1131067990
5696 1131069708 1131069708
5696 1131070835 1131070835
5696 1131072018 1131073207
5696 1131074374 1131074956
5696 1131076111 1131076111
5696 1131076718 1131077290
5696 1131079025 1131084852
5696 1131086001 1131087736
6199 1131110888 1131110902
5724 1131111470 1131112059
1874 1131121852 1131121852
472 1131124172 1131127563
472 1131129285 1131129285
6189 1131032615 1131129841
7234 1131128698 1131129841
6189 1131132140 1131132140
8952 1131131552 1131133303
8952 1131135047 1131135047
8952 1131138001 1131147364
472 1131134496 1131170797
8952 1131149712 1131174926
8952 1131176072 1131177263
5696 1131177831 1131177838
9190 1131178387 1131178387
8952 1131178387 1131178968
5696 1131180706 1131180720
3528 1131182422 1131182422
7235 1131181839 1131183612
409 1131181839 1131183619
7385 1131184194 1131184194
3601 1131184194 1131184194
8479 1131184194 1131184194
4344 1131184194 1131184194
8164 1131184194 1131184194
7790 1131184744 1131184751
3752 1131185334 1131185334
5696 1131194096 1131195806
5696 1131197567 1131198117
5696 1131198682 1131198682
5696 1131201041 1131201055
6786 1131203891 1131203891
1289 1131205637 1131205637
6882 1131205637 1131205637
4555 1131205637 1131205644
152 1131205644 1131205644
10726 1131205644 1131205651
8285 1131205644 1131205651
7364 1131205651 1131205651
10037 1131205651 1131205651
6685 1131205651 1131205651
5629 1131205651 1131205651
10975 1131205651 1131205651
11109 1131206243 1131206818
164 1131206818 1131206818
8192 1131206818 1131206818
8108 1131206818 1131206818
4362 1131206818 1131206818
10804 1131207364 1131207364
5696 1131210241 1131210248
10075 1131211952 1131211952
5696 1131211952 1131213075
5696 1131220730 1131220730
5696 1131235291 1131235291
5696 1131246465 1131246465
5696 1131253973 1131253973
5696 1131257423 1131257981
5696 1131259108 1131261389
5696 1131275741 1131275755
5696 1131286154 1131286154
5696 1131289625 1131292594
5696 1131306526 1131308779
5696 1131309942 1131311622
5696 1131312745 1131312745
5696 1131317365 1131317932
5696 1131321496 1131322069
5696 1131323759 1131324318
5696 1131328903 1131330621
7515 1131338836 1131338836
10091 1131339388 1131339388
25 1131339388 1131339388
1767 1131339388 1131339388
19 1131339388 1131339388
3 1131339388 1131339931
6189 1131133296 1131340530
9794 1131340530 1131340530
36 1131339931 1131340533
7 1131340530 1131340533
28 1131340533 1131340533
34 1131340533 1131340533
33 1131340533 1131340533
18 1131339388 1131341088
23 1131341088 1131341088
20 1131341091 1131341091
11 1131341091 1131341091
17 1131339931 1131341097
29 1131340530 1131341097
21 1131339931 1131341102
14 1131341097 1131341102
3 1131341102 1131341102
33 1131341102 1131341102
1767 1131341091 1131341654
19 1131341088 1131341661
15 1131339388 1131341668
6 1131339931 1131341668
34 1131342264 1131342278
14 1131342278 1131342278
21 1131342848 1131342848
25 1131342848 1131342848
6 1131344570 1131344570
18 1131344010 1131345169
15 1131344570 1131345169
25 1131345169 1131345169
17 1131345176 1131345749
3 1131345749 1131345749
33 1131345749 1131345749
9794 1131345749 1131345749
6 1131347517 1131347517
19 1131345749 1131347531
21 1131347531 1131347531
17 1131347531 1131347531
15 1131347517 1131347538
6 1131347538 1131347538
25 1131347524 1131348098
18 1131348098 1131348098
21 1131349243 1131349243
9794 1131349250 1131349250
10091 1131349250 1131349250
20 1131349243 1131349257
3 1131349250 1131349257
14 1131349250 1131349257
6 1131349814 1131349814
19 1131349814 1131349814
17 1131349814 1131350374
25 1131350953 1131350953
10091 1131350367 1131351545
6 1131351545 1131351545
33 1131351545 1131351545
31 1131351538 1131352133
500 1131352133 1131352133
23 1131352133 1131352133
54 1131352698 1131352698
25 1131352698 1131352698
824 1131353271 1131353838
6 1131353257 1131356144
824 1131355581 1131356144
7 1131356144 1131356144
23 1131357344 1131357344
12 1131357344 1131357344
3775 1131357951 1131357951
817 1131357951 1131357951
7 1131360347 1131360347
31 1131363904 1131363904
3775 1131363290 1131364486
27 1131365624 1131365624
11157 1131366762 1131366762
9798 1131367326 1131367326
6189 1131341091 1131371967
6189 1131372526 1131372526
6189 1131374273 1131374273
6189 1131375481 1131375481
11242 1131376065 1131376065
9946 1131374273 1131376072
11387 1131376072 1131376072
36 1131372512 1131376621
11282 1131376621 1131376621
424 1131376621 1131376642
5696 1131378949 1131378949
5696 1131379541 1131383027
10736 1131383020 1131383027
7280 1131383027 1131383027
5696 1131384798 1131385969
7846 1131388230 1131388839
5696 1131390557 1131390557
5696 1131397530 1131398680
10915 1131408576 1131408576
5696 1131405633 1131414933
5696 1131414961 1131421344
5696 1131422993 1131422993
9794 1131427578 1131427599
3 1131427578 1131427599
28 1131428722 1131428722
18 1131428722 1131428722
23 1131428722 1131428722
19 1131428722 1131429307
34 1131429300 1131429307
3010 1131428147 1131429313
3 1131429313 1131429313
11200 1131429313 1131429313
22 1131429313 1131429319
14 1131429313 1131429319
21 1131428147 1131429885
18 1131429319 1131429885
19 1131429885 1131429885
20 1131427585 1131430455
17 1131429300 1131430455
4087 1131430448 1131430455
30 1131428722 1131430996
3010 1131430455 1131430996
14 1131431003 1131431003
6553 1131458387 1131458394
4011 1131461213 1131461213
5696 1131467087 1131467094
10373 1131472919 1131472919
1250 1131472926 1131472926
9794 1131472919 1131472933
3 1131472933 1131472933
9023 1131472926 1131474047
1927 1131474054 1131474054
8740 1131473486 1131474644
7582 1131474047 1131474644
1823 1131474644 1131474644
1927 1131475230 1131475230
9023 1131475230 1131475822
1972 1131476434 1131476434
3 1131476406 1131476441
9023 1131476434 1131476441
9794 1131476441 1131476441
7582 1131476427 1131477006
1823 1131476441 1131477006
8310 1131477006 1131477006
5696 1131477599 1131478183
5696 1131479903 1131481035
6189 1131376621 1131486688
