2 1130498341 1130498341
10 1130498341 1130498341
33 1130498341 1130498346
15 1130498341 1130498346
3010 1130498346 1130498346
6 1130498346 1130498346
1 1130498346 1130498352
1131 1130498352 1130498352
1466 1130498352 1130498352
555 1130498352 1130498352
11366 1130498352 1130498352
18 1130498341 1130498937
11410 1130498937 1130498937
11412 1130498937 1130498937
7173 1130498937 1130498937
10922 1130498937 1130498937
19 1130498341 1130499526
11346 1130499526 1130499526
11269 1130499526 1130499526
15 1130499526 1130499526
2 1130499526 1130499526
1131 1130500108 1130500108
20 1130500108 1130500108
7020 1130498341 1130500651
24 1130498341 1130500651
26 1130498346 1130500651
35 1130499526 1130500651
3010 1130499526 1130500651
33 1130499526 1130500651
18 1130500651 1130500651
10 1130500651 1130500651
1849 1130519723 1130519723
10868 1130520330 1130520330
1015 1130520918 1130520918
435 1130548263 1130548263
3184 1130554645 1130554645
3184 1130562151 1130562151
3184 1130565722 1130565722
3184 1130567406 1130567406
3184 1130579532 1130579532
3184 1130582427 1130582427
435 1130593383 1130593383
6196 1130593926 1130593926
3253 1130593926 1130593926
3180 1130593926 1130594517
3120 1130594517 1130594517
4249 1130594517 1130595059
7513 1130595059 1130595059
5355 1130595059 1130595059
9324 1130595059 1130595059
4447 1130594517 1130595061
3250 1130594517 1130595061
9979 1130594517 1130595061
10006 1130594517 1130595061
8717 1130595059 1130595061
2422 1130595059 1130595061
6912 1130595061 1130595061
9691 1130595061 1130595061
4727 1130595631 1130595631
8094 1130595631 1130595631
456 1130595631 1130595631
8300 1130596195 1130596195
10958 1130596778 1130596778
5537 1130596778 1130596778
1575 1130596778 1130596778
4524 1130596778 1130596778
9716 1130596778 1130596778
6912 1130596778 1130597330
4290 1130596778 1130597330
5773 1130597330 1130597330
9340 1130597330 1130597330
4744 1130597330 1130597330
2688 1130597330 1130597330
6169 1130597330 1130597330
4825 1130597330 1130597330
4254 1130597917 1130597917
7862 1130609537 1130609558
4780 1130613085 1130614278
435 1130620110 1130620110
3160 1130619525 1130623004
4486 1130666742 1130666742
2162 1130685301 1130685301
697 1130685301 1130685301
7969 1130686417 1130686417
9353 1130686417 1130686417
9289 1130693451 1130693458
4486 1130694029 1130694575
9235 1130700366 1130700366
2798 1130702716 1130706846
11207 1130707426 1130707426
2798 1130707433 1130707433
2798 1130711048 1130712213
2798 1130716863 1130716863
10 1130747194 1130747194
33 1130747777 1130747777
15 1130746638 1130748378
20 1130748378 1130748378
6189 1130748378 1130749501
10 1130748931 1130749501
20 1130749501 1130749501
19 1130746638 1130749505
4 1130746638 1130749505
30 1130746638 1130749505
5 1130747777 1130749505
15 1130748945 1130749505
33 1130750105 1130750119
18 1130748378 1130751291
7 1130750105 1130753039
5878 1130751895 1130753039
28 1130752478 1130753039
16 1130753039 1130753039
22 1130753039 1130753039
20 1130753618 1130753618
15 1130753625 1130754735
6 1130754735 1130754735
2 1130754735 1130755320
3010 1130755320 1130755320
10 1130755320 1130755320
3010 1130755912 1130755912
5 1130755912 1130755912
33 1130754735 1130756457
19 1130754735 1130756457
6 1130756457 1130756457
2 1130756457 1130757654
15 1130757056 1130758236
6 1130758819 1130758819
15 1130758831 1130758831
5 1130758819 1130759433
10 1130758236 1130759445
6 1130759438 1130759445
20 1130758236 1130760008
6 1130760003 1130760008
4 1130753618 1130760012
18 1130755320 1130760012
10888 1130757056 1130760012
33 1130758236 1130760012
2 1130758831 1130760012
5 1130759996 1130760012
15 1130759996 1130760012
10 1130760008 1130760012
9235 1130779100 1130779100
3329 1130779642 1130780186
9053 1130780186 1130780758
432 1130792906 1130795163
530 1130794580 1130795163
6631 1130834253 1130834253
3010 1130835384 1130835391
4 1130835384 1130835391
2 1130835955 1130835955
6 1130835391 1130836519
3010 1130836526 1130836526
20 1130835384 1130837110
1 1130835384 1130837110
19 1130835384 1130837117
2 1130837117 1130837117
6 1130837124 1130837124
4 1130836526 1130837131
3010 1130837131 1130837131
10 1130835955 1130837718
6189 1130837117 1130837718
1 1130837131 1130837718
20 1130837131 1130837718
3 1130838271 1130838271
9794 1130838271 1130838271
19 1130838271 1130838852
26 1130838845 1130838852
4 1130838852 1130838852
1767 1130838845 1130838864
3010 1130838845 1130838864
1 1130838858 1130838869
26 1130838875 1130838881
20 1130838864 1130838886
19 1130838869 1130838886
13 1130838886 1130838886
4 1130838869 1130839436
3010 1130838881 1130839436
6189 1130838881 1130839987
6 1130838852 1130840532
26 1130840532 1130840532
9 1130840532 1130840532
15 1130837110 1130840543
10091 1130838845 1130840550
20 1130840532 1130840550
26 1130840550 1130840550
19 1130841136 1130841136
6189 1130841136 1130841136
4 1130840543 1130841708
13 1130840543 1130841715
1767 1130841136 1130841715
26 1130841715 1130841715
9 1130841136 1130841721
15 1130841708 1130841721
7172 1130841721 1130841721
7020 1130835384 1130841726
2 1130837718 1130841726
1 1130838886 1130841726
3010 1130840550 1130841726
6189 1130841721 1130841726
6 1130841726 1130841726
4 1130841726 1130841726
3329 1130850470 1130850470
3184 1130852213 1130855703
9783 1130863796 1130863796
4486 1130864387 1130864387
4859 1130877176 1130877176
15 1130917099 1130917099
1 1130917099 1130917099
33 1130917698 1130917698
20 1130917698 1130917702
18 1130917099 1130918303
30 1130917099 1130918303
5 1130917702 1130918303
19 1130917099 1130918308
1 1130918303 1130918910
6 1130918308 1130918910
2 1130917099 1130919502
9 1130917698 1130919502
30 1130919502 1130919502
15 1130919502 1130919502
4087 1130917099 1130919505
4 1130917099 1130919505
33 1130918308 1130919505
20 1130918910 1130919505
17 1130918910 1130919505
18 1130919502 1130919505
5 1130919502 1130919505
19 1130919505 1130919505
3010 1130920060 1130920060
7 1130920060 1130922321
18 1130922880 1130922887
952 1130922887 1130923484
434 1130922887 1130923484
21 1130923484 1130923484
36 1130923484 1130923484
34 1130923484 1130923484
33 1130924040 1130924047
3010 1130924612 1130924612
5 1130924040 1130925218
15 1130924612 1130925822
23 1130925218 1130926394
3010 1130926394 1130926394
4 1130924040 1130926970
1 1130924047 1130927531
6 1130925218 1130927531
4 1130928084 1130928084
23 1130927531 1130928659
20 1130927531 1130928659
18 1130924047 1130929216
6 1130928088 1130929220
4 1130929220 1130929220
17 1130924040 1130929792
33 1130925822 1130929792
2 1130924040 1130930336
4087 1130924040 1130930336
5 1130926399 1130930336
15 1130926970 1130930336
1 1130929212 1130930336
23 1130929220 1130930336
20 1130929792 1130930336
18 1130930336 1130930336
21 1130930923 1130930923
1495 1130930923 1130930930
16 1130930923 1130930930
82 1130930930 1130930930
34 1130930930 1130932128
6 1130931512 1130932128
16 1130932128 1130932128
21 1130932726 1130933893
3 1130931512 1130933900
23 1130931512 1130933900
9794 1130931512 1130933900
16 1130934477 1130934477
9053 1130951843 1130952407
2721 1130951843 1130952407
3502 1130952971 1130952971
25 1131005187 1131005187
2 1131005761 1131006352
3010 1131005761 1131006352
10095 1131006941 1131006941
3010 1131006941 1131006946
1131 1131006359 1131006948
10 1131006359 1131006948
15 1131006934 1131007505
30 1131005761 1131007512
4 1131005761 1131008080
10 1131008080 1131008080
18 1131008080 1131008080
4087 1131008667 1131008667
3010 1131007512 1131009256
20 1131005761 1131009261
11 1131008667 1131009261
9 1131009261 1131009261
19 1131006934 1131009266
15 1131008667 1131009266
18 1131009266 1131009266
33 1131009266 1131009268
3010 1131009268 1131009268
29 1131009268 1131009268
17 1131009268 1131009268
1 1131005761 1131009272
20 1131009272 1131009272
30 1131009266 1131009277
18 1131009277 1131009277
5 1131009281 1131009281
19 1131009281 1131009281
4087 1131009268 1131009284
10 1131009272 1131009284
11 1131009277 1131009284
20 1131009284 1131009833
3010 1131009833 1131009833
5 1131010398 1131010398
2 1131007505 1131010404
23 1131008667 1131010410
29 1131010398 1131010410
3010 1131010410 1131010410
5 1131011002 1131011002
18 1131011002 1131011002
4 1131009261 1131011544
33 1131009281 1131011550
15 1131009284 1131011550
11 1131010404 1131011550
1 1131011002 1131011550
17 1131009281 1131011555
20 1131011002 1131011555
9 1131011550 1131011555
18 1131011555 1131011555
1131 1131008080 1131011558
30 1131010410 1131011558
2 1131011544 1131011558
4087 1131011555 1131011558
19 1131011555 1131011558
29 1131011558 1131011558
23 1131011558 1131011558
5 1131011558 1131011558
33 1131012144 1131012687
19 1131012687 1131012687
10 1131012687 1131013821
33 1131013827 1131013827
4087 1131012687 1131014400
23 1131012687 1131014405
5 1131012687 1131014405
9 1131014405 1131014405
10677 1131014412 1131014412
1131 1131013233 1131014419
4087 1131014419 1131014975
1 1131013233 1131014982
7587 1131013821 1131014982
3010 1131013827 1131014982
33 1131014419 1131014982
23 1131014975 1131014982
5 1131014982 1131014982
2 1131012687 1131015556
17 1131012687 1131015556
19 1131014975 1131015556
1131 1131015556 1131015556
3502 1131034219 1131034808
7120 1131041768 1131041768
4757 1131041768 1131041768
7312 1131041768 1131041768
2685 1131041768 1131041768
4757 1131042936 1131043531
1972 1131043531 1131043531
4486 1131043531 1131043531
10868 1131043531 1131043531
2685 1131043531 1131043531
9289 1131043531 1131043531
7120 1131043531 1131043531
4486 1131045292 1131045292
20 1131087295 1131087295
6 1131087295 1131087295
19 1131088433 1131088433
6 1131088994 1131088994
30 1131087295 1131089000
15 1131087295 1131089000
18 1131087295 1131089545
4 1131088433 1131089545
4087 1131087295 1131089552
1 1131087892 1131089552
1204 1131088994 1131089552
20 1131089552 1131090133
10 1131087892 1131090140
23 1131088433 1131090140
18 1131090701 1131090701
1 1131090701 1131090708
33 1131090701 1131090708
19 1131090708 1131090708
23 1131090714 1131090714
4087 1131091277 1131091277
2 1131090133 1131091847
3010 1131090714 1131091847
4 1131090701 1131091854
30 1131090133 1131092412
18 1131091277 1131092412
19 1131091847 1131092412
20 1131090708 1131092989
2 1131092989 1131092989
3010 1131092989 1131092989
11 1131093590 1131093590
1 1131091854 1131094188
18 1131094188 1131094188
837 1131094188 1131094188
5 1131094742 1131094742
19 1131094742 1131094742
4087 1131092989 1131094749
3010 1131094749 1131094749
18 1131094756 1131094756
1 1131094756 1131094756
33 1131092412 1131095345
15 1131093590 1131095352
23 1131092412 1131095959
18 1131095959 1131095966
1204 1131090701 1131096516
1 1131095959 1131096516
6 1131096516 1131096516
4 1131094749 1131096523
4087 1131095352 1131096523
23 1131096523 1131096523
33 1131096523 1131096523
19 1131095352 1131097084
11 1131097084 1131097084
18 1131097084 1131097084
29 1131097091 1131097091
3 1131097091 1131097091
3010 1131096523 1131097098
33 1131097658 1131097658
1 1131097658 1131097658
20 1131097663 1131097663
1204 1131097658 1131097669
19 1131097658 1131097669
15 1131096516 1131098235
6 1131098235 1131098235
4087 1131098235 1131098235
5 1131098827 1131098827
33 1131098235 1131098834
20 1131098834 1131098834
19 1131098834 1131098834
2 1131098834 1131098834
15 1131099420 1131099420
18 1131097658 1131099988
23 1131097658 1131099988
4 1131097658 1131099988
1767 1131099988 1131099988
17 1131097091 1131100543
24 1131107503 1131107503
3571 1131107503 1131107503
8976 1131112061 1131112068
9180 1131112676 1131112711
10582 1131113864 1131113864
2735 1131114437 1131114437
435 1131131197 1131131197
6447 1131132339 1131132353
47 1131132339 1131132927
2191 1131132927 1131132927
359 1131132339 1131132934
1518 1131132927 1131132934
8170 1131133534 1131133534
6585 1131133541 1131133541
6828 1131133534 1131133548
6510 1131133534 1131133548
3966 1131133541 1131133548
8733 1131133548 1131133548
8170 1131134136 1131134136
2191 1131134143 1131134143
8068 1131132927 1131134751
3228 1131134751 1131134751
8137 1131134751 1131134751
6585 1131136507 1131136507
7945 1131136507 1131136507
2191 1131136507 1131136507
6319 1131138758 1131138758
44 1131139363 1131139363
8425 1131209734 1131209734
9060 1131209734 1131209734
6753 1131210887 1131210887
9066 1131211486 1131211486
3482 1131211486 1131211486
2417 1131212056 1131212056
7189 1131212056 1131212063
6193 1131212063 1131212063
435 1131213825 1131213825
9289 1131266903 1131267515
4757 1131266903 1131267515
3502 1131268121 1131268135
9053 1131289511 1131289511
2798 1131289511 1131289511
9289 1131290646 1131290646
8418 1131292320 1131292320
23 1131341989 1131342579
15 1131342575 1131342579
1767 1131342586 1131342586
30 1131342579 1131342591
33 1131341989 1131342598
19 1131342575 1131342598
10091 1131342575 1131342605
6 1131342605 1131342605
30 1131343175 1131343175
1767 1131343175 1131343725
15 1131342605 1131343731
19 1131343725 1131343737
6 1131343743 1131343743
13 1131342575 1131344325
33 1131343725 1131344325
20 1131343731 1131344325
1767 1131344325 1131344325
4087 1131341989 1131344336
18 1131342575 1131344336
30 1131344331 1131344336
15 1131344319 1131344899
19 1131344331 1131344899
6189 1131342575 1131345504
1767 1131344899 1131345504
34 1131345504 1131345504
29 1131345504 1131345504
33 1131344899 1131346097
6 1131346655 1131346655
19 1131346655 1131346655
30 1131346655 1131347252
6189 1131347259 1131347259
23 1131342598 1131347265
15 1131346655 1131347272
20 1131344899 1131347284
6189 1131347284 1131347284
23 1131347284 1131347284
30 1131347272 1131347290
19 1131347290 1131347831
15 1131347831 1131347831
17 1131343175 1131347836
18 1131347259 1131347843
23 1131347836 1131347843
13 1131348384 1131348384
6 1131347278 1131348388
20 1131347836 1131348388
19 1131348384 1131348388
5 1131346097 1131348394
4087 1131346097 1131348394
15 1131348384 1131348394
17 1131348388 1131348394
30 1131348388 1131348394
23 1131348394 1131348394
18 1131348394 1131348394
33 1131347259 1131348963
29 1131348963 1131348963
11 1131348963 1131348963
34 1131348963 1131348963
5215 1131348963 1131348963
1767 1131349545 1131349545
1767 1131350715 1131351839
8187 1131352442 1131352463
34 1131352449 1131352463
11145 1131352463 1131352463
9794 1131352463 1131352463
1767 1131353059 1131353059
20 1131353059 1131353059
6 1131352442 1131353647
19 1131353647 1131354225
18 1131352442 1131354798
33 1131352442 1131354798
5 1131353059 1131354798
10091 1131353059 1131354798
4087 1131353654 1131354798
20 1131354798 1131354798
23 1131354798 1131354798
17 1131353647 1131355388
31 1131355388 1131355388
8418 1131375132 1131375139
2798 1131376917 1131376917
8418 1131391375 1131391983
3184 1131394847 1131394847
19 1131430721 1131430721
3010 1131430728 1131430735
19 1131431311 1131431311
3010 1131431318 1131431318
19 1131431922 1131431922
3010 1131431922 1131431928
18 1131430721 1131431935
20 1131431332 1131431942
19 1131431942 1131431942
13 1131431318 1131432489
17 1131432489 1131432489
23 1131430721 1131432503
19 1131432503 1131432503
13 1131433086 1131433086
18 1131432496 1131433093
6189 1131431325 1131434291
13 1131434291 1131434291
19 1131434291 1131434865
3010 1131433093 1131435472
33 1131434291 1131436072
20 1131434872 1131436072
11373 1131436665 1131436665
30 1131430721 1131436672
23 1131434872 1131436672
20 1131436672 1131436672
1767 1131434872 1131437213
19 1131437213 1131437213
17 1131433086 1131437814
18 1131434865 1131437821
3010 1131436672 1131437821
10091 1131437814 1131438366
1767 1131438366 1131438949
33 1131437814 1131439561
17 1131439561 1131439561
4087 1131434291 1131440152
3010 1131438949 1131440152
10091 1131439561 1131440152
1767 1131440152 1131440152
18 1131438956 1131440759
5215 1131440745 1131440759
32 1131440759 1131440759
6595 1131442511 1131442511
9555 1131442511 1131442511
4104 1131442511 1131442511
10036 1131442511 1131442511
2023 1131442511 1131442511
4036 1131442511 1131442511
6647 1131445361 1131445361
8951 1131463329 1131463887
9957 1131463880 1131463887
8954 1131463887 1131463887
1410 1131463887 1131463887
8951 1131465047 1131465653
8954 1131465660 1131465660
8954 1131467443 1131467443
8951 1131466840 1131467995
9957 1131467995 1131468602
8954 1131471526 1131471526
9223 1131474949 1131474949
9460 1131476122 1131476122
10067 1131476698 1131476698
8383 1131476698 1131476705
3844 1131476698 1131476705
6282 1131476698 1131476705
