3010 1130493332 1130493332
10 1130493332 1130493343
2 1130493332 1130493343
6 1130493336 1130493343
7020 1130493332 1130493928
17 1130493928 1130493928
7 1130493928 1130493928
13 1130493928 1130493928
19 1130493928 1130493928
30 1130493332 1130494517
35 1130493332 1130495099
5 1130494517 1130495099
1 1130495099 1130495099
23 1130495642 1130495642
26 1130493332 1130496756
13 1130495642 1130496756
17 1130495642 1130496756
6 1130495099 1130497309
1 1130497309 1130497309
9 1130493332 1130497311
4 1130496756 1130497311
18 1130497862 1130497862
26 1130497862 1130497862
14 1130497862 1130497862
1131 1130497862 1130497862
23 1130498419 1130498419
1 1130498419 1130498421
2 1130498421 1130498421
24 1130497862 1130499553
33 1130493928 1130499557
26 1130498995 1130499557
4 1130499557 1130499557
5 1130497309 1130499561
7020 1130497862 1130499561
6 1130498995 1130499561
1131 1130499553 1130499561
3010 1130494517 1130500132
20 1130494517 1130500132
10 1130495642 1130500132
35 1130496756 1130500132
2 1130499557 1130500132
19 1130499557 1130500132
24 1130500132 1130500132
23 1130500132 1130501296
5030 1130503668 1130503668
6229 1130503682 1130503682
6170 1130506525 1130508881
2471 1130507682 1130508881
7652 1130508287 1130508881
5008 1130509451 1130509451
3740 1130509451 1130509451
4291 1130510050 1130510050
5484 1130510650 1130510657
5356 1130510650 1130510657
2003 1130511784 1130511784
5002 1130512391 1130512391
10187 1130512979 1130512993
3512 1130513548 1130513555
4927 1130513555 1130513555
220 1130514156 1130514156
8509 1130514156 1130514163
4927 1130514163 1130514163
2977 1130514751 1130514758
8144 1130515358 1130515358
3363 1130515931 1130515931
8843 1130515931 1130515931
2181 1130515931 1130515931
3767 1130516521 1130516521
3659 1130516521 1130516521
7635 1130516521 1130516521
2316 1130516521 1130516521
5472 1130517073 1130517073
9380 1130517073 1130517073
8226 1130517634 1130517634
8962 1130517634 1130517641
9328 1130518241 1130518241
7297 1130518835 1130518835
8226 1130519411 1130519411
3538 1130520003 1130520003
6482 1130520003 1130520003
3959 1130521743 1130521743
6787 1130532147 1130532147
5800 1130535065 1130535072
4 1130537388 1130537395
1 1130540324 1130540324
8594 1130540324 1130541475
4713 1130540324 1130541475
7273 1130540324 1130541475
34 1130541475 1130541475
10350 1130542076 1130542076
9054 1130542076 1130542076
10528 1130542076 1130542083
8594 1130542628 1130542628
10 1130545550 1130545550
7273 1130545557 1130546134
1419 1130547249 1130547249
553 1130548441 1130548441
38 1130679655 1130679655
1192 1130680222 1130680222
4866 1130680222 1130680222
738 1130680222 1130680222
10205 1130680222 1130680222
3266 1130680222 1130680222
10235 1130680222 1130680222
2811 1130680815 1130680822
7752 1130709481 1130709481
3767 1130708929 1130711797
8581 1130711797 1130711797
5261 1130747989 1130747989
6 1130749126 1130749725
14 1130749126 1130750323
10 1130750323 1130750323
13 1130750323 1130750323
2 1130750323 1130751488
20 1130750323 1130751488
9 1130751488 1130751488
4 1130751488 1130751488
18 1130749725 1130751494
5 1130748567 1130751501
19 1130749126 1130751501
6189 1130749725 1130751501
33 1130749725 1130751501
10 1130751494 1130751501
13 1130751501 1130751501
30 1130752103 1130752110
4 1130752110 1130752110
7 1130752110 1130752117
6 1130752117 1130752117
14 1130751494 1130752124
3010 1130752668 1130752668
33 1130752668 1130752668
6 1130752674 1130752674
4 1130752668 1130752681
9 1130752668 1130752688
19 1130752668 1130752688
13 1130752681 1130752688
10 1130752681 1130753894
3010 1130752688 1130753901
6 1130753290 1130753901
6189 1130752668 1130753908
19 1130753908 1130753908
20 1130752668 1130754495
33 1130753290 1130754495
30 1130754495 1130755085
6189 1130755085 1130755085
4 1130753894 1130755639
13 1130754495 1130755639
9 1130754495 1130755639
20 1130755639 1130755639
5 1130752668 1130756243
6 1130754502 1130756243
10 1130756243 1130756243
3010 1130755639 1130757397
18 1130756243 1130757397
10 1130757990 1130757990
2 1130756243 1130758562
13 1130758562 1130758562
6189 1130758562 1130758562
18 1130758562 1130758562
19 1130755085 1130759106
9794 1130759106 1130759106
14 1130757397 1130759113
5 1130757990 1130759707
2 1130759707 1130759707
4 1130760273 1130760273
18 1130760273 1130760273
4 1130761451 1130761451
33 1130756243 1130762566
6 1130758555 1130762566
10 1130759113 1130762566
10888 1130759707 1130762566
20 1130759707 1130762566
14 1130760876 1130762566
18 1130762012 1130762566
16 1130763131 1130763138
5 1130762566 1130763152
21 1130763751 1130763758
7524 1130763758 1130763758
3164 1130836800 1130836800
4 1130837377 1130837377
3010 1130837926 1130837926
2 1130837926 1130837933
10 1130837926 1130837933
19 1130837933 1130837933
6 1130837926 1130837940
20 1130837926 1130837940
14 1130837933 1130837947
1 1130837940 1130838534
20 1130838541 1130838548
14 1130839709 1130839709
1767 1130838534 1130840254
10 1130840254 1130840254
3010 1130838541 1130840260
20 1130840254 1130840260
7020 1130837926 1130840266
2 1130838534 1130840266
14 1130840266 1130840266
4 1130837940 1130840837
6 1130838548 1130840837
1 1130840837 1130840844
14 1130841428 1130841428
7020 1130841428 1130841984
26 1130841984 1130841984
13 1130838534 1130842556
19 1130842556 1130842556
1767 1130841428 1130842560
10091 1130841428 1130843160
9 1130841428 1130843160
4 1130842556 1130843160
14 1130843160 1130843160
3010 1130843160 1130843160
6189 1130838534 1130843756
20 1130841428 1130843756
6 1130841984 1130843756
2 1130842556 1130843756
7020 1130843756 1130843756
13 1130843756 1130843756
19 1130843756 1130843756
26 1130843756 1130843756
1767 1130844320 1130844320
32 1130848421 1130848421
22 1130848982 1130848982
5878 1130848982 1130849537
16 1130849537 1130849537
22 1130849537 1130849544
34 1130848982 1130849551
16 1130850705 1130850705
27 1130848421 1130851265
28 1130850139 1130851265
5878 1130850139 1130851265
22 1130850705 1130851265
13 1130851265 1130851265
25 1130851265 1130851265
6189 1130851265 1130851265
34 1130851265 1130851265
7048 1130859980 1130859980
6 1130868134 1130872216
10523 1130872216 1130872216
5 1130919117 1130919117
14 1130919117 1130919117
2 1130919689 1130919689
33 1130919117 1130919696
4 1130919117 1130920267
20 1130919689 1130920833
6 1130919689 1130920833
30 1130919696 1130920833
14 1130920833 1130920833
17 1130921382 1130921385
2 1130921382 1130921385
18 1130919689 1130921956
33 1130920833 1130921956
1 1130921956 1130922509
4 1130921385 1130922514
4087 1130920828 1130922517
3010 1130922509 1130922517
6 1130921956 1130923633
1 1130923089 1130923633
13 1130923633 1130923633
30 1130921956 1130924220
4 1130923633 1130924225
3010 1130924220 1130924807
17 1130924807 1130924807
9 1130919696 1130924813
30 1130924813 1130924819
5 1130920267 1130925421
6 1130924807 1130925421
17 1130925421 1130925421
9 1130926019 1130926019
20 1130922509 1130926022
4087 1130924220 1130926022
14 1130926019 1130926022
18 1130926596 1130926596
11265 1130926596 1130926596
19 1130919117 1130926600
6189 1130923089 1130926600
17 1130926596 1130927172
13 1130924813 1130927177
3010 1130926019 1130927177
4087 1130927172 1130927177
6189 1130927182 1130927182
1 1130926596 1130927759
2 1130927172 1130928362
6 1130926600 1130928967
18 1130927177 1130928967
14 1130927182 1130928967
3010 1130928362 1130928967
5 1130926596 1130929519
4087 1130928967 1130929524
27 1130929524 1130929524
21 1130930129 1130930129
4 1130927172 1130930686
5 1130930686 1130930686
23 1130926600 1130931843
17 1130927759 1130931843
33 1130923089 1130932427
2 1130929519 1130932427
1 1130929519 1130932427
18 1130930129 1130932427
14 1130930129 1130932427
6 1130930129 1130932427
20 1130930686 1130932427
4 1130933030 1130933030
4087 1130931249 1130933600
22 1130933030 1130933600
27 1130933600 1130933600
1642 1130958863 1130958863
1642 1130960645 1130960645
5551 1130956576 1130962370
1892 1130962941 1130962941
5992 1130965300 1130965300
2108 1130967032 1130967032
2103 1130964123 1130967039
2108 1130968174 1130968174
7927 1130968195 1130968195
7169 1130968195 1130968195
1642 1130968750 1130968757
2108 1130968195 1130968764
5551 1130964116 1130969333
1861 1130968181 1130969333
19 1131007717 1131007717
18 1131007717 1131007717
30 1131007717 1131008324
19 1131008338 1131008338
10 1131008894 1131008894
30 1131008894 1131008900
19 1131009474 1131009474
1 1131007717 1131010066
14 1131008324 1131010066
3010 1131008324 1131010066
2 1131007717 1131010628
3010 1131011223 1131011223
18 1131010628 1131011771
21 1131011771 1131011771
17 1131011771 1131011771
30 1131011771 1131011771
20 1131008324 1131011774
10 1131010628 1131011774
9 1131011223 1131011774
23 1131011774 1131011774
1131 1131007717 1131011778
4 1131008338 1131011778
14 1131011223 1131011778
3010 1131011778 1131011778
2 1131012321 1131012321
17 1131012321 1131012321
30 1131012321 1131012321
9 1131012323 1131012323
11 1131012323 1131012323
18 1131012323 1131012323
11324 1131012323 1131012323
20 1131012323 1131012884
19 1131011771 1131013461
29 1131011771 1131013461
30 1131013461 1131013461
21 1131013461 1131013461
4 1131012884 1131013465
3010 1131012884 1131013465
10 1131012884 1131013472
9 1131013472 1131013472
1 1131013461 1131013478
18 1131013478 1131013478
1131 1131012884 1131014037
11 1131013472 1131014037
17 1131014037 1131014037
14 1131014037 1131014037
33 1131011771 1131014041
29 1131013478 1131014041
19 1131013478 1131014041
30 1131014041 1131014041
4087 1131011223 1131014612
5 1131011778 1131014612
20 1131013472 1131014612
9 1131014041 1131014612
23 1131014041 1131014612
7587 1131014612 1131014612
3010 1131014612 1131014612
2 1131014612 1131014612
7849 1131028118 1131028118
10 1131028700 1131028700
10090 1131028700 1131032192
3809 1131029276 1131032192
5878 1131032759 1131032766
10931 1131032766 1131032766
22 1131032759 1131033326
8187 1131032759 1131033326
3082 1131040909 1131040909
7028 1131041505 1131041505
38 1131041505 1131041505
1 1131089246 1131089246
18 1131089246 1131089246
23 1131089246 1131089253
30 1131089253 1131089253
4 1131089253 1131089253
20 1131089860 1131089867
10 1131089860 1131089867
14 1131089246 1131090417
18 1131089867 1131090417
23 1131090417 1131090417
1204 1131089253 1131090983
1 1131090983 1131090983
30 1131090983 1131090995
10 1131090983 1131090995
20 1131090995 1131090995
1 1131091555 1131091555
18 1131090989 1131091560
2 1131089860 1131091566
4 1131090417 1131091566
14 1131090989 1131091566
30 1131091566 1131091566
6 1131089860 1131092132
1204 1131091560 1131092132
1 1131092132 1131092132
4087 1131089246 1131092724
23 1131090989 1131092731
2 1131092731 1131092731
4 1131092731 1131092731
10 1131092724 1131093885
3010 1131093885 1131093885
6 1131094433 1131094439
4 1131094433 1131094439
1204 1131094433 1131095041
2 1131095041 1131095041
20 1131092724 1131095045
10 1131095041 1131095045
1 1131095045 1131095045
18 1131093885 1131095052
23 1131094439 1131095052
14 1131095640 1131095640
22 1131095640 1131095640
19 1131089253 1131096199
6 1131096199 1131096199
2 1131095640 1131096204
3010 1131095052 1131096211
10 1131096204 1131096211
1 1131096211 1131096211
1204 1131095640 1131096757
6 1131096757 1131096757
5 1131096199 1131097326
19 1131096757 1131097326
1 1131097904 1131097907
10 1131097904 1131097907
33 1131093317 1131098474
1204 1131098474 1131098479
4 1131095640 1131099075
14 1131097326 1131099075
3010 1131099075 1131099075
4087 1131093885 1131099082
18 1131096204 1131099082
23 1131096211 1131099082
6 1131097907 1131099082
19 1131099075 1131099082
2 1131099082 1131099082
1 1131099082 1131099082
33 1131099637 1131099637
14 1131100182 1131100189
20 1131100189 1131100189
10 1131100182 1131100195
18 1131100189 1131100796
1767 1131100796 1131100796
6 1131100796 1131100796
1 1131100189 1131100801
14 1131100801 1131100801
17 1131100801 1131100801
2 1131100801 1131100801
4 1131100189 1131100807
19 1131100796 1131100807
10 1131100807 1131101384
23 1131100189 1131101941
5 1131098474 1131102491
4087 1131100189 1131102491
20 1131100801 1131102491
18 1131101384 1131102491
2 1131101941 1131102491
4 1131102491 1131102491
33 1131100195 1131103070
28 1131103070 1131103646
16 1131103646 1131103646
17 1131103646 1131103646
7 1131103646 1131103646
34 1131103646 1131103646
17 1131104240 1131104240
33 1131104233 1131104809
21 1131105369 1131105369
16 1131105928 1131105928
5 1131104226 1131105949
4087 1131104795 1131105949
34 1131104795 1131105949
23 1131104795 1131105949
54 1131106564 1131106564
5 1131106592 1131106592
21 1131108311 1131108318
8225 1131270226 1131270226
6733 1131271384 1131271384
2188 1131271384 1131271384
4025 1131271932 1131271939
9876 1131271939 1131271939
2367 1131271932 1131272499
2188 1131272499 1131272499
2141 1131272499 1131273079
3947 1131273079 1131273079
6854 1131273622 1131273622
5268 1131274759 1131274759
2013 1131278779 1131278779
9702 1131279337 1131279337
1814 1131279337 1131279337
4470 1131279906 1131279906
1578 1131279906 1131279906
2629 1131280480 1131280480
3307 1131281036 1131281036
5394 1131281036 1131281036
9657 1131281036 1131281043
9789 1131281613 1131281613
2805 1131281613 1131281613
3788 1131282793 1131282793
4415 1131282800 1131282800
385 1131283392 1131283982
9847 1131293020 1131293020
9847 1131299443 1131299443
4087 1131344019 1131344019
21 1131344019 1131344019
14 1131344611 1131344611
23 1131344019 1131344618
4087 1131345742 1131345742
18 1131344611 1131345746
19 1131344611 1131345750
17 1131345742 1131345750
23 1131345746 1131345750
33 1131344611 1131346339
14 1131345742 1131346346
13 1131345746 1131346346
6 1131345182 1131346360
17 1131346353 1131346360
23 1131346360 1131346360
1767 1131345182 1131346956
6189 1131345742 1131346956
20 1131346339 1131346956
19 1131346353 1131346956
18 1131346353 1131346956
33 1131346360 1131346956
14 1131346956 1131346956
13 1131346956 1131346956
11 1131347544 1131347544
3 1131347544 1131347551
8187 1131347544 1131347551
9794 1131347544 1131347551
23 1131348122 1131348122
6189 1131349285 1131349285
4087 1131349285 1131349285
14 1131348122 1131350436
19 1131348122 1131350436
33 1131348122 1131350436
18 1131349285 1131350436
6 1131348122 1131350443
20 1131348122 1131350443
23 1131350443 1131350443
17 1131348695 1131352142
13 1131352703 1131352703
33 1131353315 1131353315
19 1131351595 1131353905
18 1131351595 1131353905
17 1131353315 1131353905
6 1131353315 1131353905
6189 1131353905 1131353905
