13 1130494441 1130494448
9 1130494448 1130494448
7020 1130494455 1130494455
7 1130494455 1130494455
18 1130494455 1130494455
500 1130495040 1130495040
3 1130495040 1130495040
30 1130495629 1130495629
20 1130495629 1130495629
15 1130495629 1130496211
9 1130496211 1130496211
10 1130496211 1130496211
5 1130495629 1130496754
3010 1130495629 1130496754
26 1130495629 1130496754
35 1130496211 1130496754
33 1130496211 1130496754
6 1130496211 1130496754
19 1130494455 1130497307
23 1130495629 1130497307
7020 1130497307 1130497307
1131 1130497307 1130497307
34 1130497307 1130497307
18 1130497307 1130497307
54 1130497868 1130497868
24 1130497307 1130498421
13 1130497868 1130498421
500 1130497868 1130498428
31 1130497868 1130498428
9 1130497868 1130498428
25 1130498428 1130498428
5215 1130498979 1130498979
9413 1130498979 1130499543
11 1130499536 1130500117
11150 1130500117 1130500117
13 1130500117 1130500117
29 1130499543 1130500675
13 1130501260 1130501260
33 1130501260 1130501260
10 1130501260 1130501260
6 1130501260 1130501260
35 1130501260 1130502403
13 1130502417 1130502417
5 1130501829 1130502424
1131 1130501260 1130502431
2 1130501260 1130502431
35 1130502424 1130502431
8999 1130503605 1130504188
10470 1130510002 1130510002
808 1130510002 1130510002
1495 1130510002 1130510009
10102 1130510002 1130510009
818 1130510002 1130510579
7812 1130510002 1130510579
3191 1130510002 1130511178
28 1130512912 1130512912
34 1130514107 1130514107
7 1130513519 1130514121
3 1130512338 1130514683
12 1130512338 1130515284
34 1130514683 1130515879
7 1130515291 1130515879
29 1130515886 1130515886
34 1130517052 1130517052
9794 1130512338 1130517649
3 1130515291 1130517649
12 1130515886 1130517649
28 1130517649 1130517649
382 1130512912 1130518201
7 1130517052 1130518769
34 1130518201 1130522871
9511 1130541452 1130541452
9376 1130587115 1130592791
724 1130594533 1130594533
8213 1130594533 1130594533
4603 1130594533 1130594533
5382 1130594533 1130594533
6939 1130594533 1130594540
7018 1130594547 1130594547
7035 1130594547 1130594547
2079 1130594547 1130594547
2496 1130594554 1130594554
3709 1130594561 1130594561
319 1130595122 1130595129
2602 1130595735 1130595735
1354 1130595735 1130595735
297 1130596329 1130596329
5531 1130597470 1130598637
2463 1130597470 1130598637
2463 1130603870 1130603870
9681 1130605067 1130605067
5662 1130606265 1130606272
7658 1130606265 1130606272
4608 1130606265 1130606279
7190 1130606265 1130606279
7221 1130606265 1130606279
5196 1130606272 1130606279
3959 1130606279 1130606279
8976 1130606881 1130606881
6111 1130609779 1130609786
2879 1130609779 1130609786
7396 1130611538 1130611538
6111 1130610935 1130612112
4982 1130683162 1130683162
3360 1130683162 1130683162
10670 1130685474 1130685474
5531 1130685481 1130690027
10268 1130691787 1130691787
9376 1130704242 1130705985
828 1130705985 1130705985
10555 1130752616 1130752623
1644 1130752616 1130752630
5120 1130752616 1130752630
8096 1130752623 1130752630
9240 1130752630 1130752630
7286 1130752630 1130752630
1572 1130753232 1130753811
10523 1130756215 1130756215
8391 1130756215 1130756215
9511 1130756215 1130756215
9376 1130756769 1130762006
9376 1130785043 1130789559
9511 1130829197 1130829197
8384 1130853544 1130853544
38 1130853544 1130853544
7313 1130853544 1130853544
9376 1130854130 1130861115
7524 1130864010 1130864010
1820 1130864602 1130864609
10778 1130870456 1130870456
4771 1130870456 1130870456
9376 1130869868 1130871597
4771 1130872785 1130872785
10778 1130875709 1130875709
4771 1130875709 1130877389
4771 1130877996 1130878577
10778 1130879713 1130879713
9255 1130871597 1130880903
2463 1130882609 1130882623
6682 1130886006 1130886006
9255 1130882609 1130887697
18 1130921402 1130921402
33 1130921402 1130921963
20 1130921402 1130921963
6 1130921963 1130921963
2 1130921402 1130921967
14 1130921402 1130921967
9 1130921967 1130921967
4 1130921967 1130921967
4087 1130921402 1130922523
15 1130921963 1130922523
1 1130922523 1130922523
19 1130921967 1130923094
4 1130923094 1130923094
15 1130923654 1130923654
3010 1130922523 1130923661
20 1130923647 1130923661
6 1130924233 1130924233
30 1130921402 1130924777
33 1130924233 1130924777
4087 1130924777 1130924777
4 1130923661 1130925364
20 1130925364 1130925364
5 1130921402 1130925369
9 1130923661 1130925369
33 1130925951 1130925951
6189 1130923094 1130925956
15 1130925364 1130925956
4 1130925956 1130925956
3010 1130925956 1130925956
20 1130925956 1130925956
13 1130925364 1130925960
30 1130925951 1130925960
9 1130925960 1130925960
23 1130925951 1130926562
1 1130924777 1130927160
3010 1130927160 1130927160
6 1130925956 1130927164
19 1130924233 1130927741
23 1130927741 1130927741
5 1130926562 1130928313
18 1130926562 1130928323
4087 1130925951 1130928900
14 1130927160 1130928900
15 1130927160 1130928900
3010 1130928313 1130928900
6 1130928317 1130928900
19 1130928900 1130928900
5 1130929503 1130929510
14 1130930109 1130930109
2 1130926562 1130930667
6 1130930667 1130930667
33 1130926562 1130931829
4 1130927164 1130931829
15 1130930109 1130931829
1 1130928313 1130932392
23 1130928323 1130932392
20 1130930109 1130932392
4087 1130930109 1130932392
18 1130930109 1130932392
5 1130931272 1130932392
14 1130931272 1130932392
2 1130932392 1130932392
4398 1130934173 1130934173
8999 1130934173 1130934173
7396 1130935334 1130935348
2879 1130953715 1130953722
5531 1130997852 1130997852
9376 1130993775 1130999007
5531 1130999000 1130999007
5924 1131000781 1131000781
952 1131010044 1131010044
29 1131010618 1131010618
5 1131010618 1131010618
11 1131010618 1131010618
5 1131011772 1131011772
30 1131011772 1131011772
29 1131011772 1131012367
18 1131011772 1131012915
23 1131012915 1131012915
11 1131012915 1131012915
2 1131011772 1131012919
4 1131012919 1131012919
15 1131012367 1131012925
10 1131012919 1131012925
20 1131011772 1131013468
30 1131012919 1131013468
5 1131013468 1131013474
9 1131013468 1131013474
6435 1131013474 1131013474
3010 1131013474 1131013474
18 1131013474 1131013474
14 1131011772 1131014035
33 1131011772 1131014035
1131 1131012367 1131014035
4087 1131012367 1131014035
11 1131013474 1131014035
2 1131014035 1131014035
19 1131014035 1131014035
29 1131014035 1131014035
19 1131015199 1131015199
1 1131015770 1131015770
5 1131015192 1131016369
9 1131016375 1131016375
3010 1131015192 1131016918
4087 1131015192 1131016918
1767 1131016375 1131016918
14 1131015192 1131017507
1131 1131015192 1131017507
2 1131015192 1131017507
33 1131015192 1131017507
7587 1131015770 1131017507
23 1131016369 1131017507
5 1131017507 1131017507
10 1131017507 1131017507
10652 1131019895 1131019930
11 1131099081 1131099081
1204 1131099648 1131099648
10 1131099648 1131099648
29 1131098496 1131099655
3010 1131099648 1131099655
6 1131099655 1131099655
2 1131099655 1131099655
19 1131099648 1131100813
20 1131100251 1131100813
33 1131100251 1131100813
2 1131100813 1131101358
4087 1131101358 1131101358
6 1131101358 1131101365
4 1131099655 1131101372
10 1131101372 1131101372
15 1131101973 1131101973
6 1131101980 1131101980
1 1131099655 1131101986
14 1131100251 1131101986
23 1131099648 1131102563
18 1131099648 1131102563
20 1131101372 1131102563
2 1131101980 1131102563
19 1131101980 1131102563
4 1131102563 1131102563
28 1131103120 1131103120
34 1131103120 1131103120
33 1131101372 1131103670
16 1131103120 1131103670
4087 1131103670 1131103670
15 1131103670 1131103670
33 1131105405 1131105405
28 1131104825 1131105988
10024 1131108328 1131108335
28 1131109490 1131109490
23 1131109490 1131109497
16 1131110098 1131110105
2424 1131109490 1131110678
4087 1131109490 1131110678
7 1131109490 1131110678
34 1131109490 1131110678
36 1131109490 1131110678
3 1131109497 1131110678
25 1131109497 1131110678
28 1131110678 1131110678
824 1131111885 1131111892
824 1131113040 1131113040
33 1131113647 1131113647
2093 1131111281 1131114223
6691 1131113647 1131114223
9 1131113647 1131114223
36 1131114771 1131114771
4 1131114771 1131114771
2424 1131114771 1131114771
21 1131114771 1131114771
34 1131114771 1131114771
7 1131114771 1131114771
32 1131114771 1131114771
7726 1131115926 1131117052
421 1131118150 1131118150
7726 1131122179 1131122779
7726 1131123947 1131124507
7726 1131136770 1131136770
7726 1131169926 1131176839
7726 1131183233 1131183240
9376 1131190874 1131190888
8233 1131210683 1131210683
7399 1131210683 1131210683
6164 1131211263 1131211263
3349 1131211263 1131211263
3139 1131211263 1131211263
564 1131210683 1131211270
5527 1131211270 1131211270
625 1131211263 1131211825
10264 1131211263 1131211832
8278 1131211263 1131211832
10546 1131211263 1131211832
2907 1131211270 1131211832
7362 1131211832 1131211832
6164 1131211832 1131211832
9548 1131212381 1131212381
2545 1131212986 1131212986
9695 1131212986 1131212986
5569 1131212986 1131212986
2810 1131213566 1131213566
4982 1131213566 1131213566
10631 1131213566 1131213566
4855 1131214122 1131214122
3482 1131214122 1131214122
9376 1131269643 1131275395
5640 1131277652 1131277652
3266 1131277652 1131277652
2663 1131277652 1131277652
6576 1131306259 1131306266
9376 1131306819 1131306819
9376 1131334800 1131339408
5531 1131337049 1131340576
6111 1131342907 1131342921
23 1131345198 1131345198
4087 1131345790 1131345790
1767 1131345790 1131345790
13 1131345790 1131345796
21 1131345790 1131345796
14 1131345790 1131346360
19 1131345796 1131346920
20 1131346360 1131346920
23 1131346360 1131346926
21 1131346926 1131346926
6 1131345790 1131346932
15 1131345796 1131346932
1767 1131346920 1131346932
14 1131346932 1131346932
25 1131346932 1131346932
20 1131347521 1131347528
23 1131347528 1131347528
30 1131347535 1131347535
18 1131345790 1131347542
6189 1131345790 1131347542
13 1131346932 1131347542
4087 1131346932 1131348138
14 1131348138 1131348726
6 1131347535 1131348733
30 1131349877 1131349877
20 1131348138 1131350467
15 1131348138 1131350467
6189 1131349304 1131350467
14 1131349877 1131350467
5 1131348138 1131351054
3 1131351054 1131351054
33 1131345796 1131351618
6 1131351618 1131351618
18 1131349304 1131351625
11177 1131352209 1131352209
33 1131352777 1131353324
6 1131352777 1131353324
18 1131353324 1131353324
19 1131349304 1131353885
15 1131351625 1131353885
6189 1131354490 1131354490
13 1131354497 1131354497
4087 1131349304 1131355087
20 1131355631 1131355631
5 1131352209 1131355638
6189 1131355644 1131355644
23 1131348138 1131356246
6 1131356246 1131356246
19 1131355638 1131356251
6 1131356263 1131356263
6189 1131356270 1131356270
1955 1131356270 1131356270
6 1131356831 1131356831
1767 1131354490 1131356836
18 1131355087 1131356843
23 1131356825 1131356843
10091 1131355087 1131357384
33 1131355087 1131357384
14 1131355087 1131357384
20 1131356246 1131357384
4087 1131356246 1131357384
19 1131356270 1131357384
5 1131356825 1131357384
6 1131357384 1131357384
2879 1131358557 1131358557
8999 1131358557 1131358557
7396 1131359135 1131359156
3196 1131362075 1131362075
805 1131362075 1131362075
2644 1131362676 1131363863
961 1131362676 1131363870
2644 1131364472 1131365048
824 1131366145 1131366145
23 1131367264 1131367264
824 1131367869 1131367869
3650 1131369603 1131369610
9637 1131381203 1131382389
8581 1131381203 1131382389
1206 1131384713 1131384727
8220 1131384727 1131384727
4515 1131384713 1131384734
1342 1131384748 1131384755
1206 1131384748 1131384755
3602 1131385881 1131385881
6743 1131385881 1131391075
423 1131391663 1131391663
11336 1131434622 1131434622
18 1131434626 1131434626
13 1131434622 1131435231
18 1131435822 1131435822
14 1131434622 1131436415
13 1131436415 1131436415
6189 1131434622 1131436429
30 1131434622 1131436429
19 1131434626 1131436429
30 1131437616 1131437616
23 1131434622 1131438179
18 1131437023 1131438179
3010 1131434622 1131438739
20 1131434622 1131438739
33 1131436415 1131438739
4087 1131436429 1131438739
1767 1131437023 1131438739
14 1131437023 1131438739
383 1131439320 1131439334
19 1131437616 1131439892
14 1131439892 1131439892
18 1131440447 1131442230
10091 1131439892 1131442237
1767 1131439892 1131442237
3010 1131440447 1131442237
33 1131440454 1131442237
4087 1131441029 1131442237
19 1131441029 1131442237
14 1131441634 1131442237
9511 1131448006 1131448013
