7 1130493928 1130494513
17 1130493914 1130495102
2 1130493914 1130496227
5878 1130494513 1130496227
22 1130495102 1130496227
3 1130496780 1130496780
952 1130496780 1130496780
500 1130496780 1130496780
9 1130496780 1130496780
9794 1130496780 1130496780
1131 1130493914 1130497341
34 1130497341 1130497341
24 1130497341 1130497341
5 1130497341 1130497341
1 1130497341 1130497341
19 1130497341 1130497341
7 1130496780 1130497894
23 1130497341 1130497896
33 1130497894 1130497896
15 1130497894 1130497896
4 1130497894 1130498447
3010 1130497894 1130498447
2 1130497894 1130498447
36 1130498447 1130498447
7020 1130493914 1130499004
26 1130497896 1130499004
20 1130499004 1130499004
25 1130499004 1130499004
24 1130499004 1130499004
6 1130497894 1130499006
9794 1130498447 1130499006
14 1130499004 1130499006
31 1130499006 1130499006
19 1130499580 1130499580
7 1130499580 1130499580
20 1130500138 1130500138
5 1130500138 1130500138
35 1130499004 1130500141
10 1130499006 1130500141
3010 1130499580 1130500141
23 1130499580 1130500141
2 1130499580 1130500141
1131 1130498447 1130500143
1 1130499006 1130500143
4 1130499580 1130500143
24 1130500138 1130500143
26 1130500138 1130500143
14 1130500143 1130500143
9794 1130500143 1130500143
33 1130499580 1130500714
2378 1130501857 1130501857
1698 1130501857 1130501871
827 1130501871 1130501878
7013 1130501878 1130501878
7020 1130500138 1130509456
9022 1130510632 1130510632
740 1130510632 1130510632
7384 1130511232 1130511239
10526 1130511239 1130511239
572 1130514130 1130514130
38 1130514738 1130514738
1733 1130514738 1130514745
2871 1130515333 1130515333
8964 1130515333 1130515340
1424 1130515333 1130515340
1838 1130515333 1130515340
6176 1130515333 1130515340
7323 1130515340 1130515340
7020 1130512366 1130516513
6181 1130516513 1130516513
3298 1130517655 1130517655
2509 1130517655 1130517655
5835 1130517655 1130517655
4988 1130517655 1130517655
2725 1130519993 1130519993
2591 1130519993 1130519993
405 1130519993 1130519993
1314 1130519993 1130519993
7542 1130521740 1130521740
10902 1130527559 1130527559
7020 1130518216 1130529270
7020 1130530988 1130530988
7020 1130532101 1130533298
8585 1130588843 1130588843
9211 1130588843 1130588843
7247 1130588843 1130588843
7223 1130588843 1130588843
7655 1130588843 1130588843
4116 1130588843 1130588843
1353 1130588843 1130588843
9145 1130588843 1130588843
6175 1130589426 1130589426
7020 1130534480 1130589978
15 1130591767 1130591767
4 1130591767 1130591767
9 1130592349 1130592349
10 1130592349 1130592892
13 1130592892 1130593445
20 1130592892 1130593445
19 1130591767 1130594006
5 1130591767 1130594006
6189 1130592349 1130594006
9 1130594006 1130594006
6 1130591767 1130594559
4 1130594559 1130594559
2 1130591767 1130594565
33 1130591767 1130594565
30 1130591767 1130594565
15 1130594006 1130594565
3010 1130594565 1130594565
9367 1130594565 1130594565
14 1130594006 1130596254
28 1130596812 1130596819
7 1130594559 1130596826
5878 1130596812 1130596826
22 1130596812 1130596826
14 1130596826 1130596826
32 1130598540 1130598540
5 1130598540 1130598540
15 1130598540 1130598540
33 1130598540 1130598540
6 1130598545 1130598545
3 1130598545 1130598545
4 1130598540 1130598552
3010 1130598540 1130598552
7 1130598540 1130598559
21 1130598552 1130598566
15 1130598559 1130598566
33 1130598559 1130598566
6 1130598566 1130598566
9794 1130599152 1130599152
4 1130599152 1130599159
21 1130599740 1130599740
25 1130599740 1130599740
7 1130599740 1130600316
3010 1130599740 1130600322
2 1130597397 1130600326
32 1130600326 1130600326
25 1130600326 1130600326
9794 1130600316 1130600329
15 1130600329 1130600329
3 1130600316 1130600335
7 1130600885 1130600885
19 1130598540 1130601480
10 1130598545 1130601480
36 1130601480 1130601480
3010 1130601480 1130601480
5 1130602036 1130602036
7 1130602579 1130602579
14 1130599159 1130603178
6 1130602036 1130603178
33 1130599740 1130603744
4 1130600329 1130603744
29 1130602579 1130603744
21 1130600885 1130604335
9794 1130603744 1130604335
7587 1130604335 1130604335
25 1130603178 1130604944
33 1130604944 1130604944
3 1130604944 1130604944
15 1130601480 1130604949
34 1130604949 1130604949
2 1130600885 1130604953
10888 1130602036 1130604953
10 1130603178 1130604953
20 1130604335 1130604953
6 1130604940 1130604953
14 1130604940 1130604953
5 1130604953 1130604953
4 1130604953 1130604953
4814 1130607295 1130607295
38 1130607295 1130607302
6931 1130610801 1130610808
8522 1130625333 1130625927
7020 1130607855 1130631133
9071 1130631710 1130631710
6319 1130631717 1130631717
2887 1130632292 1130632292
394 1130632299 1130632299
4784 1130632306 1130632306
11015 1130632292 1130632313
7943 1130632306 1130632313
925 1130632313 1130632313
30 1130632896 1130634047
7020 1130635184 1130678015
9865 1130699387 1130699387
6676 1130699387 1130699387
1210 1130699387 1130699387
7218 1130699387 1130699387
7478 1130699387 1130699387
8350 1130699387 1130699387
9333 1130699387 1130699387
6640 1130701789 1130701796
8522 1130710567 1130710574
2335 1130710567 1130711708
7818 1130709999 1130711715
8148 1130717121 1130718334
9257 1130720050 1130720050
8600 1130722352 1130723483
2283 1130722352 1130723490
3888 1130717121 1130724656
8600 1130724635 1130724656
3888 1130725272 1130727021
8600 1130726422 1130727021
7020 1130690050 1130759529
2 1130761831 1130761831
1 1130761831 1130761831
4 1130762383 1130762383
30 1130761831 1130762980
14 1130762383 1130762985
4087 1130762991 1130762991
9 1130761831 1130763583
5 1130762383 1130763583
2 1130762985 1130763583
19 1130761831 1130764158
20 1130761831 1130764158
6 1130761831 1130764158
15 1130761831 1130764158
33 1130762980 1130764158
4 1130763583 1130764158
30 1130764158 1130764158
14 1130764158 1130764158
27 1130764704 1130764704
22 1130764704 1130765312
6189 1130765312 1130765312
13 1130765312 1130765312
7 1130766451 1130766451
34 1130767007 1130767007
5878 1130767007 1130767007
22 1130767007 1130767007
6189 1130767574 1130767581
3010 1130767588 1130767588
32 1130767581 1130768151
34 1130768151 1130768151
14 1130768151 1130768713
4 1130768713 1130768713
7 1130768151 1130769292
25 1130768713 1130769292
1 1130769292 1130769292
11342 1130769292 1130769292
5 1130768713 1130769850
11277 1130769850 1130769850
17 1130769850 1130769850
11280 1130769850 1130769850
33 1130768713 1130769853
6189 1130769853 1130769853
25 1130770397 1130770397
15 1130769853 1130770402
21 1130769850 1130770406
14 1130769853 1130770406
6189 1130770406 1130770406
25 1130771011 1130771011
33 1130771011 1130771014
23 1130769292 1130771020
5 1130770402 1130771020
19 1130771020 1130771020
17 1130770406 1130771611
15 1130771014 1130771611
21 1130771611 1130771611
11310 1130771611 1130771611
11347 1130772180 1130772180
14 1130772180 1130772180
11334 1130772180 1130772180
6 1130769292 1130772184
7 1130772184 1130772184
2 1130768151 1130772189
1 1130770397 1130772189
5 1130772184 1130772189
33 1130772189 1130772189
4 1130769853 1130772791
20 1130772180 1130772791
21 1130772791 1130772791
34 1130772180 1130773391
15 1130772189 1130773391
6189 1130773391 1130773391
25 1130773391 1130773396
33 1130773396 1130773396
7 1130773391 1130773951
6 1130773391 1130773951
9255 1130773951 1130773951
11 1130773951 1130773951
23 1130772791 1130773955
2 1130773955 1130773955
21 1130773955 1130773955
14 1130772791 1130774502
17 1130772791 1130774502
20 1130773951 1130774502
4 1130773951 1130774502
25 1130774502 1130774502
34 1130774502 1130774502
4087 1130768713 1130775096
1 1130773396 1130775096
5 1130773396 1130775096
15 1130773955 1130775096
33 1130775096 1130775096
11 1130775096 1130775096
7 1130775096 1130775096
5878 1130775096 1130775096
23 1130775674 1130775674
9794 1130776241 1130776241
14 1130776241 1130776241
25 1130776241 1130776241
1495 1130776241 1130776841
54 1130776834 1130777447
9794 1130777447 1130777447
21 1130777447 1130777454
7020 1130779783 1130786115
9202 1130797292 1130797292
11229 1130797904 1130797904
416 1130797904 1130797904
392 1130797292 1130797909
9202 1130797916 1130797930
1710 1130797897 1130798531
392 1130797930 1130799131
6364 1130797292 1130799692
6364 1130801432 1130801432
1021 1130801432 1130801432
1710 1130799678 1130801991
7020 1130787227 1130801998
3888 1130790214 1130801998
393 1130797292 1130801998
392 1130800296 1130801998
11019 1130800874 1130801998
2413 1130801991 1130801998
2160 1130802594 1130803180
1079 1130803764 1130803764
5536 1130803764 1130803764
9510 1130810688 1130810688
7020 1130803764 1130810702
30 1130811264 1130811264
11414 1130811264 1130811264
19 1130811264 1130811271
20 1130811271 1130811271
1131 1130811264 1130811824
11 1130811824 1130811824
21 1130811824 1130811824
1 1130811264 1130812389
3010 1130811824 1130812389
33 1130812389 1130812389
2 1130812389 1130812389
10 1130812942 1130812942
34 1130812942 1130812942
19 1130812942 1130812942
15 1130811264 1130813516
5 1130811824 1130813516
14 1130811271 1130813520
29 1130812942 1130813520
20 1130812942 1130813526
21 1130813516 1130813526
23 1130812389 1130813531
1 1130813531 1130813531
5 1130813531 1130813531
19 1130813531 1130813531
4 1130811264 1130814125
4087 1130813516 1130814125
2 1130813526 1130814125
34 1130814125 1130814125
3010 1130814125 1130814125
10 1130814125 1130814125
11 1130814125 1130814125
1131 1130813516 1130814128
9 1130813526 1130814128
17 1130813531 1130814128
29 1130814128 1130814128
14 1130814128 1130814128
15 1130814128 1130814128
20 1130814128 1130814128
30 1130812389 1130815813
11131 1130816969 1130816969
2335 1130817546 1130817546
4535 1130831324 1130831331
54 1130832446 1130832446
3809 1130832453 1130832453
3 1130832453 1130832460
2093 1130832453 1130832460
824 1130832460 1130832460
8412 1130838181 1130838795
6454 1130838781 1130838795
7818 1130838781 1130838795
297 1130850504 1130850504
7020 1130816377 1130887869
3214 1130888472 1130888472
8977 1130888472 1130888479
3204 1130888479 1130888479
3203 1130888479 1130888479
3206 1130888479 1130888479
3205 1130888479 1130888479
23 1130889687 1130890270
30 1130889687 1130890270
1 1130889687 1130890846
10 1130890846 1130890846
4 1130890846 1130890850
6 1130890846 1130890850
2 1130890850 1130891446
23 1130891446 1130891446
4087 1130889687 1130891994
19 1130889687 1130891994
20 1130890270 1130891994
30 1130891446 1130891994
1204 1130889687 1130892566
4 1130892566 1130892566
15 1130889687 1130892573
1 1130891994 1130892573
3010 1130892566 1130892580
19 1130892580 1130892580
34 1130892566 1130892587
36 1130892573 1130892587
4 1130892587 1130892587
14 1130890846 1130893141
11368 1130893141 1130893141
21 1130893147 1130893147
23 1130893153 1130893153
19 1130893153 1130893153
3010 1130893153 1130893153
2 1130893141 1130893730
6 1130893141 1130893730
33 1130893147 1130893730
20 1130893141 1130893735
14 1130893735 1130893735
1204 1130892587 1130894319
25 1130893735 1130894319
10 1130894319 1130894319
33 1130894923 1130894923
30 1130893141 1130894930
4 1130893730 1130894930
3010 1130894923 1130894930
1 1130893141 1130895527
19 1130894319 1130895527
23 1130894923 1130895527
2 1130894923 1130895527
20 1130894927 1130895527
15 1130894927 1130895527
4087 1130893147 1130896622
10 1130896079 1130896622
5 1130896622 1130896622
3010 1130896622 1130897221
27 1130897221 1130897221
14 1130894930 1130897225
1204 1130896622 1130897225
5 1130897780 1130897780
21 1130897780 1130897780
3010 1130898385 1130898385
23 1130897221 1130898389
4087 1130898385 1130898389
10 1130898389 1130898389
4 1130896622 1130898946
25 1130897780 1130898946
6 1130898394 1130898946
15 1130897225 1130898951
4087 1130898955 1130898955
33 1130896622 1130899551
4 1130899551 1130899551
15 1130899557 1130899557
1 1130897221 1130899562
19 1130897225 1130899562
23 1130898951 1130899562
3010 1130898955 1130899562
1204 1130898394 1130900132
6 1130899551 1130901294
20 1130900132 1130901294
14 1130898394 1130901854
21 1130901854 1130901854
3 1130901854 1130901854
2 1130897221 1130902453
33 1130900132 1130902453
23 1130901294 1130902457
1767 1130902453 1130902457
15 1130902457 1130902457
20 1130902457 1130902457
5 1130898394 1130903030
4087 1130899562 1130903030
4 1130900703 1130903030
17 1130900703 1130903030
1 1130901854 1130903030
19 1130902453 1130903030
6 1130903030 1130903030
14 1130903030 1130903030
7020 1130905962 1130910552
572 1130922905 1130922905
2335 1130924036 1130924043
485 1130924043 1130924043
7020 1130911714 1130925783
9012 1130933203 1130933203
7020 1130926391 1130976268
572 1130933772 1130984961
7020 1130979763 1130991976
572 1130986714 1130991976
7020 1130993691 1130997141
572 1130993691 1130997141
572 1130998312 1130998312
1877 1130998883 1130998883
2189 1130998890 1130998890
9379 1130999450 1130999450
9408 1130999450 1130999450
9790 1130999450 1130999450
11108 1130999450 1130999450
1251 1130999450 1130999450
2816 1130999450 1130999450
4297 1130999450 1130999450
1068 1131000023 1131000023
7366 1131000023 1131000037
1240 1131000037 1131000037
9790 1131000037 1131000037
3907 1131001161 1131001161
4356 1131001161 1131001161
4417 1131001161 1131001161
1489 1131001161 1131001161
8270 1131001161 1131001161
8701 1131000023 1131001744
10849 1131000613 1131001744
9634 1131001161 1131001744
5567 1131001161 1131001744
7366 1131001744 1131001744
10878 1131001744 1131001744
4134 1131002342 1131002342
5931 1131002342 1131002342
8494 1131002342 1131002342
10047 1131002342 1131002342
2119 1131002342 1131002342
8136 1131002342 1131002342
3888 1131000023 1131005239
552 1131008698 1131010961
10089 1131010954 1131010961
10085 1131015621 1131015621
551 1131016214 1131016214
552 1131015019 1131023054
3888 1131007559 1131025909
10089 1131015607 1131025909
552 1131024165 1131025909
403 1131026497 1131026497
7957 1131026490 1131026504
7763 1131026504 1131026504
10097 1131026504 1131026504
7020 1130998312 1131033522
7020 1131034674 1131037599
7020 1131038215 1131041722
7020 1131042878 1131048713
10936 1131049902 1131049902
7008 1131049902 1131049902
7020 1131049902 1131049916
7020 1131049944 1131051157
2038 1131059367 1131059367
6330 1131059367 1131059367
572 1131028265 1131066293
3888 1131068091 1131080883
10089 1131080883 1131080883
6077 1131082611 1131083199
1929 1131082047 1131083206
7020 1131051749 1131089575
572 1131087272 1131089575
1308 1131091329 1131091329
4038 1131091329 1131091336
8522 1131091329 1131091893
7818 1131091329 1131093038
1308 1131091900 1131093038
4038 1131093038 1131093038
28 1131093615 1131093629
572 1131094216 1131094223
7020 1131094216 1131094810
572 1131095383 1131095383
7020 1131094831 1131108623
8452 1131109229 1131109229
4087 1131111000 1131111000
33 1131111000 1131111007
19 1131111000 1131111007
10091 1131111554 1131111554
11 1131111554 1131111554
13 1131111554 1131112148
4087 1131112148 1131112148
9794 1131112148 1131112148
23 1131111000 1131112726
12 1131111007 1131113293
15 1131111007 1131113886
6189 1131111554 1131113886
19 1131113293 1131113886
30 1131111000 1131113891
14 1131111007 1131113891
17 1131112148 1131113891
33 1131113293 1131113891
21 1131113886 1131113891
23 1131113891 1131113891
1767 1131112726 1131114525
6189 1131115089 1131115089
29 1131114497 1131115103
11 1131114511 1131115103
31 1131115089 1131115103
2093 1131115704 1131115711
14 1131115704 1131115718
20 1131115718 1131115718
7 1131116326 1131116326
4087 1131116326 1131116326
15 1131116326 1131116326
19 1131116918 1131117507
5 1131116918 1131118089
3 1131118089 1131118089
7 1131118089 1131118089
6 1131118089 1131118089
33 1131116319 1131118632
15 1131117507 1131118632
21 1131117507 1131118632
23 1131116319 1131119746
19 1131119746 1131119746
1767 1131119746 1131120299
6 1131120299 1131120299
9794 1131120299 1131120305
13 1131120299 1131120856
4087 1131120305 1131120856
19 1131120856 1131120856
21 1131121413 1131121413
14 1131120305 1131121417
17 1131116326 1131121991
12 1131116333 1131121991
5 1131119746 1131121991
20 1131119746 1131121991
10091 1131119746 1131121991
23 1131120856 1131121991
33 1131121991 1131121991
4087 1131121991 1131121991
33 1131122563 1131122563
6865 1131123703 1131123703
9519 1131123703 1131123703
9204 1131123703 1131123703
11062 1131123703 1131123703
7020 1131124277 1131124305
572 1131124277 1131124305
10960 1131124891 1131124898
5287 1131124891 1131124898
1241 1131124898 1131124898
8350 1131124891 1131125479
7478 1131124891 1131125479
4222 1131124891 1131125479
7528 1131124891 1131125479
9865 1131124891 1131125479
498 1131125479 1131125479
10998 1131125479 1131125479
332 1131125479 1131125479
572 1131126055 1131131310
824 1131133652 1131133652
2093 1131133652 1131133659
23 1131133652 1131134212
33 1131133659 1131135981
9050 1131141837 1131142413
572 1131143005 1131146520
9588 1131148838 1131149411
1686 1131149404 1131151111
3888 1131149979 1131151111
10523 1131152836 1131152836
7041 1131153408 1131153408
572 1131153966 1131153966
8291 1131154535 1131154542
7020 1131126055 1131154549
6319 1131154521 1131154549
5248 1131155149 1131155149
3625 1131155149 1131155149
11001 1131155149 1131155149
10028 1131155149 1131155704
7754 1131155704 1131155704
6623 1131155149 1131155707
9348 1131155704 1131155707
5207 1131155707 1131155707
5404 1131155707 1131155707
1381 1131155704 1131155709
9106 1131155707 1131156281
11001 1131155709 1131156281
6623 1131156284 1131156284
7161 1131155149 1131156288
1419 1131155149 1131156288
1348 1131156284 1131156288
7281 1131156884 1131156884
5391 1131156884 1131156884
7754 1131156884 1131156884
263 1131156884 1131156884
10973 1131155149 1131156887
3625 1131155709 1131156887
7347 1131156884 1131156887
10028 1131156887 1131156887
11001 1131156887 1131156887
7161 1131157470 1131157470
5404 1131156284 1131158047
9106 1131156887 1131158054
263 1131158054 1131158054
2846 1131157470 1131158643
7754 1131158047 1131158650
10028 1131158629 1131158650
7347 1131158629 1131158650
3888 1131155707 1131159233
7020 1131155707 1131195739
572 1131160370 1131195739
6462 1131196303 1131196310
1769 1131196310 1131196310
2069 1131196310 1131196310
19 1131198059 1131198609
32 1131198609 1131198609
36 1131198609 1131198609
21 1131198059 1131198616
11161 1131199169 1131199169
6189 1131198059 1131199730
20 1131198059 1131199730
19 1131199730 1131199730
13 1131198059 1131200311
30 1131198059 1131200311
14 1131198059 1131200311
23 1131198616 1131200311
3010 1131200311 1131200311
21 1131200311 1131200311
17 1131200311 1131200311
6189 1131201432 1131201432
21 1131201975 1131201975
33 1131202576 1131203160
19 1131203160 1131203160
4087 1131201432 1131203755
3010 1131201432 1131203755
20 1131201432 1131203755
30 1131201432 1131203755
23 1131203755 1131203755
383 1131204345 1131204345
33 1131204930 1131205518
19 1131205518 1131205518
17 1131201432 1131205532
3010 1131204930 1131205532
34 1131205532 1131205532
21 1131205532 1131206125
33 1131206118 1131206702
3010 1131206702 1131206702
1767 1131201975 1131207283
10091 1131204930 1131207283
4087 1131204930 1131207283
19 1131206125 1131207283
17 1131206702 1131207283
10942 1131207283 1131207283
14 1131201432 1131207852
32 1131207852 1131207852
10732 1131212965 1131212965
4570 1131212965 1131212965
2179 1131212965 1131212965
11017 1131212965 1131212965
10983 1131212965 1131212965
10004 1131212965 1131212965
7387 1131212965 1131212965
572 1131213521 1131215232
572 1131218176 1131219331
572 1131221681 1131245264
1767 1131280073 1131280073
1767 1131281790 1131282362
5878 1131282362 1131282362
34 1131282362 1131282362
8187 1131282362 1131282362
7587 1131284721 1131284742
952 1131285866 1131285866
5878 1131286418 1131286418
5878 1131287578 1131288168
3010 1131286418 1131288720
10407 1131289324 1131289324
2252 1131289317 1131289331
7587 1131289923 1131292209
10091 1131289923 1131292209
1767 1131290498 1131292209
500 1131292791 1131292791
2252 1131293914 1131293928
3010 1131296741 1131296748
54 1131296748 1131296755
7020 1131213521 1131310164
11131 1131313641 1131313641
7020 1131314803 1131317184
11131 1131318964 1131318964
