13 1130494009 1130494009
15 1130494009 1130494014
6 1130494009 1130494014
17 1130494014 1130494020
20 1130494014 1130494020
30 1130494020 1130494020
5 1130494009 1130494605
23 1130494009 1130494605
3 1130495194 1130495194
10 1130494009 1130496319
26 1130494014 1130496319
23 1130496319 1130496319
9 1130494009 1130496872
13 1130494605 1130496872
4 1130495194 1130496872
17 1130495776 1130496872
30 1130495776 1130496872
35 1130496319 1130496872
809 1130497433 1130497433
20 1130497433 1130497433
18 1130497433 1130497433
6 1130495194 1130497986
5 1130496319 1130497986
2 1130497433 1130497990
7020 1130497433 1130497990
26 1130497986 1130498541
18 1130498541 1130498541
24 1130498541 1130498541
34 1130498541 1130498541
33 1130494009 1130499098
27 1130499098 1130499098
3010 1130494605 1130499102
14 1130497990 1130499102
1131 1130498541 1130499676
4 1130499098 1130499676
15 1130497433 1130500234
10 1130497986 1130500237
20 1130499102 1130500237
2 1130499676 1130500237
3010 1130500237 1130500237
33 1130500237 1130500237
35 1130497990 1130500240
23 1130499098 1130500240
7020 1130499102 1130500240
5 1130499102 1130500240
18 1130499676 1130500240
24 1130500234 1130500240
1131 1130500240 1130500240
26 1130500240 1130500811
10888 1130500811 1130500811
9794 1130500811 1130500811
1 1130500811 1130500811
21 1130500811 1130500811
3748 1130517752 1130517752
5261 1130528232 1130528232
25 1130529961 1130529961
25 1130531629 1130532198
5261 1130531629 1130532219
3767 1130527081 1130532226
25 1130532226 1130532226
3748 1130533388 1130533395
3748 1130533981 1130533981
3748 1130535167 1130535167
3748 1130536333 1130536340
3748 1130547385 1130547385
3748 1130576313 1130576313
10340 1130586123 1130586123
3748 1130591218 1130603421
3748 1130609330 1130611663
3748 1130614033 1130616321
3748 1130617524 1130617545
3748 1130618765 1130621155
7524 1130634507 1130635699
3748 1130650807 1130650807
11099 1130669349 1130669356
8876 1130671044 1130671044
1752 1130672750 1130672750
6961 1130674438 1130674438
8304 1130674438 1130674452
8876 1130676837 1130678608
3545 1130680901 1130680901
6454 1130680334 1130681501
6455 1130682128 1130682128
6454 1130682121 1130682713
847 1130683881 1130683888
9634 1130683874 1130684443
7212 1130685025 1130685039
6468 1130685025 1130685039
369 1130685623 1130685623
1444 1130685623 1130685623
5112 1130687861 1130687861
3541 1130688995 1130688995
8876 1130699577 1130699591
3748 1130705536 1130705536
3748 1130725619 1130725619
3748 1130739939 1130739939
3748 1130744639 1130744639
3748 1130746387 1130746387
33 1130749246 1130749246
6 1130749253 1130749253
2 1130749253 1130750404
6189 1130750404 1130750404
5 1130749246 1130751002
13 1130749805 1130751002
30 1130749246 1130751584
18 1130749246 1130751584
14 1130749246 1130751584
20 1130749805 1130751584
9 1130749805 1130751584
10 1130749805 1130751584
4 1130751584 1130751584
2 1130752174 1130752174
54 1130752174 1130752174
9367 1130752167 1130752181
18 1130752181 1130752181
6 1130752181 1130752181
4 1130752783 1130752783
33 1130752174 1130752788
5 1130752783 1130752788
30 1130752788 1130752788
10 1130752783 1130752795
6 1130752795 1130752795
13 1130752783 1130752802
9 1130752802 1130752802
6189 1130752174 1130753346
20 1130752783 1130753346
7587 1130753346 1130753346
10 1130753353 1130753353
30 1130753353 1130753353
4 1130753346 1130754573
13 1130753367 1130754573
33 1130753360 1130754580
9 1130754573 1130754580
20 1130753367 1130755180
6189 1130753367 1130755763
30 1130753969 1130755763
13 1130755174 1130755763
6 1130753353 1130756317
10 1130754587 1130757525
2 1130756921 1130758075
15 1130749246 1130758668
3010 1130752788 1130758668
5 1130753346 1130758668
33 1130756317 1130758668
14 1130756921 1130758668
4 1130755763 1130759233
6 1130758075 1130759233
20 1130759233 1130759233
10 1130759233 1130759233
34 1130759233 1130759237
5878 1130759233 1130759237
9794 1130759233 1130759237
3 1130759237 1130759237
18 1130756317 1130759781
33 1130759781 1130759781
9049 1130763241 1130763813
8472 1130763806 1130763834
9049 1130763834 1130764976
4888 1130764976 1130764976
7234 1130765543 1130766743
8472 1130766743 1130770150
3748 1130774685 1130774685
3748 1130779303 1130779303
3748 1130781668 1130781668
21 1130782867 1130782867
7825 1130782267 1130783981
3748 1130787938 1130787938
3748 1130793746 1130793753
3748 1130797810 1130797824
3748 1130814671 1130814671
3748 1130816413 1130816413
3748 1130832811 1130832811
3748 1130832839 1130832839
7020 1130837447 1130837447
6 1130838038 1130838038
1767 1130838038 1130838052
3010 1130838038 1130838052
6189 1130838601 1130838601
10 1130838038 1130838607
4 1130838052 1130838607
15 1130838607 1130838614
6 1130838601 1130838621
20 1130838038 1130839208
3010 1130839208 1130839208
10 1130839208 1130839221
15 1130839214 1130839221
6 1130839221 1130839221
2 1130838045 1130839779
1767 1130839779 1130839779
13 1130839779 1130839779
4 1130839208 1130840382
1 1130839208 1130840382
6189 1130839214 1130840382
14 1130838038 1130840927
15 1130840941 1130840941
9 1130840941 1130840941
6189 1130841512 1130841512
26 1130841512 1130841512
13 1130841512 1130842099
6 1130842099 1130842099
26 1130842655 1130842655
14 1130841512 1130843227
1 1130841515 1130843227
10091 1130841512 1130843231
7020 1130838038 1130843831
3010 1130840382 1130843831
20 1130840382 1130843831
1767 1130840941 1130843831
4 1130841512 1130843831
2 1130842099 1130843831
6189 1130843227 1130843831
15 1130843231 1130843831
6189 1130847940 1130847940
27 1130847940 1130847940
3462 1130858922 1130858922
8104 1130859473 1130859494
10296 1130859501 1130859501
3462 1130859501 1130859501
7658 1130859501 1130859501
3748 1130863546 1130863546
3748 1130867020 1130867020
10888 1130872887 1130872887
13 1130872887 1130872887
13 1130874691 1130874691
6189 1130874691 1130874691
10888 1130875788 1130875788
3724 1130874684 1130878694
3724 1130879249 1130879249
33 1130872887 1130879859
5827 1130879859 1130879859
5153 1130881586 1130881586
623 1130882159 1130882159
5153 1130882726 1130882726
3748 1130906959 1130906966
3748 1130909328 1130909328
3748 1130911662 1130911662
3748 1130916280 1130916287
9 1130919184 1130919184
15 1130919788 1130919788
4 1130919184 1130920364
1 1130919788 1130920364
14 1130919788 1130920364
4087 1130919184 1130921496
33 1130919184 1130921496
20 1130920360 1130921496
6 1130920364 1130921496
18 1130919184 1130921501
30 1130919184 1130921501
2 1130919184 1130921501
5 1130919184 1130921501
9 1130920935 1130921501
15 1130920935 1130921501
1 1130921501 1130921501
17 1130921501 1130921501
14 1130922050 1130922050
7 1130922050 1130922050
4 1130922050 1130922057
4087 1130922628 1130922628
6 1130922628 1130922628
9 1130922628 1130922628
5 1130922628 1130922628
33 1130922628 1130922628
20 1130922628 1130923181
13 1130923181 1130923181
33 1130923195 1130923195
9 1130923767 1130923767
30 1130923767 1130923767
3010 1130923195 1130924311
20 1130924898 1130924898
13 1130924898 1130924898
4 1130924898 1130924904
11318 1130924904 1130924904
33 1130924898 1130925486
9 1130924904 1130925486
30 1130925492 1130925492
13 1130925492 1130925492
6189 1130922628 1130925497
5 1130923767 1130925497
3010 1130925492 1130925497
20 1130925497 1130925497
2 1130926697 1130926697
18 1130926099 1130926704
17 1130923767 1130927282
6 1130924311 1130927282
4 1130927282 1130927282
3010 1130927278 1130927854
13 1130927282 1130927854
4087 1130923767 1130927859
33 1130926099 1130927859
9 1130926704 1130927859
2 1130927854 1130927863
6189 1130927859 1130927863
23 1130927863 1130927863
3955 1130927863 1130927863
14 1130927278 1130929043
5 1130927278 1130929043
17 1130927863 1130929043
6 1130927863 1130929043
15 1130923181 1130929050
3010 1130928440 1130929050
33 1130929043 1130929050
4087 1130929043 1130929050
18 1130929050 1130929050
3748 1130943534 1130944670
3748 1130950395 1130950416
3748 1130975816 1130975816
3748 1130983359 1130986884
3748 1130989774 1130989774
7524 1130989774 1130989774
7524 1130992109 1130992109
7524 1130995068 1130995068
3748 1130997969 1130997969
3748 1130998548 1130998548
18 1131007821 1131007828
2 1131007828 1131007828
1 1131008401 1131008401
30 1131007821 1131009008
1131 1131007821 1131009008
4 1131008401 1131009015
15 1131007821 1131009022
20 1131007821 1131009022
10 1131008401 1131009022
14 1131007828 1131010159
3010 1131009578 1131010159
1131 1131010159 1131010159
10888 1131010751 1131010751
1 1131010159 1131010758
25 1131010751 1131010758
18 1131010751 1131010758
5878 1131010751 1131010758
4087 1131011313 1131011313
5 1131011908 1131011908
4 1131010159 1131012456
20 1131011313 1131012456
33 1131011908 1131012456
30 1131011313 1131012462
18 1131012456 1131012462
29 1131011313 1131012467
14 1131012462 1131012467
5 1131012467 1131012467
11 1131011908 1131013010
10 1131011908 1131013010
9 1131010751 1131013015
23 1131011313 1131013576
4087 1131013010 1131013576
17 1131013015 1131013576
2 1131012467 1131014153
30 1131013576 1131014153
4 1131014153 1131014153
3010 1131014153 1131014157
36 1131014157 1131014157
15 1131010751 1131014162
1131 1131011908 1131014162
34 1131014157 1131014162
17 1131014162 1131014162
18 1131014162 1131014162
29 1131014162 1131014162
20 1131013010 1131014165
10 1131014153 1131014165
14 1131014153 1131014165
11 1131014165 1131014165
4 1131014165 1131014165
21 1131014165 1131014165
23 1131014724 1131015299
2 1131014724 1131015299
7587 1131014724 1131015905
21 1131015905 1131015905
14 1131015905 1131016448
5 1131013576 1131017037
23 1131017037 1131017037
33 1131014165 1131017623
3010 1131014724 1131017623
1131 1131014728 1131017623
1767 1131015299 1131017623
2 1131016448 1131017623
9 1131014162 1131017630
4087 1131014165 1131017630
10 1131015898 1131017630
7587 1131017623 1131017630
17 1131017623 1131017630
7 1131018833 1131018833
3748 1131021765 1131021765
3748 1131027609 1131027609
3748 1131045617 1131045631
3748 1131047984 1131047984
3748 1131050284 1131050284
3748 1131050863 1131050863
7524 1131055452 1131055452
3748 1131055445 1131056058
3748 1131058953 1131058953
3748 1131060693 1131060693
3748 1131062377 1131062926
3748 1131065258 1131067593
3748 1131069346 1131075608
3748 1131076757 1131078463
3748 1131080160 1131084720
3748 1131085295 1131085295
3748 1131087000 1131087000
23 1131089330 1131089330
30 1131089330 1131089344
2 1131089344 1131089344
6 1131089933 1131089933
18 1131089330 1131089940
10 1131089940 1131089940
23 1131089933 1131090547
4 1131090547 1131090547
14 1131089330 1131090552
1204 1131089933 1131090552
20 1131089940 1131090552
11273 1131090552 1131090552
11385 1131091102 1131091102
11308 1131091102 1131091102
11289 1131091102 1131091102
15 1131089337 1131091106
30 1131091102 1131091106
1 1131089330 1131091667
6 1131091106 1131091674
4087 1131089330 1131091681
2 1131090547 1131091681
23 1131091106 1131091681
10 1131091674 1131091681
30 1131091681 1131091681
11178 1131092241 1131092241
11294 1131092241 1131092241
6 1131092246 1131092246
14 1131091667 1131092253
21 1131092253 1131092253
34 1131092253 1131092253
1 1131092241 1131092819
33 1131092246 1131092819
30 1131092819 1131092819
18 1131091102 1131093411
3010 1131092241 1131093415
23 1131092819 1131093415
11254 1131093415 1131093415
15 1131093415 1131093415
6 1131093411 1131094001
2 1131093415 1131094001
10 1131094001 1131094001
33 1131094001 1131094569
30 1131094569 1131095117
3010 1131095117 1131095117
20 1131092819 1131095121
4087 1131092819 1131095121
18 1131094569 1131095121
23 1131095117 1131095121
6 1131095121 1131095121
2 1131095121 1131095121
1 1131094569 1131095730
3010 1131096325 1131096325
1204 1131091667 1131096884
5 1131096325 1131096888
1 1131096888 1131096891
4 1131091106 1131098006
2 1131098006 1131098006
18 1131096888 1131098584
33 1131096325 1131098589
10 1131098006 1131098589
3010 1131098584 1131098589
4 1131099156 1131099156
2 1131099156 1131099162
1204 1131097437 1131099758
10 1131099758 1131099758
18 1131099162 1131099762
15 1131095730 1131100317
1767 1131100317 1131100317
1 1131098584 1131100862
20 1131099762 1131100866
6 1131100866 1131100871
1767 1131100871 1131100871
14 1131096884 1131101472
1 1131101472 1131101472
4 1131100317 1131101479
17 1131100862 1131101479
10 1131101486 1131101486
23 1131096884 1131102063
18 1131100866 1131102063
15 1131101479 1131102063
1 1131102063 1131102063
4087 1131096325 1131102620
5 1131098584 1131102620
33 1131099758 1131102620
2 1131101486 1131102620
1767 1131102620 1131102620
14 1131102620 1131102620
4 1131102620 1131102620
20 1131102620 1131102620
7974 1131104325 1131104325
2314 1131104912 1131104912
3748 1131113723 1131115433
7524 1131115440 1131115440
3748 1131115994 1131115994
7524 1131119359 1131119359
3748 1131122851 1131122851
7923 1131123447 1131124007
102 1131125165 1131125165
7923 1131125165 1131125165
2103 1131125757 1131125757
2424 1131126899 1131132756
2103 1131131619 1131132756
2103 1131134466 1131135667
2424 1131134466 1131135667
2424 1131137418 1131137425
3748 1131172257 1131172818
3748 1131174551 1131181036
3748 1131191521 1131192691
3748 1131193826 1131193826
3748 1131195563 1131195563
397 1131206616 1131206616
9627 1131206623 1131206623
995 1131206616 1131206630
3747 1131207780 1131207780
3748 1131208385 1131208385
6317 1131208993 1131210183
9781 1131210183 1131210183
8951 1131210183 1131210183
9019 1131210183 1131210770
3748 1131222343 1131222371
3748 1131227558 1131227558
3748 1131231689 1131231689
3748 1131233994 1131233994
3748 1131235207 1131235207
3748 1131235832 1131235832
3748 1131237595 1131237595
3748 1131239935 1131239935
3748 1131241683 1131241697
3748 1131242865 1131242865
3748 1131245270 1131245270
3748 1131249827 1131250402
3748 1131253327 1131253327
3748 1131255097 1131255097
7524 1131263271 1131263271
7524 1131264997 1131264997
3748 1131264997 1131265011
7152 1131269731 1131269745
1647 1131269745 1131269745
2421 1131270338 1131270338
6291 1131270338 1131270338
4435 1131271472 1131271472
3748 1131281159 1131281159
3748 1131285751 1131285751
3055 1131290270 1131290270
7524 1131292601 1131292601
9001 1131293699 1131293713
9009 1131294287 1131294315
3055 1131295447 1131295447
3748 1131296654 1131297259
3748 1131300695 1131300695
3748 1131309214 1131309214
7524 1131320940 1131320940
7524 1131325579 1131325593
7524 1131327952 1131327952
7524 1131332015 1131332015
7524 1131334847 1131334847
7524 1131337142 1131337142
3748 1131341824 1131341824
23 1131344698 1131344705
15 1131344698 1131345290
18 1131344705 1131345297
1767 1131345290 1131345297
6 1131344698 1131345861
17 1131345861 1131346421
20 1131346421 1131346421
33 1131344698 1131346428
13 1131345290 1131346428
6 1131346435 1131346435
23 1131347031 1131347031
15 1131346421 1131347038
14 1131344705 1131347045
6189 1131345290 1131347045
33 1131347031 1131347045
18 1131347045 1131347045
30 1131347641 1131347641
20 1131347024 1131348236
33 1131348236 1131349380
11305 1131349380 1131349380
6189 1131349380 1131349380
18 1131349380 1131349380
17 1131347024 1131349970
6 1131347038 1131349970
5 1131347641 1131349970
23 1131348807 1131349970
13 1131349970 1131349970
11268 1131349970 1131349970
14 1131348236 1131351121
6189 1131351121 1131351121
34 1131351121 1131351128
3 1131351128 1131351128
17 1131351712 1131351712
23 1131352827 1131353388
6189 1131353388 1131353388
4087 1131353388 1131353388
15 1131348229 1131353993
33 1131351121 1131353993
17 1131353993 1131353993
5 1131353993 1131353993
6 1131351712 1131354000
33 1131355134 1131355134
1767 1131355134 1131355141
6 1131355141 1131355141
4087 1131355134 1131355148
13 1131355148 1131355148
18 1131354590 1131355750
14 1131355141 1131355750
17 1131355134 1131355757
5 1131355141 1131355757
6189 1131355757 1131355757
23 1131355141 1131355771
1767 1131355764 1131355778
6189 1131355778 1131355778
5 1131356333 1131356333
6 1131356333 1131356333
20 1131356340 1131356340
13 1131356340 1131356340
18 1131355778 1131356354
17 1131355778 1131356354
1767 1131356354 1131356354
10091 1131355134 1131356895
33 1131355757 1131356895
23 1131356895 1131356895
412 1131358068 1131358068
32 1131358068 1131358068
12 1131358068 1131358660
29 1131358068 1131358667
4087 1131358068 1131358667
9049 1131359274 1131361586
8472 1131361013 1131361586
7234 1131359274 1131362187
1927 1131362187 1131362187
383 1131362187 1131362187
9622 1131362187 1131362194
10843 1131362187 1131362194
3748 1131369121 1131369121
3748 1131370313 1131370320
21 1131377291 1131377291
7825 1131378999 1131378999
9001 1131378999 1131380127
3748 1131382478 1131382478
3748 1131389429 1131389429
3748 1131394014 1131394014
3748 1131410955 1131410955
3748 1131412137 1131412137
3748 1131413257 1131413257
3748 1131427112 1131427112
18 1131433005 1131433005
30 1131433005 1131433005
13 1131433550 1131433550
3010 1131432998 1131433557
23 1131432998 1131434133
18 1131434745 1131434745
20 1131433550 1131435329
6189 1131433550 1131435336
13 1131434140 1131435336
17 1131434745 1131435936
4087 1131435929 1131435936
34 1131435936 1131435936
3010 1131434745 1131437130
1767 1131437130 1131437130
4087 1131437130 1131437130
33 1131436530 1131437137
23 1131437130 1131437137
17 1131437130 1131437695
18 1131437695 1131437695
14 1131437130 1131438255
1767 1131438836 1131438836
33 1131438836 1131438836
20 1131435936 1131438843
3010 1131438843 1131438843
23 1131438843 1131438843
14 1131439408 1131439408
33 1131439963 1131439963
4087 1131439963 1131439970
17 1131438850 1131440545
781 1131440545 1131440545
14 1131440545 1131440545
18 1131439408 1131441150
10091 1131439963 1131441157
1767 1131440545 1131441157
33 1131441157 1131441157
14 1131442334 1131442334
17 1131441754 1131442341
1767 1131442334 1131442341
18 1131442334 1131442341
10091 1131442334 1131442341
33 1131442341 1131442341
25 1131442930 1131442944
3010 1131442334 1131442951
7812 1131442930 1131442951
28 1131442951 1131442951
500 1131443520 1131443520
30 1131444113 1131444113
32 1131444688 1131444688
27 1131444688 1131444688
30 1131445239 1131445239
34 1131444113 1131446366
25 1131444674 1131446366
21 1131444674 1131446366
22 1131444674 1131446366
36 1131445239 1131446366
27 1131445806 1131446366
3194 1131448108 1131448108
3194 1131448689 1131448689
3748 1131453888 1131453895
3748 1131459064 1131459064
8876 1131462627 1131462627
8876 1131464941 1131464941
