10 1130493785 1130493785
19 1130493785 1130493785
33 1130493785 1130493788
6 1130493785 1130493788
23 1130493788 1130493788
35 1130493788 1130493788
30 1130493785 1130493793
1 1130493785 1130493793
4 1130493788 1130493793
13 1130493793 1130493793
5 1130493793 1130493793
5878 1130494378 1130496645
22 1130496092 1130496645
18 1130493793 1130497206
1495 1130497206 1130497206
500 1130497206 1130497206
24 1130497206 1130497206
9 1130497206 1130497206
9794 1130497759 1130497759
20 1130497759 1130497759
33 1130497759 1130497762
15 1130497759 1130497762
1 1130497759 1130497762
5 1130498313 1130498313
19 1130498313 1130498870
26 1130498313 1130498870
24 1130498313 1130498874
14 1130498313 1130498874
35 1130498874 1130498874
6 1130498870 1130499448
10 1130498870 1130500006
15 1130500009 1130500009
26 1130500009 1130500009
18 1130498874 1130500012
20 1130498874 1130500012
1 1130500006 1130500012
14 1130500012 1130500012
24 1130500012 1130500012
7020 1130493785 1130500583
3010 1130497759 1130500583
23 1130497762 1130500583
4 1130497762 1130500583
19 1130500009 1130500583
10 1130500583 1130501152
25 1130501152 1130501152
6 1130500583 1130501747
33 1130499448 1130501754
25 1130501754 1130501754
17 1130501152 1130502347
25 1130502928 1130502928
5 1130501726 1130503504
6 1130503504 1130503504
35 1130500012 1130503511
21 1130504126 1130504126
6 1130504126 1130504133
12 1130505278 1130505278
11416 1130506377 1130506377
9794 1130504683 1130506976
3 1130504683 1130506976
34 1130506377 1130506976
382 1130508738 1130508738
9794 1130508738 1130508738
5 1130508745 1130508745
35 1130504133 1130508752
54 1130508752 1130509332
2093 1130508759 1130509332
824 1130509332 1130509332
3196 1130509902 1130512842
35 1130509902 1130512842
7204 1130515209 1130515209
6190 1130515809 1130515809
4966 1130516375 1130516382
7275 1130516382 1130516382
6141 1130516972 1130516972
35 1130513999 1130518092
1131 1130493788 1130525109
18 1130749577 1130750176
19 1130750176 1130750774
14 1130750176 1130751356
4 1130751356 1130751356
10 1130749577 1130751944
18 1130751939 1130751944
6189 1130749577 1130751951
33 1130749577 1130751951
15 1130749577 1130751951
5 1130749577 1130751951
9 1130749577 1130751951
13 1130750176 1130751951
20 1130750176 1130751951
6 1130751939 1130751951
15 1130756090 1130756090
33 1130756090 1130756090
6 1130756090 1130756090
10 1130756090 1130757298
4 1130756090 1130757848
5 1130756694 1130757848
6 1130757848 1130757848
14 1130756090 1130759013
19 1130756090 1130759013
3010 1130757848 1130759013
33 1130759006 1130759013
10 1130759006 1130759013
5 1130759013 1130759013
20 1130760158 1130760158
33 1130760158 1130760158
15 1130759006 1130760731
14 1130760158 1130761902
34 1130761902 1130761902
5 1130761902 1130761902
20 1130761902 1130761902
18 1130755536 1130762463
4 1130759013 1130762463
10888 1130759557 1130762463
33 1130761327 1130762463
10 1130763017 1130763603
6 1130763582 1130764195
34 1130763603 1130765319
7 1130765326 1130765326
33 1130764752 1130765939
6 1130764752 1130765939
8 1130764752 1130767673
28 1130768221 1130768221
8 1130768228 1130768228
34 1130766519 1130770524
5 1130770517 1130770524
28 1130771089 1130771089
4 1130837814 1130837814
5878 1130837821 1130837821
34 1130837821 1130837821
25 1130837828 1130837828
9794 1130837828 1130837828
21 1130837821 1130838377
13 1130838377 1130838377
15 1130837821 1130838382
3 1130837828 1130838382
19 1130838377 1130838387
14 1130838394 1130838394
7 1130838981 1130838981
15 1130838981 1130838981
4 1130838382 1130838986
19 1130838986 1130838986
10 1130838981 1130838990
7020 1130837814 1130839548
20 1130838387 1130839548
1 1130838990 1130839548
1767 1130838377 1130840151
15 1130839548 1130840151
4 1130840151 1130840151
19 1130840151 1130840151
3 1130840151 1130840151
14 1130840151 1130840151
9 1130840696 1130840703
5878 1130840696 1130840710
15 1130841281 1130841281
3010 1130838377 1130841287
20 1130841287 1130841287
13 1130838990 1130841871
4 1130840710 1130841871
1 1130841281 1130842427
26 1130842427 1130842427
19 1130842999 1130842999
10091 1130841281 1130843003
9 1130841871 1130843003
10888 1130842999 1130843003
6 1130837828 1130843603
1 1130843603 1130843603
6189 1130838382 1130844199
7020 1130841281 1130844199
14 1130841281 1130844199
1767 1130842427 1130844199
15 1130842999 1130844199
13 1130843003 1130844199
20 1130843603 1130844199
9267 1130844763 1130844763
26 1130844199 1130844770
6 1130844770 1130844770
3010 1130844770 1130844770
6896 1130845942 1130845942
248 1130845942 1130845942
6830 1130845942 1130845942
7604 1130845942 1130845942
6368 1130846541 1130846541
7525 1130846541 1130846555
9002 1130846541 1130846555
4433 1130846541 1130846562
4415 1130846541 1130846562
5439 1130846562 1130846562
5154 1130846562 1130846562
2859 1130846562 1130846562
944 1130847158 1130847158
10624 1130847158 1130847719
7045 1130847712 1130847719
5187 1130848275 1130848275
6558 1130848275 1130848275
9060 1130848275 1130848275
7956 1130848275 1130848275
8493 1130848864 1130848864
6073 1130848864 1130848864
3176 1130849425 1130849432
27 1130862123 1130862123
16 1130862123 1130862123
22 1130862123 1130862123
36 1130863318 1130863318
3809 1130862724 1130866174
34 1130866778 1130866792
3891 1130866785 1130866792
7793 1130887561 1130892748
4 1130918956 1130918956
30 1130918956 1130918956
15 1130918956 1130919560
33 1130918956 1130919560
18 1130920132 1130920138
1 1130918956 1130920709
20 1130920132 1130920709
6 1130920709 1130920709
30 1130920138 1130921270
18 1130921275 1130921275
4 1130921275 1130921275
5 1130918350 1130921824
9 1130920132 1130921824
4087 1130918350 1130921831
19 1130919560 1130921831
14 1130919560 1130921831
15 1130920709 1130921831
17 1130921270 1130921831
20 1130921824 1130921831
30 1130921831 1130921831
1 1130921831 1130921831
18 1130922402 1130922402
18 1130922969 1130922969
32 1130922955 1130923541
34 1130924085 1130925268
18 1130924672 1130925268
22 1130922402 1130925275
5878 1130922955 1130925275
32 1130924679 1130925877
14 1130926475 1130926475
9 1130926479 1130926479
6 1130926479 1130926479
15 1130926479 1130926479
13 1130926475 1130927053
18 1130926479 1130927053
1 1130926475 1130927060
3010 1130927060 1130927060
14 1130927060 1130927060
23 1130926479 1130927632
6189 1130927060 1130927639
13 1130927643 1130927643
1 1130927643 1130927643
18 1130927639 1130928220
19 1130928823 1130928823
4 1130926475 1130928828
6 1130927639 1130928828
20 1130929979 1130929979
15 1130927632 1130929985
30 1130929985 1130929985
4087 1130926475 1130931147
14 1130927643 1130931147
1 1130929427 1130931147
18 1130929427 1130931710
9255 1130931710 1130931710
17 1130926475 1130932304
33 1130926475 1130932304
23 1130928828 1130932304
6 1130930590 1130932304
20 1130931710 1130932304
5 1130926475 1130932888
4 1130931147 1130932888
15 1130932304 1130932888
1 1130932888 1130932888
22 1130932888 1130932888
5878 1131007598 1131007605
15 1131008178 1131008178
19 1131008178 1131008178
18 1131008178 1131008178
14 1131008178 1131008785
20 1131008785 1131008785
30 1131008792 1131008792
34 1131008792 1131008799
15 1131008799 1131009355
10 1131008792 1131009936
14 1131009362 1131009936
1 1131008178 1131010528
20 1131009362 1131010528
19 1131009936 1131010528
4 1131008785 1131010535
8187 1131010535 1131010535
15 1131010528 1131011685
21 1131011685 1131011685
29 1131011685 1131011685
9 1131011685 1131011685
5 1131011090 1131012233
20 1131012233 1131012233
4 1131012233 1131012233
33 1131011685 1131012237
10 1131012237 1131012237
18 1131011090 1131012239
4087 1131012233 1131012239
15 1131012239 1131012239
19 1131012239 1131012239
4 1131012782 1131012782
17 1131012233 1131012787
5 1131012782 1131013348
10 1131012787 1131013348
3010 1131008785 1131013925
4087 1131013348 1131013925
33 1131013348 1131013925
23 1131011685 1131013928
14 1131011090 1131013935
20 1131012782 1131013935
4 1131013935 1131013935
30 1131010535 1131013942
4087 1131013942 1131013942
18 1131013942 1131013942
17 1131013942 1131013942
5 1131013942 1131013942
10 1131015079 1131015678
7587 1131015678 1131015678
1131 1130976143 1131015682
1 1131015079 1131015682
1767 1131015079 1131015682
9 1131015682 1131015682
19 1131013348 1131016225
23 1131015079 1131016225
33 1131015079 1131016225
3010 1131015678 1131016225
5 1131016225 1131016225
17 1131015079 1131017400
1 1131017400 1131017400
4087 1131015079 1131017407
14 1131015678 1131017407
33 1131018008 1131018008
5878 1131018610 1131018610
5 1131018610 1131019230
22 1131018610 1131019230
8187 1131018610 1131022112
29 1131019223 1131022112
5878 1131019230 1131022119
22 1131020367 1131022119
21 1131018610 1131022688
5 1131020367 1131022688
29 1131022688 1131022688
2424 1131024444 1131024451
1131 1131017400 1131087955
14 1131089710 1131089710
1 1131089710 1131089716
4 1131089716 1131089716
19 1131089716 1131090330
30 1131090880 1131090880
14 1131090330 1131090883
4087 1131089710 1131091444
19 1131091444 1131091444
18 1131089710 1131091454
30 1131091448 1131091454
14 1131092014 1131092014
15 1131089710 1131092019
4087 1131092019 1131092019
23 1131089710 1131092025
10 1131090323 1131092025
19 1131092019 1131092025
6 1131089710 1131093183
4 1131091444 1131093183
11232 1131093183 1131093183
11180 1131093188 1131093188
4087 1131093188 1131093188
30 1131093188 1131093188
6 1131094342 1131094342
19 1131093774 1131094890
30 1131094890 1131094890
4087 1131094895 1131094895
20 1131089710 1131095504
18 1131093183 1131095504
15 1131093188 1131095504
1 1131090883 1131095510
14 1131093183 1131095510
30 1131095504 1131095510
5 1131095510 1131095510
4087 1131095510 1131095510
1204 1131089716 1131096098
23 1131093774 1131096098
19 1131095510 1131096098
3010 1131096098 1131096098
33 1131096098 1131096098
4 1131094342 1131096657
18 1131096664 1131096664
1 1131096664 1131098938
1204 1131096671 1131098942
4 1131097786 1131098942
5 1131098938 1131098942
33 1131098942 1131098942
23 1131097217 1131099538
15 1131098938 1131099538
19 1131098938 1131099545
6 1131098942 1131099545
1 1131099545 1131099545
20 1131099545 1131100652
1 1131100652 1131100652
18 1131097786 1131100659
15 1131100652 1131100659
1 1131101267 1131101267
4 1131100100 1131101851
20 1131101274 1131101851
17 1131101851 1131101851
15 1131101851 1131102408
23 1131101851 1131102408
18 1131101851 1131102408
6 1131102408 1131102408
11 1131102408 1131102408
10 1131102408 1131102408
33 1131102408 1131102408
1 1131102408 1131102408
5 1131102958 1131102958
27 1131102958 1131102958
32 1131102958 1131102958
824 1131103537 1131104693
824 1131105262 1131105829
2093 1131105829 1131106388
751 1131107024 1131107623
10259 1131109393 1131109393
8331 1131110569 1131110569
5610 1131111173 1131111173
779 1131111173 1131111173
5312 1131111173 1131111187
2577 1131112328 1131112328
4380 1131112935 1131112935
1131 1131115214 1131126701
2927 1131129669 1131129676
1131 1131147032 1131183730
10147 1131185423 1131185423
6885 1131185982 1131185982
10528 1131185982 1131185982
10865 1131185982 1131185982
9748 1131185982 1131185982
10253 1131185982 1131185982
9721 1131185989 1131185996
11069 1131185996 1131185996
5335 1131185996 1131186003
249 1131186003 1131186003
7479 1131186003 1131186003
5759 1131186003 1131186003
2468 1131186003 1131186003
10174 1131186599 1131186599
4213 1131184325 1131187205
4213 1131194167 1131194167
7767 1131195954 1131195954
1131 1131192479 1131200593
2812 1131201184 1131202973
4523 1131201797 1131202973
9919 1131201797 1131202973
3146 1131202377 1131202973
9910 1131202377 1131202973
4213 1131195351 1131204082
4608 1131204657 1131204657
24 1131204657 1131204671
35 1131208788 1131208788
10030 1131209971 1131209971
4213 1131210551 1131210558
9819 1131211113 1131211113
9705 1131211113 1131211120
7956 1131211669 1131211669
2715 1131211669 1131211669
1294 1131211113 1131212274
379 1131212274 1131212274
626 1131212274 1131212274
9819 1131212274 1131212854
2725 1131212854 1131212854
4948 1131211113 1131213410
476 1131212854 1131213410
2715 1131213410 1131213410
626 1131213979 1131213979
7956 1131213979 1131213986
10438 1131215161 1131215161
7956 1131214579 1131215168
476 1131215154 1131215168
5530 1131215737 1131215744
2764 1131215744 1131215744
2164 1131215744 1131215744
6432 1131215744 1131215744
476 1131216352 1131216352
4228 1131216942 1131216942
517 1131217488 1131217488
9871 1131218083 1131218083
3698 1131218083 1131218090
8601 1131218083 1131218090
9902 1131218083 1131218090
9912 1131218083 1131218090
9133 1131218083 1131218090
9830 1131218083 1131218090
4440 1131218090 1131218090
3838 1131218090 1131218687
7500 1131218687 1131218687
2453 1131218687 1131218687
4431 1131218687 1131219281
9077 1131218687 1131219281
4596 1131218687 1131219281
288 1131218687 1131219281
7381 1131219281 1131219281
5864 1131219281 1131219281
6788 1131219281 1131219281
4907 1131219281 1131219281
3889 1131219823 1131219823
10558 1131219823 1131219823
7956 1131219823 1131219823
9912 1131220392 1131220392
10860 1131220392 1131220392
5604 1131220392 1131220392
9234 1131220392 1131220392
5348 1131220392 1131220392
8629 1131220392 1131220392
5176 1131220392 1131220392
1592 1131220934 1131220934
6732 1131220941 1131220941
7621 1131220941 1131220941
9271 1131220941 1131220948
3698 1131220948 1131220948
5889 1131220392 1131220955
9307 1131220955 1131220955
5261 1131222131 1131222138
8933 1131222152 1131222152
4577 1131222152 1131222152
764 1131222749 1131222756
7978 1131222749 1131222763
10320 1131302758 1131302758
