23 1130494186 1130494186
9 1130494191 1130494191
30 1130494191 1130494191
4 1130494186 1130494197
3010 1130494191 1130494782
13 1130494782 1130494782
33 1130494186 1130495371
6 1130494191 1130495371
10 1130494186 1130495953
26 1130494197 1130496496
17 1130495953 1130496496
13 1130496496 1130496496
19 1130494186 1130497049
4 1130495953 1130497049
23 1130495371 1130497610
7020 1130497610 1130497610
24 1130497610 1130497610
10 1130497610 1130497610
18 1130498163 1130498163
6 1130498163 1130498165
14 1130498165 1130498165
5 1130494186 1130498716
2 1130498716 1130498716
35 1130494186 1130499273
23 1130499273 1130499273
7020 1130499273 1130499273
19 1130499276 1130499276
15 1130494186 1130499850
33 1130497049 1130499850
1 1130497049 1130499850
24 1130498716 1130499850
18 1130499276 1130499850
5 1130499850 1130500408
10 1130500408 1130500408
23 1130500408 1130500408
14 1130499276 1130500412
2 1130500412 1130500412
3010 1130496496 1130500417
1131 1130497610 1130500417
26 1130498716 1130500417
4 1130500408 1130500417
7020 1130500412 1130500417
19 1130500412 1130500417
18 1130500417 1130500417
24 1130500417 1130500417
3215 1130505088 1130505088
9264 1130530690 1130531806
9264 1130532375 1130532403
10718 1130590252 1130590252
10398 1130605384 1130605384
7730 1130605993 1130606007
4831 1130606000 1130606609
3546 1130605993 1130608355
995 1130608355 1130608355
995 1130609507 1130610094
4935 1130606007 1130610663
38 1130691508 1130691508
10715 1130691508 1130691515
1608 1130691508 1130691515
9819 1130691515 1130691515
10968 1130691515 1130691515
6130 1130692064 1130692071
16 1130697419 1130697426
9022 1130697419 1130697426
7730 1130698007 1130698007
2649 1130698592 1130698592
477 1130698592 1130698592
6 1130699178 1130699768
3 1130699178 1130701523
6 1130700948 1130702734
3 1130702741 1130703370
6 1130703370 1130703377
3 1130703970 1130706271
6 1130704524 1130706271
3215 1130747143 1130747150
2 1130749982 1130749982
11359 1130749982 1130749982
11323 1130750581 1130750581
14 1130750581 1130750581
19 1130749982 1130751179
33 1130750581 1130751179
11409 1130751179 1130751179
13 1130749982 1130751761
6189 1130749982 1130751761
18 1130749982 1130751761
15 1130751761 1130751761
11262 1130751761 1130751761
6 1130751761 1130751761
9 1130751179 1130752960
33 1130752960 1130752960
6 1130752960 1130752960
30 1130752960 1130752960
33 1130753523 1130753523
4 1130753530 1130753536
10 1130749982 1130754144
6189 1130752960 1130754753
33 1130754144 1130754753
5 1130749982 1130755347
10 1130754760 1130755347
3 1130755347 1130755347
3010 1130752344 1130755352
6 1130752979 1130755352
19 1130752358 1130755935
15 1130752960 1130755935
13 1130752972 1130755935
9 1130754144 1130755935
4 1130754753 1130755935
6189 1130755352 1130755935
33 1130755352 1130755935
28 1130755935 1130755935
13 1130757697 1130757697
9 1130757697 1130757697
30 1130757697 1130758247
6189 1130758247 1130758247
29 1130758247 1130758840
10 1130759405 1130759405
11 1130759405 1130759405
3 1130759405 1130759411
5878 1130759405 1130759411
34 1130759405 1130759411
9794 1130759405 1130759411
2 1130759955 1130759955
22 1130759955 1130759955
7 1130759962 1130759962
4 1130759405 1130760556
14 1130759962 1130761122
18 1130759962 1130761128
15 1130759955 1130761724
21 1130759962 1130761724
7 1130761128 1130761724
4 1130761724 1130761724
6 1130759405 1130762299
10888 1130759955 1130762299
5 1130759955 1130762299
10 1130759962 1130762299
33 1130759962 1130762299
2 1130761128 1130762299
22 1130762299 1130762299
14 1130762860 1130762860
3802 1130783606 1130783613
4795 1130784154 1130786991
4795 1130788104 1130788111
7478 1130789270 1130789270
291 1130789270 1130789277
2097 1130789270 1130789277
1066 1130789270 1130789277
1 1130837620 1130837620
21 1130837620 1130837620
7 1130837626 1130837626
6 1130837620 1130837631
9794 1130837626 1130837631
34 1130837631 1130837631
14 1130837620 1130837637
21 1130837637 1130837637
3 1130837643 1130837643
10 1130837637 1130838206
1767 1130838210 1130838210
14 1130838210 1130838765
15 1130837620 1130838771
13 1130838206 1130838775
10 1130838771 1130838775
3010 1130837620 1130838780
14 1130838780 1130839367
22 1130839367 1130839367
6 1130838206 1130839373
19 1130837637 1130839377
34 1130839367 1130839377
10 1130839373 1130839935
6189 1130838765 1130840538
13 1130839377 1130840538
6 1130840538 1130840538
3010 1130839935 1130841083
26 1130841083 1130841083
19 1130841086 1130841086
2 1130838206 1130841091
15 1130839367 1130841662
6189 1130841662 1130841662
9 1130841083 1130841667
13 1130841667 1130841667
1 1130837637 1130842251
14 1130841083 1130842251
4 1130837620 1130842807
19 1130842807 1130843379
1767 1130841083 1130843383
10091 1130841083 1130843383
6189 1130842807 1130843383
3010 1130843379 1130843383
9 1130843379 1130843383
1 1130843383 1130843383
7020 1130837620 1130843983
2 1130842251 1130843983
6 1130842251 1130843983
15 1130842807 1130843983
26 1130842807 1130843983
4 1130843983 1130843983
9794 1130843983 1130843983
13 1130843983 1130843983
9 1130919336 1130919336
1 1130919940 1130919940
4 1130919940 1130919940
2 1130919336 1130920512
30 1130919336 1130920512
14 1130919940 1130920512
4087 1130920512 1130920517
33 1130919336 1130921649
1 1130921088 1130921649
4 1130921649 1130921649
6 1130919336 1130921654
15 1130919336 1130921654
19 1130919336 1130921654
18 1130919940 1130921654
9 1130921649 1130921654
17 1130922203 1130922210
5 1130919940 1130922781
15 1130922781 1130922781
30 1130922203 1130923334
9 1130922781 1130923334
33 1130922781 1130923334
3010 1130923334 1130923334
6 1130922781 1130923338
17 1130923338 1130923344
15 1130923344 1130923344
1 1130923334 1130923916
3010 1130923916 1130923916
5 1130923344 1130924460
17 1130925047 1130925047
9 1130925047 1130925051
15 1130925047 1130925051
30 1130925051 1130925051
19 1130923338 1130925633
13 1130922781 1130925637
4 1130923338 1130925637
1 1130925633 1130925637
17 1130925637 1130925637
4087 1130921654 1130925642
6189 1130922781 1130925642
33 1130923916 1130925642
6 1130924460 1130925642
3010 1130925051 1130925642
5 1130925637 1130925642
15 1130925642 1130925642
9 1130925642 1130925642
6189 1130928593 1130928593
9 1130928593 1130928593
30 1130928593 1130928593
13 1130928593 1130929196
17 1130929802 1130929802
14 1130929802 1130930354
2 1130930354 1130930354
4 1130930354 1130930354
25 1130930360 1130930360
34 1130930360 1130930360
17 1130930965 1130930965
18 1130930360 1130931522
23 1130929802 1130932085
6 1130929802 1130932085
25 1130932085 1130932085
15 1130929802 1130932679
5 1130929802 1130932679
4087 1130929802 1130932679
1 1130929802 1130932679
33 1130930354 1130932679
34 1130932085 1130932679
2 1130932679 1130932679
4 1130932679 1130932679
1969 1130934436 1130934436
7100 1130934436 1130934436
1212 1130934436 1130935034
7101 1130934436 1130935594
4573 1130935027 1130935594
7730 1130955174 1130955726
30 1131007973 1131007973
18 1131007973 1131007977
7 1131007973 1131008550
3010 1131007973 1131008550
25 1131007973 1131008555
10 1131008562 1131008562
4 1131007973 1131009124
2 1131008550 1131009129
3 1131009129 1131009129
14 1131007973 1131009703
21 1131009703 1131009703
25 1131009703 1131009703
19 1131008550 1131010295
3010 1131008568 1131010302
30 1131008562 1131010857
7 1131010857 1131010857
23 1131010857 1131010857
1131 1131007977 1131011452
11 1131010857 1131011452
14 1131011452 1131011452
18 1131011452 1131011452
15 1131007977 1131012000
2 1131012000 1131012000
1 1131007973 1131012002
33 1131012000 1131012002
3010 1131012002 1131012002
23 1131012002 1131012002
17 1131012002 1131012002
19 1131012000 1131012005
5 1131012000 1131012005
21 1131012005 1131012005
14 1131012005 1131012548
18 1131012548 1131012548
11 1131012548 1131012548
15 1131012548 1131012548
10 1131010857 1131012551
23 1131012551 1131012551
30 1131012551 1131012551
33 1131012551 1131013112
3010 1131013112 1131013112
21 1131013112 1131013112
2 1131013112 1131013112
17 1131012551 1131013689
5 1131013689 1131013689
4 1131010295 1131013700
1 1131013689 1131013700
9 1131013700 1131013700
19 1131013700 1131013700
29 1131012000 1131013706
14 1131013694 1131014265
5 1131013706 1131014265
17 1131014265 1131014265
2 1131014265 1131014265
4087 1131010857 1131014270
1131 1131012548 1131014270
11 1131013689 1131014270
15 1131013689 1131014270
10 1131013694 1131014270
23 1131014265 1131014270
21 1131014265 1131014270
1 1131014270 1131014270
3 1131025398 1131025405
9794 1131025398 1131025405
32 1131025405 1131027151
3 1131027151 1131027758
5 1131026003 1131028347
9794 1131027758 1131028347
9200 1131028929 1131028929
10090 1131028929 1131028929
3809 1131028929 1131028936
15 1131028929 1131028936
8329 1131039995 1131039995
7626 1131040002 1131040002
4935 1131039995 1131040585
51 1131041138 1131041138
7449 1131041145 1131041145
8133 1131042856 1131042870
7603 1131042870 1131043413
4088 1131043413 1131043999
7603 1131045152 1131045152
7603 1131046282 1131047526
8133 1131048084 1131049221
14 1131089475 1131089475
15 1131089475 1131089482
4 1131089482 1131089482
19 1131089475 1131090096
1 1131089482 1131090096
18 1131089475 1131090653
15 1131090646 1131090653
4087 1131090653 1131090653
2 1131089475 1131091214
14 1131090646 1131091221
19 1131091221 1131091221
1 1131091221 1131091227
18 1131091227 1131091227
30 1131091794 1131091794
19 1131091794 1131091794
6 1131089475 1131091801
15 1131091787 1131091801
23 1131089482 1131092367
21 1131092367 1131092367
4 1131091221 1131092959
18 1131091801 1131092959
3010 1131092959 1131092959
1 1131092959 1131092963
14 1131092959 1131092963
10 1131090089 1131093549
2 1131091787 1131093549
30 1131092959 1131093549
19 1131093549 1131093549
15 1131092963 1131094117
33 1131092963 1131094665
7 1131094117 1131094665
18 1131094665 1131094665
8187 1131094665 1131094665
3010 1131094665 1131094665
25 1131093549 1131094669
23 1131093549 1131094669
6 1131095271 1131095271
4 1131094669 1131095275
33 1131095275 1131095275
10 1131095275 1131095275
15 1131095275 1131095275
3010 1131095275 1131095275
1204 1131089475 1131095280
4087 1131092367 1131095280
21 1131094117 1131095280
1 1131094665 1131095280
19 1131094669 1131095280
30 1131095271 1131095280
14 1131095271 1131095280
2 1131095280 1131095280
10090 1131096441 1131096441
4087 1131099873 1131099873
5 1131099873 1131099873
1767 1131100418 1131100418
6 1131099873 1131100423
34 1131100423 1131100423
21 1131100428 1131100428
1 1131100428 1131100428
23 1131099311 1131101035
10 1131099873 1131101035
14 1131101035 1131101035
33 1131099873 1131102174
19 1131099873 1131102174
15 1131099873 1131102174
2 1131100418 1131102174
5 1131100428 1131102174
6 1131101040 1131102174
18 1131100418 1131102724
4087 1131100428 1131102724
17 1131101035 1131102724
4 1131101617 1131102724
1 1131101617 1131102724
27 1131102724 1131102724
14 1131102724 1131102724
23 1131102724 1131103879
21 1131105602 1131105602
23 1131106154 1131106161
3215 1131127048 1131128250
7292 1131128250 1131128250
1552 1131199188 1131203301
2715 1131199789 1131203301
7582 1131202739 1131203848
7730 1131203848 1131203848
3381 1131204430 1131204430
3215 1131305873 1131306475
3215 1131307060 1131309381
3215 1131342516 1131342516
6 1131345975 1131345982
1767 1131345988 1131345988
33 1131346577 1131346577
4087 1131345975 1131346584
3 1131346584 1131346584
13 1131345975 1131346589
14 1131345975 1131346595
23 1131346589 1131346595
18 1131345975 1131347191
6189 1131345982 1131347191
6 1131346584 1131347191
17 1131345975 1131347784
381 1131347784 1131347784
3 1131347779 1131348355
21 1131347779 1131348928
19 1131345982 1131350105
14 1131348355 1131350105
6 1131348928 1131350105
36 1131350105 1131350105
13 1131350669 1131350669
23 1131350669 1131350669
25 1131350669 1131350669
15 1131345975 1131350674
33 1131346595 1131350674
4087 1131347191 1131350674
5 1131347779 1131350674
7 1131348928 1131350674
17 1131349518 1131350674
18 1131350669 1131350674
30 1131347779 1131352934
25 1131354680 1131354680
21 1131354687 1131354687
6189 1131354687 1131354687
5 1131354680 1131354693
13 1131354687 1131354693
3 1131354687 1131354693
36 1131354693 1131354693
12 1131354693 1131355295
4087 1131355295 1131355295
33 1131355295 1131355295
7 1131355295 1131355295
21 1131355299 1131355299
14 1131355295 1131355304
19 1131355299 1131355304
3 1131355304 1131355304
13 1131355304 1131355304
6189 1131355304 1131355304
12 1131355308 1131355308
9794 1131354680 1131355314
1767 1131354687 1131355314
21 1131355314 1131355314
23 1131354693 1131355869
7 1131355308 1131355875
19 1131355875 1131355875
17 1131355308 1131355882
12 1131355882 1131355887
21 1131355882 1131355887
33 1131355869 1131356428
3 1131356428 1131356428
10091 1131354680 1131357019
5 1131355308 1131357019
6 1131355314 1131357019
4087 1131356428 1131357019
19 1131356428 1131357019
9794 1131356428 1131357019
23 1131357019 1131357019
18 1131355299 1131357601
3173 1131359413 1131359420
7100 1131359993 1131360546
2189 1131360546 1131360546
6941 1131360546 1131360546
3215 1131361727 1131362900
4935 1131377972 1131383799
34 1131433666 1131433666
28 1131433672 1131433672
21 1131433672 1131433672
3 1131434277 1131434277
28 1131434867 1131434867
17 1131434861 1131435465
6189 1131433083 1131435472
3010 1131433666 1131435472
18 1131433672 1131435472
36 1131436059 1131436059
22 1131436059 1131436059
13 1131433083 1131436066
23 1131433083 1131436066
17 1131436066 1131436066
14 1131433666 1131436659
19 1131433666 1131436659
28 1131436059 1131436659
25 1131436659 1131436664
3010 1131436664 1131436664
34 1131436664 1131436664
30 1131433083 1131437222
4087 1131436059 1131437222
1767 1131437222 1131438363
28 1131438363 1131438363
23 1131437222 1131438369
34 1131438363 1131438369
25 1131438369 1131438369
21 1131436659 1131438375
3010 1131438363 1131438375
3 1131438369 1131438375
4087 1131438375 1131438375
33 1131436659 1131438933
18 1131436659 1131438933
17 1131437222 1131438933
19 1131438375 1131439488
1767 1131438933 1131439488
14 1131438375 1131439495
36 1131439488 1131439495
8740 1131442469 1131442469
8988 1131443045 1131443045
4573 1131443638 1131443638
4163 1131443638 1131443638
8636 1131444213 1131444213
421 1131449376 1131449376
5525 1131449943 1131449964
3767 1131450508 1131450515
3215 1131458589 1131458596
5254 1131462704 1131462711
2108 1131462704 1131463311
7707 1131463311 1131463311
