16 1130498161 1130498161
36 1130498161 1130498172
16 1130498757 1130498757
12 1130498757 1130499928
34 1130498161 1130500471
28 1130498161 1130501024
5878 1130501024 1130501024
36 1130499928 1130501585
11 1130501585 1130501585
32 1130498161 1130502138
25 1130498161 1130502143
34 1130502138 1130502694
29 1130502138 1130502694
22 1130502694 1130502694
9794 1130498172 1130503254
36 1130502694 1130503254
12 1130503251 1130503254
3 1130498161 1130503828
7 1130499346 1130503828
16 1130500471 1130503828
5878 1130503251 1130503828
32 1130503251 1130503828
11 1130503254 1130503828
13 1130504393 1130504393
34 1130503828 1130504400
6 1130504393 1130504400
5 1130504400 1130504400
3322 1130505540 1130505540
25 1130503254 1130510222
3185 1130510222 1130510222
9091 1130511364 1130511364
5139 1130511364 1130511364
8218 1130511364 1130511364
4438 1130511364 1130511364
3683 1130511930 1130511930
37 1130511930 1130511930
9174 1130511930 1130511930
6170 1130511930 1130511930
553 1130513133 1130517230
2720 1130518387 1130518387
553 1130517832 1130522473
5138 1130523080 1130523674
4807 1130524250 1130524250
2380 1130525440 1130525440
553 1130525433 1130525997
2148 1130527138 1130527138
553 1130527750 1130531248
569 1130534121 1130534121
553 1130532934 1130535803
6452 1130535803 1130535803
4407 1130535803 1130535803
5221 1130536379 1130536379
6971 1130537555 1130537555
11155 1130538127 1130538141
553 1130536372 1130538737
10212 1130543378 1130543378
2380 1130545727 1130545727
553 1130539904 1130550396
553 1130551538 1130558496
553 1130559643 1130560261
553 1130560877 1130561459
553 1130562019 1130564306
553 1130564881 1130572381
553 1130574110 1130578160
553 1130578743 1130590826
9250 1130590826 1130590826
553 1130591966 1130598251
553 1130598272 1130600040
553 1130601188 1130602946
553 1130604705 1130605877
553 1130606456 1130608191
8876 1130609360 1130610592
553 1130612338 1130612338
553 1130613490 1130615249
2188 1130615249 1130615249
11099 1130617015 1130617015
553 1130616437 1130624718
102 1130626528 1130627121
102 1130628844 1130628844
102 1130631677 1130632241
102 1130632850 1130635215
102 1130636334 1130636334
102 1130638047 1130638667
102 1130642202 1130645098
102 1130646257 1130646257
102 1130647966 1130647966
102 1130649731 1130649731
102 1130650871 1130655546
102 1130657267 1130659040
102 1130663654 1130665991
102 1130666599 1130668275
102 1130671174 1130671174
7825 1130674059 1130675204
3767 1130675204 1130675204
3167 1130676910 1130676910
3324 1130676910 1130676910
3767 1130678054 1130678054
9035 1130678605 1130678605
553 1130676348 1130679231
3921 1130680391 1130680391
553 1130681004 1130684494
553 1130685661 1130686873
553 1130688041 1130693155
553 1130693738 1130696054
2570 1130697264 1130697271
2188 1130697264 1130697848
3584 1130700828 1130700828
553 1130698422 1130704331
553 1130704938 1130706112
9001 1130707953 1130707953
3584 1130712002 1130712002
102 1130712002 1130713768
8876 1130712586 1130713768
4807 1130713768 1130713768
102 1130717769 1130717769
102 1130720086 1130720646
102 1130722338 1130722352
102 1130725794 1130728653
102 1130729772 1130731550
102 1130732701 1130734988
102 1130736114 1130741285
102 1130742409 1130742409
3767 1130742977 1130742977
102 1130745283 1130747613
102 1130748792 1130748792
3767 1130748792 1130751126
102 1130749986 1130751133
3767 1130751698 1130752243
553 1130752828 1130753413
7582 1130755162 1130755162
14 1130755744 1130755744
28 1130755744 1130756331
16 1130756327 1130756335
7 1130756327 1130756335
9794 1130756327 1130756937
3 1130756327 1130756937
34 1130756937 1130756937
18 1130756940 1130756940
36 1130755744 1130756945
7 1130756945 1130756945
25 1130756331 1130756948
3 1130757492 1130757492
22 1130755744 1130757497
18 1130757497 1130757497
28 1130756940 1130757502
16 1130756948 1130757502
36 1130757497 1130757502
495 1130758110 1130758110
18 1130758110 1130758110
28 1130758714 1130758714
5878 1130755744 1130758723
34 1130756948 1130758723
9794 1130756948 1130758723
16 1130759310 1130759310
28 1130759310 1130759310
22 1130758718 1130759317
20 1130759900 1130759900
36 1130758714 1130760454
28 1130760454 1130760454
18 1130760454 1130761058
5878 1130760454 1130761662
29 1130761058 1130761662
7 1130757502 1130762212
11 1130759900 1130762212
34 1130761058 1130762212
36 1130762212 1130762212
20 1130762212 1130762212
32 1130756331 1130762805
25 1130757508 1130762805
3 1130759900 1130762805
9794 1130759900 1130762805
9413 1130762805 1130762805
28 1130762805 1130762805
22 1130762805 1130762805
3167 1130763928 1130763928
553 1130765691 1130765691
10755 1130770883 1130770883
553 1130767381 1130772037
553 1130772592 1130776591
7793 1130777133 1130777133
2570 1130778825 1130778825
553 1130777684 1130781171
3167 1130781171 1130781171
7758 1130782331 1130782876
102 1130782876 1130782876
19 1130782876 1130782876
7825 1130782876 1130782876
553 1130783443 1130786407
553 1130787580 1130790397
553 1130790965 1130790965
5580 1130795588 1130795588
553 1130793244 1130801375
553 1130801396 1130803736
553 1130804347 1130805442
5956 1130834010 1130834010
553 1130834594 1130835762
27 1130837536 1130837536
3 1130837536 1130837536
34 1130837536 1130837536
3010 1130838087 1130838087
7020 1130836986 1130838632
7 1130838632 1130838632
3 1130838636 1130838638
25 1130837536 1130838643
16 1130838087 1130839229
27 1130838636 1130839801
3 1130839801 1130839801
34 1130838643 1130839805
7020 1130839229 1130839812
5878 1130838087 1130839818
3 1130839818 1130839818
36 1130838087 1130840969
27 1130839818 1130840969
7 1130838643 1130841573
25 1130839805 1130841573
34 1130840379 1130841577
28 1130838638 1130841580
32 1130838632 1130841585
7 1130841585 1130841585
27 1130841580 1130841591
7020 1130841577 1130842162
1767 1130841577 1130842162
34 1130842154 1130842162
16 1130839812 1130842711
28 1130842154 1130842715
32 1130842159 1130842715
34 1130842719 1130842719
36 1130841580 1130842724
7 1130842162 1130843311
27 1130842715 1130843311
25 1130841591 1130843314
5878 1130841573 1130843317
7020 1130842719 1130843317
6189 1130843317 1130843317
16 1130842724 1130843875
11 1130845023 1130845023
7 1130845023 1130845023
22 1130838087 1130845027
27 1130843875 1130845602
34 1130844478 1130845606
28 1130843311 1130846190
7 1130845602 1130846190
9794 1130838087 1130846746
3 1130841573 1130846746
36 1130843875 1130846746
5878 1130845027 1130846746
22 1130845606 1130846746
11 1130846746 1130846746
32 1130843875 1130847318
16 1130845027 1130847325
34 1130847318 1130847325
27 1130847318 1130847925
28 1130847325 1130849694
25 1130845023 1130850264
13 1130850863 1130850863
16 1130850863 1130850870
22 1130851480 1130851480
6189 1130851480 1130852040
1767 1130852034 1130852040
16 1130852040 1130852596
13 1130852040 1130853185
34 1130853185 1130853185
28 1130850870 1130853746
5878 1130854300 1130854300
34 1130854300 1130854300
8 1130850863 1130854307
13 1130854294 1130854307
16 1130854294 1130854312
36 1130854294 1130854900
34 1130854900 1130855466
27 1130850863 1130856026
28 1130854307 1130856026
5878 1130856026 1130856026
16 1130856618 1130856625
13 1130856625 1130857170
27 1130857170 1130857170
36 1130857756 1130857756
22 1130852596 1130858346
32 1130850863 1130858920
6189 1130853746 1130858920
36 1130858920 1130858920
16 1130858927 1130858927
11198 1130858927 1130858927
11263 1130858933 1130858933
8 1130855466 1130859474
27 1130858346 1130859474
36 1130859474 1130859474
5878 1130860073 1130860073
13 1130860073 1130860073
6189 1130859474 1130860078
27 1130860665 1130860665
3809 1130858920 1130860672
5878 1130860672 1130860672
11184 1130860672 1130860672
11255 1130860672 1130860672
22 1130858933 1130861240
5215 1130850863 1130861254
34 1130858920 1130861838
32 1130859474 1130861838
27 1130861254 1130861838
3809 1130861838 1130861838
22 1130861838 1130861838
25 1130851480 1130863007
553 1130863558 1130863586
11355 1130864151 1130864151
8876 1130864151 1130864151
5323 1130864151 1130864151
3679 1130864151 1130864151
5754 1130864151 1130864736
7658 1130864736 1130864736
5530 1130864736 1130864736
7019 1130864736 1130864736
7524 1130867631 1130867631
2188 1130867037 1130868230
3767 1130867037 1130868230
2248 1130868223 1130868230
553 1130868813 1130868820
4859 1130869928 1130869928
553 1130870473 1130872297
8876 1130872897 1130872897
553 1130873489 1130881003
553 1130881024 1130882779
102 1130891318 1130900521
102 1130901128 1130901691
102 1130902830 1130902844
102 1130904017 1130914588
102 1130917556 1130918659
102 1130920365 1130922098
553 1130922663 1130922663
10127 1130925591 1130925591
3525 1130925591 1130925591
9 1130926140 1130926140
6189 1130926140 1130926140
32 1130926140 1130926144
33 1130926715 1130926715
5878 1130926140 1130927268
36 1130926140 1130927268
16 1130926144 1130927278
18 1130927272 1130927850
22 1130926140 1130928981
27 1130926144 1130928986
9794 1130926715 1130928986
3 1130927268 1130928986
5878 1130927850 1130928986
23 1130929568 1130929568
34 1130926140 1130929580
36 1130927850 1130929580
7 1130926140 1130930182
11 1130929568 1130930182
5878 1130930780 1130930786
18 1130930786 1130930786
34 1130930786 1130930786
16 1130928986 1130931360
22 1130929573 1130931360
36 1130931360 1130931360
3 1130930182 1130931362
13 1130931360 1130931362
32 1130927272 1130931934
27 1130929580 1130931934
11 1130931360 1130931934
33 1130930780 1130931943
6189 1130931362 1130931943
36 1130931938 1130931943
16 1130931943 1130931943
13 1130931943 1130931943
25 1130927272 1130932520
9794 1130930182 1130932520
7 1130931362 1130932520
5878 1130931934 1130932520
22 1130931938 1130932520
32 1130932520 1130932520
27 1130932520 1130932520
34 1130932520 1130933130
1495 1130933729 1130934288
82 1130934281 1130934288
25 1130933729 1130934893
34 1130934893 1130934893
16 1130934893 1130934893
14 1130935450 1130935450
23 1130936013 1130936013
3 1130935450 1130936607
7311 1130936607 1130936607
8621 1130936607 1130936607
9794 1130936607 1130937191
10888 1130937191 1130937191
824 1130938364 1130938364
961 1130938962 1130939522
11156 1130938955 1130941858
33 1130940680 1130941858
961 1130940680 1130941858
553 1130943042 1130949332
6135 1130951007 1130951007
553 1130949900 1130951590
9072 1130956165 1130956165
6382 1130953868 1130956715
9072 1130957343 1130957928
6382 1130957336 1130959654
553 1130960229 1130963054
3663 1130963061 1130963061
553 1130963627 1130968887
553 1130970064 1130972959
553 1131002049 1131002628
54 1131003804 1131003804
7 1131003804 1131004395
25 1131004395 1131004401
32 1131004395 1131004976
29 1131004976 1131004976
36 1131004401 1131004979
27 1131004401 1131004979
5878 1131004395 1131004980
34 1131004395 1131004986
32 1131004986 1131004986
16 1131004979 1131005543
27 1131005543 1131005543
22 1131004401 1131005546
28 1131004979 1131005546
11 1131004395 1131006114
8187 1131004395 1131006701
5878 1131005546 1131006701
32 1131006114 1131006701
29 1131006701 1131006701
34 1131006701 1131007290
12 1131003804 1131007308
28 1131007295 1131007328
34 1131007308 1131007335
25 1131004980 1131007884
32 1131007308 1131007884
20 1131007884 1131007884
27 1131007290 1131008449
16 1131007290 1131008449
12 1131007328 1131008449
34 1131008452 1131008452
1131 1131008452 1131008452
36 1131005543 1131008457
5878 1131008449 1131009049
28 1131008449 1131009591
12 1131009049 1131009591
16 1131009591 1131009591
22 1131007290 1131009595
27 1131009595 1131009595
25 1131009049 1131009599
34 1131009595 1131009604
36 1131009595 1131010183
27 1131010183 1131010186
32 1131009591 1131010729
12 1131010729 1131010729
7 1131004980 1131011275
1131 1131009604 1131011275
8187 1131007884 1131011863
36 1131011863 1131011863
18 1131011863 1131011863
30 1131011275 1131011865
29 1131011865 1131011865
3 1131008457 1131012438
22 1131010183 1131012438
28 1131010183 1131012438
27 1131011865 1131012438
12 1131012438 1131012438
34 1131011275 1131012440
1131 1131012440 1131012440
20 1131012440 1131012440
19 1131012440 1131012440
7 1131012440 1131012442
8187 1131012440 1131012442
29 1131012442 1131012442
30 1131012442 1131012442
18 1131012444 1131012444
12 1131012444 1131012444
16 1131010183 1131013000
28 1131012444 1131013000
22 1131012444 1131013000
36 1131013000 1131013000
14 1131013000 1131013000
7 1131013003 1131013003
34 1131013003 1131013003
23 1131013003 1131013003
29 1131013003 1131013003
32 1131011865 1131013577
1131 1131013577 1131013577
30 1131013577 1131013577
22 1131014169 1131014169
27 1131012444 1131014172
36 1131014169 1131014727
7 1131014172 1131015322
34 1131014172 1131015322
32 1131015322 1131015322
28 1131014169 1131015872
11 1131015870 1131015872
36 1131015872 1131015872
3 1131012444 1131015875
22 1131015870 1131015875
7587 1131015870 1131015875
16 1131014169 1131016418
29 1131015322 1131016418
32 1131016418 1131016418
34 1131015875 1131016423
11286 1131016423 1131016423
12 1131015870 1131016984
11339 1131016984 1131016984
11 1131016984 1131016984
36 1131016984 1131016984
28 1131016984 1131016984
23 1131016423 1131017561
16 1131017561 1131017561
3 1131017561 1131017561
8187 1131013003 1131017565
34 1131017565 1131017565
27 1131016984 1131017570
1131 1131017565 1131017572
7587 1131017570 1131017572
7 1131016418 1131018131
34 1131018131 1131018131
9794 1131007884 1131018135
32 1131017565 1131018135
11 1131017572 1131018135
36 1131018131 1131018135
12 1131018135 1131018135
27 1131018135 1131018135
16 1131018706 1131019312
28 1131019855 1131019855
29 1131018706 1131021037
22 1131018131 1131021638
5878 1131009599 1131022240
8187 1131018131 1131022240
28 1131022240 1131022832
2 1131018706 1131022867
5 1131018706 1131022867
1131 1131018706 1131022867
29 1131022839 1131022867
3324 1131026893 1131026893
10699 1131028666 1131029270
553 1131025742 1131032801
553 1131033950 1131035722
9001 1131036853 1131036860
3584 1131037983 1131037983
553 1131039161 1131046728
553 1131047864 1131049024
553 1131050147 1131050147
5202 1131050196 1131050196
5974 1131051949 1131051949
553 1131050168 1131054270
553 1131055388 1131055969
102 1131057115 1131064650
3767 1131068665 1131068693
102 1131064671 1131069861
102 1131071000 1131071021
102 1131073325 1131073325
102 1131074425 1131074425
102 1131076141 1131077296
102 1131078417 1131080164
102 1131081291 1131088134
3767 1131083008 1131088709
2592 1131089842 1131089842
553 1131089842 1131090984
33 1131092737 1131092741
7653 1131092737 1131092747
27 1131092737 1131093336
10 1131093336 1131093336
33 1131093342 1131093342
23 1131093342 1131093342
23 1131094506 1131094506
20 1131095074 1131095074
23 1131095086 1131095086
36 1131092737 1131095656
5 1131095650 1131095656
9413 1131095646 1131096222
34 1131092737 1131096814
27 1131093956 1131096818
28 1131096222 1131096818
3 1131096818 1131096818
36 1131096818 1131096818
9413 1131097404 1131097404
33 1131097404 1131097404
32 1131092737 1131097972
34 1131097972 1131098520
36 1131098520 1131098520
18 1131098520 1131098520
28 1131098520 1131098522
33 1131098522 1131098522
16 1131092183 1131099124
7 1131092737 1131099130
32 1131099124 1131099130
22 1131098520 1131099137
3 1131099137 1131099137
34 1131099137 1131099725
28 1131099137 1131099725
36 1131099725 1131099725
9413 1131099725 1131099725
16 1131099725 1131099725
32 1131100284 1131100284
7 1131100284 1131100284
29 1131100284 1131100284
27 1131098520 1131100292
20 1131100287 1131100292
16 1131100292 1131100292
28 1131100292 1131100292
22 1131100838 1131100838
34 1131100838 1131100838
5 1131100284 1131101407
9413 1131100838 1131101407
27 1131101985 1131101985
36 1131101990 1131101990
3 1131100287 1131102557
11 1131100838 1131102557
10 1131102557 1131102557
5 1131102557 1131102557
16 1131102557 1131102557
25 1131093336 1131102560
7653 1131096222 1131102560
8187 1131096222 1131102560
32 1131101407 1131102560
22 1131101990 1131102560
28 1131101990 1131102560
27 1131102560 1131102560
7 1131101407 1131103163
3 1131103163 1131103163
2924 1131104263 1131104270
9016 1131104885 1131104885
25 1131103718 1131104892
9015 1131104878 1131104892
1495 1131105469 1131105469
5 1131105469 1131106576
15 1131106576 1131106576
4087 1131105469 1131107155
34 1131105469 1131107731
2424 1131107155 1131107731
3 1131107155 1131107731
36 1131107731 1131107731
16 1131107731 1131107731
7 1131105469 1131108311
23 1131108311 1131108311
15 1131108318 1131108318
28 1131108311 1131108325
5 1131108318 1131108325
36 1131108325 1131108325
805 1131108887 1131108887
805 1131109454 1131110013
805 1131110649 1131110649
4 1131112396 1131113001
32 1131113001 1131113001
7 1131112396 1131113007
3 1131112396 1131113007
7 1131114787 1131114794
28 1131112396 1131114801
34 1131112396 1131115394
2424 1131112396 1131116549
36 1131112396 1131116549
32 1131114183 1131116549
4 1131114183 1131116549
7 1131115942 1131116549
25 1131112396 1131117673
6135 1131120501 1131120501
10699 1131121052 1131121052
553 1131118258 1131122188
102 1131123309 1131123309
3767 1131125674 1131125681
3767 1131127409 1131127987
102 1131146031 1131148376
3767 1131152986 1131165832
3767 1131167037 1131174483
102 1131150080 1131177373
3767 1131175659 1131180307
102 1131178547 1131180898
3767 1131184424 1131184424
102 1131182045 1131184438
102 1131186135 1131186135
553 1131187337 1131189037
553 1131189610 1131191989
4802 1131193162 1131193169
553 1131193762 1131198965
553 1131199568 1131200136
553 1131200758 1131201323
553 1131208271 1131208285
9861 1131210018 1131210018
3872 1131210018 1131210032
1003 1131210590 1131210590
2427 1131210590 1131210590
9670 1131210590 1131210597
5256 1131210597 1131210597
10023 1131210597 1131210597
1830 1131211182 1131211182
8340 1131211182 1131211190
7352 1131211185 1131211190
6023 1131210590 1131211193
6021 1131210590 1131211193
2736 1131211182 1131211193
7665 1131211182 1131211193
969 1131211185 1131211193
10892 1131211193 1131211193
10172 1131211193 1131211193
2878 1131211182 1131211777
8594 1131211182 1131211777
9261 1131212385 1131212385
6355 1131212385 1131212385
9712 1131212385 1131212385
9433 1131212385 1131212385
9773 1131212385 1131212391
7648 1131212385 1131212391
7084 1131212385 1131212391
5190 1131212385 1131212391
4362 1131212391 1131212391
5821 1131212391 1131212391
7854 1131212391 1131212391
3912 1131212391 1131212391
7465 1131212972 1131212972
6418 1131212972 1131212972
865 1131213574 1131213574
6910 1131223426 1131223426
553 1131214716 1131224558
102 1131225734 1131226366
102 1131227527 1131233321
102 1131234527 1131239836
102 1131242141 1131242148
102 1131242732 1131247465
102 1131248661 1131249785
56 1131250370 1131250370
3767 1131259055 1131259055
102 1131251517 1131262506
102 1131264260 1131264861
102 1131266079 1131266086
102 1131267210 1131267210
102 1131268388 1131268388
3767 1131260788 1131268402
102 1131269000 1131269588
3767 1131269574 1131269595
4807 1131270746 1131270746
5261 1131270746 1131271350
3167 1131272534 1131272534
553 1131273122 1131273729
7825 1131275454 1131275454
553 1131275454 1131278286
553 1131279383 1131281682
3748 1131281682 1131281689
553 1131282849 1131293117
553 1131295383 1131297678
553 1131297699 1131302375
553 1131304086 1131306909
138 1131308592 1131308592
553 1131308585 1131311454
10689 1131340533 1131340533
553 1131341131 1131342862
23 1131344060 1131344060
8071 1131344060 1131344060
9794 1131344618 1131344618
32 1131344618 1131345215
6 1131345215 1131345215
29 1131345215 1131345215
36 1131344618 1131345218
28 1131344618 1131345218
3 1131345215 1131345218
22 1131345218 1131345218
11 1131345218 1131345218
13 1131345218 1131345220
33 1131345220 1131345220
25 1131344618 1131345225
34 1131345218 1131345225
32 1131345225 1131345225
16 1131344618 1131345231
7 1131344618 1131345231
12 1131344618 1131345235
11 1131345235 1131345235
36 1131345235 1131345235
13 1131345235 1131345235
3 1131345235 1131345237
29 1131345225 1131345778
7 1131345778 1131345778
28 1131345231 1131345781
22 1131345235 1131345781
34 1131345781 1131345781
11 1131345781 1131345781
36 1131345781 1131345785
33 1131345785 1131345785
13 1131345785 1131345785
32 1131345237 1131346326
25 1131345778 1131346330
7 1131346326 1131346330
29 1131346326 1131346330
11 1131346330 1131346335
34 1131346335 1131346335
13 1131346335 1131346335
33 1131346335 1131346904
3 1131346904 1131346904
6189 1131345220 1131347486
36 1131346335 1131348057
22 1131347486 1131348057
28 1131347486 1131348057
12 1131346326 1131348061
6 1131348061 1131348061
32 1131346904 1131348650
25 1131348057 1131348650
3 1131348646 1131349214
34 1131348061 1131349774
6189 1131349774 1131349774
20 1131349774 1131349774
12 1131349777 1131349777
32 1131349777 1131349780
16 1131345778 1131350374
34 1131350374 1131350380
6189 1131350380 1131350380
32 1131350385 1131350385
7 1131347486 1131351572
15 1131351572 1131351572
6189 1131351572 1131351572
12 1131350380 1131352143
32 1131352716 1131352716
36 1131349777 1131353893
3 1131350369 1131353893
7 1131354457 1131354457
28 1131349214 1131354462
25 1131349777 1131354462
34 1131351569 1131354462
5 1131354457 1131354462
6 1131355046 1131355046
8187 1131345218 1131355614
22 1131349214 1131356161
11 1131355614 1131356161
5 1131356722 1131356722
6 1131356722 1131356722
12 1131354457 1131356725
3 1131355046 1131356725
20 1131355046 1131356725
34 1131356161 1131356725
36 1131356725 1131356725
32 1131354457 1131356729
10091 1131356729 1131356729
7 1131355614 1131357319
29 1131356722 1131357319
6 1131357319 1131357319
3 1131357863 1131357863
28 1131356161 1131357866
11 1131356729 1131357866
34 1131357863 1131357866
32 1131357866 1131357866
9794 1131345220 1131357870
25 1131356722 1131357870
8187 1131356725 1131357870
22 1131357319 1131357870
12 1131357863 1131357870
36 1131357863 1131357870
7 1131357870 1131357870
29 1131357870 1131357870
4748 1131358500 1131358500
3164 1131358500 1131358500
5261 1131359617 1131359617
3748 1131359617 1131359617
5196 1131359617 1131360790
102 1131359617 1131360790
4807 1131360208 1131360790
553 1131361368 1131361996
4709 1131362602 1131362609
10251 1131363182 1131363182
5252 1131363182 1131363182
10581 1131363182 1131363182
5196 1131363182 1131363182
5163 1131363182 1131363182
1350 1131363735 1131363735
1940 1131364909 1131364916
4684 1131364909 1131364916
9613 1131364916 1131364916
2179 1131364916 1131364916
102 1131366089 1131366698
3592 1131371836 1131371843
9369 1131373035 1131373035
553 1131368378 1131376522
1461 1131377658 1131377658
2103 1131377658 1131377665
553 1131379442 1131393903
102 1131394450 1131401435
102 1131401995 1131402580
102 1131404314 1131404314
102 1131404948 1131405511
102 1131406664 1131408425
3767 1131408425 1131408425
3767 1131408453 1131408453
3767 1131410145 1131410145
3767 1131410726 1131413677
3767 1131414252 1131414252
3767 1131415406 1131415406
3767 1131416539 1131423460
3239 1131424048 1131424048
3767 1131424048 1131425191
3767 1131426908 1131426915
102 1131409007 1131427462
3767 1131428025 1131428032
3767 1131428615 1131428629
102 1131428025 1131428636
553 1131429226 1131430999
2745 1131431607 1131431607
30 1131433378 1131433378
9794 1131433378 1131433978
6189 1131433378 1131433978
18 1131433978 1131434571
13 1131434571 1131434571
3 1131433978 1131435718
9794 1131434576 1131435721
30 1131434576 1131435721
20 1131436273 1131436273
27 1131433978 1131436849
28 1131432771 1131436855
3 1131436849 1131437460
20 1131437460 1131437460
34 1131433978 1131438044
30 1131438044 1131438048
27 1131438048 1131438048
20 1131438641 1131438641
22 1131432771 1131438647
25 1131438044 1131438647
18 1131438647 1131438647
33 1131436855 1131438652
5215 1131437460 1131439239
34 1131438652 1131439239
36 1131432771 1131439243
20 1131439239 1131439243
3 1131438641 1131439836
3010 1131439836 1131439836
22 1131439836 1131440401
33 1131440401 1131440961
6189 1131440961 1131440961
28 1131438641 1131441547
3 1131441542 1131441554
18 1131441554 1131441554
32 1131433378 1131442112
9794 1131436849 1131442112
22 1131441547 1131442112
3010 1131442112 1131442112
27 1131438652 1131442667
7587 1131442674 1131442674
19 1131443249 1131443249
25 1131439243 1131443861
1099 1131442667 1131443861
27 1131443854 1131443861
9415 1131443861 1131443861
28 1131442667 1131445038
11256 1131445038 1131445038
11274 1131445038 1131445038
383 1131445038 1131445038
25 1131445038 1131445641
27 1131445634 1131445641
19 1131444451 1131445648
22 1131444451 1131445655
28 1131445641 1131446817
19 1131446817 1131446817
32 1131446817 1131446817
25 1131446224 1131447385
30 1131444451 1131447392
36 1131446817 1131447392
27 1131446817 1131447943
11288 1131447943 1131447943
11249 1131447943 1131447943
11302 1131447950 1131447950
11356 1131447950 1131447950
11353 1131447950 1131447950
32 1131448510 1131448510
32 1131449070 1131449070
32 1131450234 1131450234
34 1131440961 1131450812
36 1131448517 1131450812
32 1131451372 1131451372
22 1131447378 1131451379
34 1131451386 1131451393
36 1131451386 1131451393
5215 1131450812 1131451969
5215 1131453122 1131453136
32 1131452555 1131453142
36 1131451969 1131454270
34 1131452555 1131455451
27 1131448517 1131455999
32 1131456591 1131456591
22 1131451962 1131457159
36 1131454877 1131457159
5215 1131457159 1131457159
34 1131457159 1131457159
27 1131457159 1131457159
25 1131447950 1131457748
553 1131458336 1131460674
7524 1131461767 1131461774
7825 1131461216 1131462934
5138 1131462338 1131462934
9001 1131462934 1131462934
7524 1131462934 1131462934
6245 1131463533 1131463533
553 1131463526 1131475162
102 1131476862 1131477434
102 1131479750 1131480364
