2 1130495338 1130495345
17 1130495338 1130495352
9794 1130495352 1130495352
952 1130495352 1130495352
7020 1130495338 1130496526
1131 1130495338 1130496526
18 1130495338 1130496526
2 1130496526 1130496526
1495 1130497108 1130497108
21 1130497651 1130497651
28 1130497651 1130498204
3 1130497651 1130498204
25 1130498765 1130498765
7 1130499325 1130499325
32 1130498765 1130499876
21 1130499318 1130499876
34 1130498204 1130500433
32 1130501014 1130501014
12 1130501014 1130501014
28 1130499876 1130501577
25 1130501014 1130501577
7 1130501572 1130501584
3 1130501577 1130501584
34 1130501572 1130502155
32 1130502155 1130502155
36 1130497651 1130502724
11 1130501014 1130503298
12 1130501584 1130503298
3 1130503298 1130503298
25 1130503298 1130503298
9794 1130497651 1130503304
36 1130503311 1130503311
28 1130503298 1130503318
7 1130503304 1130503325
11 1130503318 1130503325
9794 1130503325 1130503325
25 1130503325 1130503325
3 1130503325 1130503911
21 1130501014 1130503918
12 1130503911 1130503918
32 1130503918 1130503918
29 1130501572 1130504499
8026 1130505075 1130505075
16 1130504499 1130505082
869 1130505690 1130505690
5878 1130495338 1130506254
1746 1130505690 1130506849
814 1130507405 1130507948
814 1130510316 1130510330
815 1130507948 1130513806
815 1130515015 1130524321
814 1130511473 1130527865
815 1130524940 1130528431
814 1130528999 1130528999
814 1130530124 1130531863
11395 1130533541 1130533541
814 1130532979 1130539438
815 1130530117 1130541745
814 1130541745 1130541745
814 1130543497 1130543497
814 1130545219 1130547572
814 1130548714 1130550463
814 1130578770 1130580472
814 1130583970 1130584558
814 1130585158 1130593685
814 1130601888 1130601888
814 1130604201 1130604201
814 1130605374 1130605374
814 1130607173 1130607173
831 1130611260 1130611260
814 1130611822 1130611822
814 1130614198 1130614198
815 1130584558 1130631192
814 1130615951 1130652157
814 1130653315 1130653315
814 1130669538 1130675237
815 1130673531 1130675795
815 1130692118 1130692118
814 1130690914 1130694447
814 1130695017 1130698585
814 1130699758 1130700344
814 1130700934 1130702114
814 1130702696 1130702696
814 1130703921 1130704550
814 1130706879 1130706879
814 1130708599 1130708599
814 1130709185 1130713238
814 1130714365 1130714365
815 1130709185 1130717276
814 1130716700 1130717276
814 1130719521 1130720136
814 1130724116 1130724116
814 1130747730 1130750011
814 1130750603 1130750603
815 1130751148 1130752927
814 1130752345 1130752927
18 1130754691 1130754712
14 1130754691 1130755314
33 1130755918 1130755925
9794 1130755918 1130755932
6189 1130755932 1130755932
21 1130755932 1130756519
7 1130754698 1130757105
3 1130756519 1130757659
16 1130755932 1130758867
28 1130754126 1130759417
32 1130756519 1130760010
7 1130759417 1130760010
3 1130760010 1130760010
11 1130760010 1130760575
25 1130760575 1130760575
32 1130761124 1130761124
7 1130761124 1130761124
20 1130760575 1130761723
28 1130760580 1130761723
29 1130760580 1130761723
36 1130755314 1130762289
34 1130757105 1130762289
16 1130761129 1130762289
9794 1130757659 1130762294
21 1130758263 1130762294
3 1130761124 1130762294
32 1130762289 1130762294
25 1130762294 1130762294
11 1130761723 1130762890
7 1130762294 1130762890
9015 1130763465 1130763465
3322 1130763465 1130764026
2391 1130772080 1130775455
5878 1130754691 1130776625
9581 1130776625 1130776625
814 1130777218 1130781236
814 1130783606 1130784206
814 1130785320 1130788164
830 1130788729 1130788729
814 1130789277 1130798595
815 1130799149 1130799149
815 1130799747 1130801546
814 1130799747 1130808495
814 1130810254 1130812576
16 1130833542 1130833542
36 1130834150 1130834150
16 1130834178 1130834735
36 1130834171 1130835838
36 1130836438 1130837031
16 1130835838 1130837592
9794 1130837592 1130837592
34 1130837592 1130838182
7020 1130838182 1130838182
25 1130837592 1130838786
32 1130838182 1130838786
7020 1130838795 1130838795
7 1130832961 1130838800
21 1130837592 1130838800
27 1130837592 1130839368
2 1130839372 1130839372
16 1130839368 1130839927
7 1130839372 1130839927
34 1130838795 1130839931
3 1130838182 1130839937
21 1130839372 1130839937
5878 1130832961 1130839942
9794 1130838790 1130839942
7020 1130839931 1130839942
27 1130839927 1130840529
25 1130839368 1130840536
32 1130838805 1130840543
36 1130838786 1130841101
16 1130840529 1130841704
3 1130841704 1130841704
28 1130837592 1130842249
7 1130839942 1130842249
36 1130842254 1130842254
7020 1130842254 1130842260
7 1130842831 1130842831
16 1130842837 1130842837
28 1130842831 1130843421
5878 1130841101 1130843977
21 1130840536 1130844549
7 1130843977 1130844549
25 1130841704 1130844553
16 1130844549 1130845153
36 1130844553 1130845153
32 1130842249 1130845749
27 1130842249 1130845749
11 1130845153 1130846317
21 1130845749 1130846317
7 1130845749 1130846317
34 1130840543 1130846919
9794 1130841101 1130846919
3 1130842260 1130846919
28 1130845153 1130846919
25 1130846313 1130846919
27 1130846919 1130846919
16 1130846919 1130846919
31 1130848088 1130848109
16 1130848705 1130849259
34 1130849259 1130849259
8 1130849259 1130849266
11364 1130849822 1130849822
11275 1130849822 1130849822
11306 1130850411 1130850411
5215 1130849822 1130850972
15 1130848705 1130850978
8 1130850978 1130850978
25 1130850978 1130851519
16 1130850411 1130851524
34 1130850972 1130851529
36 1130851519 1130851529
32 1130848705 1130851535
13 1130851519 1130851535
21 1130851535 1130851535
8 1130851535 1130851535
1767 1130852123 1130852123
5215 1130851524 1130852689
25 1130852123 1130852689
16 1130852123 1130853249
34 1130852689 1130853249
8 1130853841 1130853841
32 1130853841 1130853845
10090 1130853845 1130853845
5215 1130854976 1130854976
6189 1130851519 1130854981
13 1130853841 1130854981
5215 1130856140 1130856140
28 1130850411 1130856146
16 1130855566 1130856146
8 1130856140 1130856146
32 1130856146 1130856146
10090 1130856152 1130856152
5215 1130856693 1130856693
10090 1130857299 1130857886
440 1130857886 1130857886
27 1130849259 1130857893
8 1130857893 1130857893
25 1130854390 1130858461
16 1130857292 1130858461
16 1130859059 1130859650
21 1130853249 1130860228
32 1130859650 1130860786
16 1130860793 1130860793
25 1130859059 1130860807
32 1130861372 1130861372
5878 1130845749 1130861957
36 1130852689 1130861957
34 1130854390 1130861957
21 1130861372 1130861957
5215 1130862534 1130862534
27 1130858475 1130863099
16 1130861372 1130863099
814 1130864258 1130869518
814 1130870710 1130870710
814 1130872439 1130872439
815 1130864258 1130875397
814 1130875990 1130876551
815 1130876551 1130877647
815 1130878238 1130878238
815 1130879412 1130881165
815 1130882892 1130883465
814 1130877647 1130885170
11194 1130885170 1130885170
814 1130886848 1130886848
814 1130890869 1130890869
814 1130891999 1130891999
814 1130897120 1130897120
814 1130900051 1130900051
814 1130904740 1130904740
815 1130914770 1130915332
7 1130917586 1130918756
2 1130918756 1130918756
33 1130921094 1130921094
27 1130922244 1130922244
4 1130922244 1130922244
2 1130922805 1130922805
18 1130923361 1130923361
18 1130924499 1130925078
2 1130923368 1130925622
36 1130926209 1130926209
13 1130926209 1130926209
16 1130926213 1130926213
25 1130926209 1130926795
3 1130926213 1130926801
27 1130926209 1130926807
34 1130923939 1130927409
34 1130928585 1130928585
3 1130928585 1130928585
36 1130927409 1130929161
7 1130926795 1130929167
11332 1130929167 1130929167
3 1130929167 1130930353
5878 1130917586 1130930359
21 1130926209 1130930359
36 1130929750 1130930359
7 1130930353 1130930359
32 1130922805 1130931517
13 1130931510 1130931517
25 1130927409 1130932122
6189 1130931510 1130932122
7 1130932122 1130932122
9794 1130926209 1130932679
16 1130926807 1130932679
34 1130929173 1130932679
3 1130931517 1130932679
21 1130931517 1130932679
5878 1130932122 1130932679
36 1130932679 1130932679
27 1130928011 1130933242
1 1130933242 1130933242
5 1130933242 1130933242
2 1130933242 1130933242
15 1130933242 1130933836
4087 1130933242 1130933836
4 1130933242 1130933836
8947 1130933836 1130933836
4164 1130934420 1130934420
869 1130934420 1130934420
5227 1130934420 1130934420
1029 1130935023 1130935023
1746 1130935023 1130935023
5878 1130935023 1130935023
7349 1130935023 1130935023
814 1130936184 1130936184
815 1130936184 1130936751
814 1130936751 1130936751
815 1130937909 1130938495
815 1130939685 1130940885
815 1130942004 1130948243
814 1130937909 1130950540
815 1130949953 1130950540
10790 1130951097 1130951704
10790 1130951725 1130951725
815 1130957451 1130957451
814 1130959117 1130960863
815 1130957472 1130962652
814 1130962631 1130962652
3350 1130963792 1130963792
4106 1130963792 1130963792
565 1130964934 1130964934
3350 1130964941 1130965528
7133 1130966116 1130966116
4424 1130964363 1130969025
8540 1130963792 1130969030
565 1130967293 1130969030
6847 1130963792 1130969580
10017 1130963792 1130969580
4106 1130964934 1130969580
4098 1130964934 1130969580
9044 1130965528 1130969580
1219 1130970165 1130970165
8145 1130970179 1130970179
814 1130971324 1130972474
815 1130999834 1131000457
38 1131001031 1131001031
6913 1131001031 1131001031
12 1131003944 1131003944
7 1131002789 1131004533
36 1131003357 1131004533
27 1131003944 1131004533
5215 1131004533 1131004533
11 1131004539 1131004539
36 1131004561 1131004561
7 1131004553 1131004567
12 1131004553 1131004573
34 1131004533 1131005687
36 1131005687 1131005687
28 1131005122 1131005690
27 1131004553 1131005692
16 1131005690 1131005692
12 1131005690 1131006284
11 1131005692 1131006284
25 1131004533 1131006826
34 1131006826 1131006836
36 1131006831 1131006836
8187 1130963213 1131006841
5878 1131003944 1131006841
29 1131005690 1131006841
32 1131004539 1131007420
7 1131005690 1131007420
21 1131003944 1131007425
25 1131006841 1131007425
16 1131006831 1131007968
28 1131006826 1131008514
34 1131007425 1131009102
7 1131009102 1131009102
12 1131006836 1131009105
36 1131007968 1131009105
27 1131006841 1131009678
16 1131009105 1131009678
3 1131009105 1131009687
27 1131010243 1131010243
34 1131010243 1131010243
25 1131009102 1131010247
7 1131009681 1131010247
11248 1131010821 1131010821
11358 1131010821 1131010821
21 1131009102 1131011413
12 1131011413 1131011413
3 1131011413 1131011413
11328 1131011413 1131011413
16 1131010243 1131011417
11291 1131011417 1131011417
32 1131009678 1131012567
34 1131011413 1131012567
7 1131012567 1131012567
21 1131012567 1131012567
3 1131013115 1131013115
36 1131009683 1131013119
12 1131013119 1131013119
9795 1131013119 1131013119
27 1131011417 1131013121
11319 1131013121 1131013121
21 1131013664 1131013664
3 1131013664 1131013669
12 1131013669 1131013669
32 1131013669 1131013669
11166 1131014230 1131014230
11296 1131014230 1131014230
16 1131013115 1131014807
34 1131013664 1131014807
36 1131014230 1131014807
29 1131014807 1131014812
3 1131014817 1131014817
8187 1131007968 1131014819
28 1131009678 1131014819
34 1131014819 1131014819
27 1131015378 1131015378
29 1131015378 1131015378
12 1131014817 1131015953
11 1131015378 1131016552
7 1131013669 1131017098
21 1131014812 1131017098
32 1131015378 1131017098
3 1131015382 1131017098
12 1131017098 1131017098
9794 1131007968 1131017687
36 1131014819 1131017687
16 1131015953 1131017687
27 1131016555 1131017687
28 1131016555 1131017687
29 1131016555 1131021849
1131 1131018273 1131021849
5 1131018273 1131021849
2 1131018273 1131021849
21 1131018881 1131021849
8187 1131015953 1131024136
3194 1131025317 1131025317
8187 1131025317 1131025909
20 1131028866 1131028866
9794 1131028866 1131028866
32 1131029455 1131029455
7020 1131032385 1131032385
2093 1131032385 1131032385
5878 1131007968 1131032965
15 1131032965 1131033529
8187 1131027111 1131035820
554 1131037569 1131037590
574 1131037569 1131037590
814 1131034663 1131040528
815 1131038172 1131043384
814 1131041110 1131043384
7891 1131043978 1131043978
9672 1131037569 1131044521
10410 1131047411 1131047411
139 1131044521 1131050329
2828 1131050948 1131050948
814 1131051513 1131057292
9672 1131051513 1131057883
815 1131051513 1131059603
814 1131058474 1131061900
7653 1131060151 1131062485
7653 1131063576 1131063576
7653 1131065908 1131065929
7653 1131067687 1131068250
814 1131063576 1131068257
7653 1131068815 1131069408
814 1131069408 1131069408
7653 1131071119 1131072794
814 1131071112 1131073932
7653 1131073932 1131075100
814 1131075100 1131076258
7653 1131076818 1131076818
806 1131077400 1131077400
814 1131077414 1131078534
7653 1131079099 1131081392
814 1131079113 1131084230
814 1131085370 1131085938
7653 1131086515 1131086515
7653 1131087650 1131087650
7653 1131089426 1131089426
574 1131089980 1131089994
814 1131086515 1131092910
10511 1131093476 1131093476
9413 1131095777 1131095777
7 1131095777 1131095777
28 1131095229 1131095782
5215 1131095777 1131095782
16 1131095782 1131095782
27 1131095777 1131096389
36 1131095782 1131096389
5 1131096394 1131096394
32 1131095777 1131096982
3 1131096384 1131096982
28 1131096394 1131097545
34 1131095777 1131097551
36 1131097541 1131097551
9413 1131097545 1131097551
25 1131095777 1131098666
7653 1131096384 1131099248
28 1131098666 1131099248
3 1131099244 1131099248
9413 1131099818 1131099818
5 1131099818 1131099818
21 1131096384 1131100414
7 1131098097 1131100414
11 1131100414 1131100414
36 1131099815 1131100418
3 1131100418 1131101518
16 1131101518 1131101518
29 1131101518 1131101518
7 1131101518 1131101518
21 1131101522 1131101522
9413 1131100973 1131101527
5 1131102128 1131102128
34 1131099248 1131102131
29 1131102131 1131102131
28 1131100418 1131102134
36 1131101522 1131102134
7 1131102131 1131102134
32 1131097551 1131102711
25 1131099815 1131102711
21 1131102131 1131102711
3 1131102711 1131102711
11 1131102711 1131102711
5 1131102711 1131102711
27 1131097541 1131103268
29 1131103818 1131103818
1767 1131103818 1131103818
5539 1131104973 1131104973
7653 1131100414 1131106136
815 1131109638 1131111429
8186 1131112640 1131112640
10688 1131112640 1131112640
7653 1131120548 1131120555
8187 1131037569 1131124655
4916 1131125226 1131125233
7653 1131125226 1131125813
815 1131119434 1131126405
815 1131127554 1131127561
815 1131128749 1131129351
815 1131130529 1131135711
815 1131137488 1131138066
7653 1131138626 1131138626
814 1131106129 1131139785
815 1131139223 1131140372
7653 1131140372 1131140372
814 1131140968 1131143277
7653 1131141529 1131143850
814 1131143864 1131143864
3187 1131143864 1131143864
815 1131141529 1131144460
7653 1131144453 1131144467
7653 1131146766 1131146766
7653 1131149064 1131149064
7653 1131149656 1131150232
7653 1131153749 1131155518
7653 1131156681 1131160765
7653 1131161927 1131163078
7653 1131164843 1131166002
7653 1131167766 1131167766
7653 1131168351 1131171722
7653 1131174024 1131174024
814 1131175206 1131175206
814 1131175786 1131176385
7653 1131175786 1131178144
814 1131178144 1131181670
7653 1131180488 1131181684
7653 1131183381 1131183984
814 1131183381 1131186283
814 1131188619 1131190408
814 1131191022 1131192169
814 1131193915 1131195615
814 1131197375 1131197375
814 1131198018 1131198569
814 1131200282 1131202051
7653 1131205531 1131205531
815 1131183388 1131208449
8187 1131141529 1131209033
814 1131205531 1131209033
814 1131210831 1131211418
814 1131214270 1131214270
814 1131216014 1131217212
815 1131210229 1131218348
814 1131218943 1131218943
554 1131217212 1131218950
554 1131221794 1131221794
554 1131221815 1131222411
814 1131220141 1131223012
815 1131219547 1131223616
554 1131223616 1131223616
554 1131224222 1131224222
815 1131224805 1131224805
814 1131223623 1131228192
815 1131225935 1131230016
554 1131225935 1131231181
814 1131231181 1131232344
554 1131232344 1131232344
815 1131233507 1131233507
554 1131232928 1131234057
814 1131232928 1131235834
814 1131235855 1131236459
814 1131236480 1131236487
7653 1131266831 1131266831
554 1131269215 1131272120
7653 1131276633 1131280664
815 1131272711 1131282363
10663 1131284719 1131284719
11170 1131285309 1131285309
7653 1131281807 1131286399
554 1131284719 1131286399
815 1131283523 1131286974
816 1131287528 1131287528
815 1131288077 1131288077
815 1131289231 1131289231
814 1131237676 1131294935
814 1131294956 1131301895
814 1131303039 1131304166
814 1131308711 1131312721
815 1131312178 1131312721
8187 1131210229 1131322154
815 1131340119 1131340724
6313 1131341317 1131341317
5022 1131341317 1131341317
7 1131343610 1131344193
36 1131343617 1131344775
34 1131344775 1131344775
9794 1131344775 1131344775
29 1131345346 1131345346
3 1131345346 1131345346
28 1131343610 1131345351
16 1131345351 1131345351
6189 1131345346 1131345936
12 1131345351 1131345936
11 1131344193 1131345939
34 1131345939 1131345939
28 1131346503 1131346503
16 1131346503 1131346503
25 1131344775 1131347063
12 1131347063 1131347063
29 1131345939 1131347067
34 1131347067 1131347067
8187 1131323309 1131347072
9794 1131345936 1131347072
3 1131347067 1131347072
6189 1131347661 1131347661
12 1131347667 1131347667
16 1131347072 1131347681
32 1131344775 1131348277
25 1131347661 1131348865
16 1131349441 1131349441
3 1131348865 1131350014
34 1131348865 1131350014
36 1131347072 1131350604
25 1131350014 1131351191
12 1131351755 1131351755
7 1131345351 1131352344
9794 1131348277 1131353459
25 1131352344 1131353459
3 1131351760 1131354630
12 1131354630 1131354630
36 1131351760 1131355220
11 1131355220 1131355220
7 1131354020 1131355764
28 1131347072 1131355768
34 1131352912 1131355772
7 1131356374 1131356374
36 1131356377 1131356377
11 1131356377 1131356377
21 1131344193 1131356382
25 1131354630 1131356392
29 1131355764 1131356392
32 1131349441 1131356947
12 1131356374 1131356947
7 1131356947 1131356947
3 1131355772 1131356958
11 1131356947 1131356958
25 1131356958 1131356963
7 1131356963 1131356963
12 1131356963 1131356963
9794 1131355220 1131357504
28 1131356382 1131357504
34 1131356387 1131357504
36 1131356947 1131357504
21 1131356952 1131357504
29 1131356963 1131357504
9374 1131358677 1131358677
7569 1131358677 1131359255
9923 1131358095 1131359276
3010 1131359883 1131360489
3 1131360496 1131360496
34 1131359883 1131361069
7 1131361069 1131361069
34 1131362796 1131362796
23 1131362796 1131362796
6189 1131362796 1131362803
12 1131362803 1131362803
13 1131362803 1131362803
2391 1131367384 1131370330
10653 1131372108 1131372108
2643 1131372665 1131372665
814 1131372665 1131373234
815 1131372665 1131375552
814 1131381885 1131383087
815 1131378450 1131383667
815 1131384285 1131386559
814 1131384278 1131387765
815 1131387765 1131387765
815 1131388874 1131390645
815 1131391776 1131391776
815 1131392895 1131392895
814 1131388874 1131395205
815 1131394623 1131396404
814 1131398133 1131401605
11172 1131428296 1131428296
815 1131427721 1131428886
8187 1131347674 1131429494
814 1131427721 1131429494
54 1131431265 1131431265
3010 1131432458 1131432465
30 1131432465 1131432465
9794 1131433614 1131433614
34 1131432465 1131434164
36 1131432458 1131435352
3 1131433607 1131435352
9794 1131434747 1131435352
20 1131435936 1131435936
3 1131436536 1131436536
9794 1131436536 1131436543
25 1131436543 1131436549
20 1131436549 1131436549
21 1131432458 1131437136
36 1131436536 1131437136
33 1131436543 1131437141
3 1131437141 1131437141
32 1131433607 1131438299
5215 1131437136 1131438299
21 1131437741 1131438859
36 1131437741 1131439445
33 1131438299 1131439451
3 1131438299 1131440009
25 1131438859 1131442344
3 1131441144 1131442344
28 1131430658 1131442350
27 1131433607 1131442350
34 1131435936 1131442350
9794 1131437141 1131442350
32 1131439445 1131442350
21 1131439451 1131442350
9923 1131442930 1131443547
3322 1131443526 1131443547
32 1131444116 1131444116
28 1131444116 1131444709
36 1131445270 1131445270
10888 1131445270 1131445277
19 1131444116 1131445835
25 1131444709 1131446409
19 1131446409 1131446416
36 1131445842 1131446962
30 1131444116 1131447557
25 1131448119 1131448133
27 1131444709 1131449264
34 1131444116 1131449271
36 1131448133 1131449271
21 1131444709 1131449278
25 1131449271 1131449285
27 1131449285 1131449861
36 1131449847 1131450447
34 1131449847 1131450447
32 1131450447 1131450447
5215 1131450454 1131450454
25 1131450447 1131451035
5215 1131451579 1131451579
34 1131451021 1131452163
25 1131452163 1131452163
36 1131451028 1131452170
5215 1131453892 1131453892
27 1131451021 1131454491
25 1131452770 1131455052
36 1131454484 1131455634
27 1131455634 1131456229
34 1131452770 1131456809
25 1131456229 1131456809
36 1131456809 1131456809
21 1131449854 1131456816
5215 1131457397 1131457397
32 1131457397 1131457397
9923 1131457990 1131457990
27 1131457990 1131457990
814 1131459660 1131460827
815 1131460224 1131463223
815 1131473055 1131473639
815 1131478257 1131481743
815 1131482934 1131482934
117 1131483494 1131483494
814 1131461440 1131484037
8187 1131459660 1131489318
