26 1130497741 1130497741
20 1130497741 1130497741
23 1130497741 1130497741
35 1130497741 1130497741
4 1130497744 1130497744
1 1130497744 1130497744
32 1130497744 1130497744
19 1130497741 1130497749
1131 1130497749 1130497749
20 1130498334 1130498334
35 1130498334 1130498334
7020 1130497741 1130498923
6 1130497749 1130498923
26 1130498923 1130498923
1 1130498923 1130498923
14 1130498923 1130498923
18 1130498923 1130498923
4 1130498923 1130498923
5 1130497744 1130499505
29 1130499505 1130499505
3010 1130497741 1130500048
15 1130497741 1130500048
33 1130497744 1130500048
10 1130497744 1130500048
23 1130498334 1130500048
19 1130499505 1130500048
35 1130500048 1130500048
1131 1130500048 1130500601
14 1130500601 1130500601
18 1130500601 1130500601
4 1130500601 1130500601
25 1130500601 1130500601
7020 1130500601 1130500601
20 1130500601 1130500601
26 1130500601 1130501162
3511 1130515072 1130515072
4371 1130515632 1130515632
2955 1130515632 1130515632
7309 1130515632 1130515632
6754 1130515632 1130515632
7162 1130515632 1130515632
42 1130515632 1130515632
5700 1130515632 1130515632
1131 1130527940 1130528531
5214 1130528531 1130528531
7687 1130527940 1130533110
10712 1130529073 1130533110
8522 1130532531 1130533110
9780 1130533704 1130533704
35 1130527940 1130534263
26 1130527940 1130535379
26 1130541838 1130542961
35 1130542961 1130542961
35 1130549404 1130549411
26 1130560460 1130560460
26 1130570241 1130570241
26 1130582305 1130582872
26 1130584600 1130584600
26 1130585792 1130585792
26 1130587558 1130587565
26 1130609559 1130610161
26 1130610752 1130611921
26 1130617194 1130629548
26 1130636518 1130637637
26 1130645826 1130645826
26 1130646959 1130646959
26 1130672484 1130672484
26 1130673649 1130673649
26 1130677637 1130677637
26 1130678800 1130678814
2183 1130685864 1130685864
26 1130786016 1130787182
26 1130790013 1130790560
26 1130792846 1130792846
26 1130795190 1130796284
26 1130797495 1130797502
26 1130799864 1130801559
26 1130802150 1130803345
26 1130804508 1130804508
26 1130807397 1130807397
26 1130811478 1130812064
26 1130813253 1130813253
26 1130814410 1130814972
26 1130815543 1130816682
26 1130817862 1130817862
26 1130819567 1130820162
26 1130821310 1130822473
26 1130824284 1130825467
26 1130827224 1130829026
26 1130830215 1130832484
26 1130833619 1130834217
26 1130834818 1130835952
26 1130836581 1130836581
26 1130837696 1130837696
26 1130839427 1130839427
26 1130867304 1130867903
4771 1130869052 1130869052
26 1130869052 1130871977
3610 1130922942 1130922942
1259 1131016231 1131016231
7867 1131091369 1131091369
39 1131109297 1131109304
3571 1131109864 1131109871
1911 1131109864 1131109871
8978 1131109864 1131109871
7385 1131109871 1131109871
8235 1131109871 1131109871
6375 1131110423 1131110423
2179 1131110423 1131110430
2089 1131110423 1131110430
9293 1131110423 1131110430
2136 1131110430 1131110437
8704 1131110437 1131110444
3102 1131110444 1131110444
7088 1131110423 1131110451
10004 1131110437 1131110451
2352 1131110444 1131110451
3713 1131110451 1131110451
7890 1131111059 1131111059
3302 1131111059 1131111066
1866 1131111059 1131111066
3785 1131111066 1131111066
7280 1131111080 1131111080
4495 1131111066 1131111087
1792 1131111066 1131111087
9133 1131111059 1131111094
8226 1131111658 1131111658
7867 1131112247 1131112247
6313 1131112813 1131112820
5700 1131112813 1131112820
6315 1131112813 1131112820
7162 1131112813 1131112820
9362 1131112813 1131112820
7277 1131112820 1131112820
5718 1131112820 1131112820
9288 1131113428 1131113428
1862 1131113428 1131113428
4337 1131124928 1131124928
2191 1131124928 1131124935
4454 1131124935 1131124935
4935 1131129580 1131129580
9251 1131128988 1131130170
5215 1131128988 1131130170
6338 1131130722 1131130722
8993 1131130722 1131130729
3564 1131130722 1131130729
9877 1131130722 1131130736
8772 1131130729 1131130736
6523 1131130736 1131130736
3294 1131130736 1131130736
7736 1131131310 1131131310
8152 1131131310 1131131310
2755 1131131317 1131131317
9098 1131132519 1131132526
2755 1131133704 1131133704
4067 1131133134 1131133711
401 1131134287 1131134287
7736 1131133697 1131134890
6338 1131134890 1131134890
9098 1131134890 1131134890
4186 1131134890 1131134890
5772 1131132519 1131136579
3294 1131135442 1131136579
2755 1131136579 1131136579
7736 1131136579 1131136579
9269 1131131310 1131138296
7603 1131138886 1131138886
4186 1131138886 1131138886
7736 1131138886 1131138886
9098 1131138886 1131138886
9151 1131138886 1131138886
5772 1131138886 1131138886
1798 1131139490 1131139490
1992 1131139490 1131139490
2927 1131142960 1131142960
5212 1131172634 1131172634
8232 1131222722 1131222722
37 1131223316 1131223316
7637 1131223858 1131223858
5704 1131226166 1131226180
4398 1131226194 1131226194
8076 1131270013 1131270013
2038 1131272390 1131272390
3315 1131272390 1131272390
6666 1131272390 1131272390
788 1131272390 1131272390
7331 1131272966 1131272966
2438 1131272966 1131272966
5633 1131307341 1131307341
5286 1131360156 1131360156
26 1131377616 1131378174
26 1131379969 1131379969
26 1131381657 1131381664
26 1131383391 1131383391
26 1131389215 1131406049
26 1131407758 1131412431
26 1131417080 1131417080
26 1131418211 1131418211
26 1131420549 1131420549
26 1131423450 1131423450
26 1131424568 1131424568
6954 1131425149 1131425149
