6 1130498281 1130498281
17 1130498281 1130498281
3 1130498281 1130498285
12 1130498285 1130498285
7020 1130498285 1130498285
16 1130498285 1130498285
7 1130498281 1130498876
17 1130498876 1130498876
22 1130498876 1130498876
6 1130498876 1130498876
34 1130498291 1130499465
12 1130499465 1130500047
5878 1130498291 1130500590
13 1130500590 1130500590
7 1130500590 1130501143
34 1130501143 1130501143
3 1130499465 1130502257
29 1130501704 1130502257
28 1130498281 1130502262
5878 1130502257 1130502262
11 1130502257 1130502813
2 1130502813 1130502813
9794 1130498281 1130503373
16 1130499465 1130503373
12 1130503370 1130503373
28 1130503373 1130503373
22 1130503373 1130503373
36 1130498281 1130503947
32 1130498291 1130503947
34 1130502262 1130503947
7 1130503370 1130503947
3 1130503947 1130503947
11 1130503947 1130503947
3322 1130505659 1130505659
21 1130499465 1130509785
3675 1130510341 1130510341
3767 1130527257 1130527257
4771 1130527862 1130528476
5261 1130529616 1130529616
4771 1130530208 1130530794
3767 1130528476 1130531367
5261 1130530801 1130531367
4771 1130531935 1130531935
7825 1130533053 1130533067
2103 1130533067 1130533067
102 1130535364 1130535364
8876 1130534240 1130536491
4771 1130536498 1130536498
3767 1130533053 1130536505
3748 1130536505 1130536505
5261 1130533053 1130537667
8876 1130537660 1130538253
5261 1130538253 1130538253
3767 1130537667 1130538260
5221 1130537674 1130538260
2103 1130538246 1130538260
4807 1130538246 1130538260
6382 1130538246 1130538260
5589 1130705050 1130705625
3911 1130705050 1130706231
7752 1130706231 1130706231
6921 1130705057 1130706878
22 1130756446 1130756446
16 1130756446 1130756458
21 1130756452 1130756458
7 1130756446 1130757070
5878 1130756446 1130757075
18 1130757064 1130757075
16 1130757075 1130757075
36 1130756446 1130757619
34 1130757060 1130757619
32 1130756452 1130757625
22 1130757060 1130757625
22 1130758240 1130758240
7 1130757625 1130758844
18 1130758844 1130758844
21 1130757619 1130758848
34 1130758848 1130758848
28 1130756446 1130758854
36 1130757638 1130758854
16 1130757638 1130758854
32 1130758848 1130758854
22 1130758854 1130758854
33 1130759441 1130759441
5878 1130757631 1130759448
6 1130759441 1130759448
20 1130759441 1130759448
2 1130759448 1130759448
19 1130759448 1130759448
11293 1130760585 1130760585
11237 1130760585 1130760585
22 1130760031 1130761189
29 1130760031 1130761189
18 1130761189 1130761189
16 1130761189 1130761189
9794 1130756446 1130762343
3 1130756446 1130762343
28 1130760031 1130762343
21 1130760031 1130762343
11 1130760031 1130762343
36 1130761189 1130762343
34 1130761793 1130762343
32 1130760031 1130762936
7 1130760585 1130762936
21 1130783581 1130783581
7020 1130837667 1130837667
27 1130838218 1130838218
36 1130837667 1130838768
9794 1130837117 1130838779
3 1130837667 1130838779
16 1130838768 1130839365
7 1130837667 1130839937
9794 1130839944 1130839944
34 1130837117 1130839950
36 1130839944 1130840517
7 1130839956 1130841107
34 1130841107 1130841107
7020 1130840517 1130841715
32 1130838218 1130841721
16 1130841711 1130841728
32 1130842295 1130842299
3 1130839950 1130842305
28 1130838774 1130842854
16 1130842299 1130842857
7020 1130842854 1130842857
32 1130842857 1130842857
21 1130837667 1130842862
36 1130841728 1130843456
32 1130843456 1130843456
7 1130841721 1130843459
7020 1130843459 1130843459
9794 1130841711 1130844017
22 1130837667 1130844620
3 1130843453 1130844620
34 1130841728 1130845165
21 1130843459 1130845172
27 1130838774 1130845178
9794 1130845172 1130845178
7 1130845756 1130845756
16 1130843453 1130846340
5878 1130837667 1130846896
36 1130844620 1130846896
22 1130845178 1130846896
32 1130844620 1130847475
27 1130846340 1130847475
34 1130845749 1130848075
16 1130848075 1130848075
28 1130842866 1130849242
28 1130851013 1130851013
5878 1130851013 1130851013
22 1130851013 1130851013
34 1130851013 1130851018
13 1130851018 1130851018
16 1130851013 1130851024
15 1130851018 1130851024
21 1130845756 1130851031
6189 1130851018 1130851031
27 1130851018 1130851031
11363 1130851627 1130851627
11397 1130851627 1130851627
5878 1130851031 1130852181
36 1130852181 1130852181
21 1130852187 1130852187
22 1130851031 1130852743
1767 1130852187 1130852743
34 1130851627 1130853332
27 1130852187 1130853332
5878 1130853332 1130853332
16 1130852181 1130853893
28 1130852743 1130853899
21 1130853893 1130853899
36 1130853899 1130854444
5878 1130854440 1130854444
27 1130854440 1130854448
32 1130851013 1130854453
13 1130852181 1130854453
21 1130854448 1130854453
8 1130851013 1130855041
6189 1130852743 1130855041
22 1130853899 1130855607
5878 1130855041 1130855607
28 1130854448 1130856167
27 1130855607 1130856764
36 1130856167 1130856764
16 1130854444 1130857895
21 1130856167 1130858484
1 1130858484 1130858484
34 1130854440 1130859058
8 1130857309 1130859063
27 1130858484 1130859063
16 1130859058 1130859067
5878 1130857895 1130859608
6189 1130856759 1130860211
16 1130860211 1130860211
22 1130857309 1130860798
36 1130858484 1130860798
27 1130860211 1130860798
3809 1130859058 1130861371
5215 1130851013 1130861384
34 1130860207 1130861384
5878 1130861384 1130861384
32 1130856167 1130861968
16 1130861371 1130861968
22 1130861378 1130861968
27 1130861378 1130861968
3809 1130861968 1130861968
21 1130859608 1130862559
553 1130863137 1130863137
5530 1130863137 1130863137
303 1130864281 1130864281
2417 1130864281 1130864866
1528 1130864866 1130864866
10296 1130864866 1130864866
7621 1130864866 1130864866
1062 1130865443 1130865443
9561 1130925714 1130925721
36 1130926270 1130926270
18 1130926845 1130926845
3 1130926270 1130927405
16 1130926270 1130927410
21 1130926274 1130929113
34 1130926270 1130929118
5878 1130926274 1130929118
36 1130927398 1130929118
16 1130929118 1130929118
18 1130929118 1130929118
7 1130926270 1130929704
3 1130928526 1130929704
33 1130929113 1130929704
11 1130929700 1130929710
18 1130929710 1130929710
16 1130929710 1130930312
27 1130926270 1130930910
11 1130930913 1130930913
22 1130926270 1130931487
6189 1130931487 1130931491
13 1130931491 1130931491
33 1130931491 1130931491
32 1130926274 1130932067
11 1130932063 1130932067
21 1130929704 1130932073
33 1130932073 1130932073
22 1130932073 1130932073
18 1130932073 1130932073
34 1130929710 1130932650
36 1130929710 1130932650
5878 1130930312 1130932650
27 1130931491 1130932650
16 1130932073 1130932650
9794 1130926270 1130933260
3 1130930910 1130933260
7 1130931487 1130933260
5215 1130933253 1130933260
13 1130933260 1130933260
54 1130933260 1130933260
32 1130933260 1130933260
1495 1130933253 1130934418
21 1130933859 1130934418
82 1130933859 1130934418
11156 1130935023 1130937924
961 1130935580 1130937924
16 1130938494 1130938494
54 1130938494 1130938494
824 1130938494 1130938494
21 1130938494 1130938494
8917 1130939085 1130939092
6908 1130939092 1130939092
10024 1130939099 1130939099
5878 1131004525 1131004525
2093 1131004525 1131004528
12 1131004528 1131005103
34 1131004525 1131005108
22 1131005108 1131005108
16 1131005108 1131005108
32 1131004525 1131005114
28 1131005115 1131005115
27 1131004525 1131005672
34 1131005672 1131005672
16 1131005672 1131005677
8187 1131005108 1131006245
12 1131005677 1131006245
11 1131004525 1131006832
29 1131005103 1131006832
5878 1131005108 1131006832
32 1131005677 1131007421
22 1131005677 1131007421
27 1131006832 1131007421
7 1131004525 1131007427
28 1131007427 1131007448
11421 1131008015 1131008015
11311 1131008015 1131008015
34 1131006832 1131008580
22 1131007441 1131008580
9794 1131008580 1131008580
3 1131008584 1131008584
1131 1131008584 1131008584
10934 1131008584 1131008584
36 1131005108 1131009178
12 1131007455 1131009178
5878 1131008580 1131009178
9794 1131009178 1131009178
1131 1131009720 1131009720
21 1131004525 1131009725
32 1131007441 1131009725
7 1131007455 1131009725
3 1131009722 1131009725
16 1131007421 1131010306
27 1131007441 1131010306
22 1131009178 1131010306
9794 1131009727 1131010306
36 1131009727 1131010306
1131 1131010306 1131010306
8187 1131008015 1131010309
28 1131009178 1131010309
34 1131009178 1131010309
5878 1131009725 1131010309
32 1131010309 1131010309
21 1131010309 1131010309
7 1131010309 1131010309
3 1131010309 1131010309
15 1131010852 1131010852
10888 1131010852 1131010852
23 1131010852 1131010852
4 1131010852 1131010852
19 1131010852 1131010852
14 1131010852 1131010852
6435 1131013173 1131013187
334 1131013743 1131013750
8862 1131033569 1131033576
9530 1131033576 1131033576
18 1131093512 1131093512
33 1131093519 1131093519
20 1131093524 1131093524
10 1131093512 1131094117
20 1131094724 1131094729
32 1131093512 1131095286
21 1131093512 1131095286
7 1131093519 1131095286
18 1131095847 1131095847
28 1131095847 1131095847
36 1131093512 1131095850
16 1131093512 1131095850
27 1131093519 1131095850
22 1131095847 1131095850
5215 1131095850 1131095855
9413 1131095847 1131096415
21 1131095855 1131096415
32 1131095855 1131096415
10 1131095855 1131096415
33 1131096415 1131096415
5 1131095847 1131096420
36 1131096420 1131096420
7 1131095855 1131096425
3 1131096415 1131096425
21 1131096991 1131096991
28 1131096420 1131097583
22 1131096425 1131097583
32 1131096991 1131097585
9413 1131097583 1131097585
3 1131097585 1131097585
10 1131097585 1131097585
5 1131098171 1131098171
18 1131098171 1131098171
16 1131096420 1131098739
36 1131097585 1131098739
34 1131093512 1131099287
27 1131096991 1131099287
33 1131099291 1131099291
36 1131099893 1131099893
28 1131099901 1131099901
34 1131099901 1131099901
16 1131099901 1131099901
7 1131097585 1131101051
21 1131098739 1131101051
32 1131099287 1131101051
22 1131098739 1131101055
27 1131099901 1131101055
16 1131101055 1131101055
28 1131101055 1131101055
9413 1131101048 1131101601
8187 1131095855 1131102170
11 1131099897 1131102170
29 1131099893 1131102748
3 1131099901 1131102748
22 1131102748 1131102748
7653 1131096425 1131102752
36 1131101048 1131102752
32 1131102170 1131102752
34 1131102748 1131102752
27 1131102748 1131102752
16 1131102748 1131102752
7 1131102752 1131102752
2924 1131103922 1131103929
21 1131102170 1131104484
1495 1131103922 1131104484
2424 1131105029 1131105029
805 1131105658 1131108497
23 1131109077 1131109077
16 1131109077 1131109653
28 1131109091 1131109653
3 1131109091 1131109659
3 1131110771 1131110771
17 1131109646 1131110785
3 1131110792 1131110792
4087 1131109084 1131110799
36 1131109084 1131111407
7 1131109077 1131111428
28 1131110219 1131111442
3 1131111421 1131111442
34 1131109077 1131111999
3 1131113168 1131113168
28 1131112595 1131114952
34 1131113161 1131114952
4 1131111999 1131115570
36 1131111428 1131116163
7 1131111999 1131116163
2424 1131109077 1131116711
32 1131112595 1131116711
21 1131111999 1131117318
5754 1131126443 1131126443
1825 1131126443 1131126450
9012 1131126443 1131126450
4388 1131126443 1131126450
1678 1131195692 1131195692
1287 1131195699 1131195699
10486 1131195706 1131195706
6122 1131196261 1131196261
9808 1131197438 1131197438
5804 1131197438 1131197445
5693 1131197438 1131197445
38 1131197438 1131197445
5544 1131197445 1131197445
6431 1131197997 1131197997
4863 1131197997 1131197997
9127 1131197997 1131197997
5132 1131197997 1131197997
3653 1131197997 1131197997
1085 1131197997 1131197997
8366 1131197997 1131197997
10619 1131197997 1131197997
5306 1131198550 1131198550
2093 1131198550 1131198550
354 1131198550 1131198550
8473 1131198550 1131198550
8187 1131344247 1131344247
12 1131344247 1131344840
7 1131344840 1131344840
22 1131344840 1131344840
28 1131344247 1131345398
34 1131344247 1131345995
11 1131344247 1131345995
3 1131345398 1131345995
6 1131345995 1131345995
8187 1131345995 1131345998
16 1131344247 1131346003
11 1131346005 1131346005
6189 1131345995 1131346009
28 1131346003 1131346009
22 1131346003 1131346012
6 1131346012 1131346012
21 1131344247 1131346017
29 1131345398 1131346558
12 1131345998 1131346558
34 1131346005 1131346558
13 1131346558 1131346558
16 1131346012 1131346562
28 1131346562 1131346566
32 1131344840 1131347107
6189 1131346562 1131347107
22 1131346562 1131347107
3 1131346005 1131347111
11 1131346558 1131347116
34 1131347107 1131347116
28 1131347116 1131347116
8187 1131347111 1131347685
16 1131347116 1131347685
22 1131347685 1131347685
7 1131346009 1131348267
6189 1131348267 1131348267
12 1131347685 1131348838
21 1131347107 1131348841
16 1131348841 1131349426
8187 1131349426 1131349426
36 1131344247 1131349997
34 1131348838 1131350563
9794 1131344840 1131350568
3 1131348838 1131350568
8187 1131350563 1131350568
16 1131350563 1131350568
22 1131348841 1131351157
17 1131351169 1131351169
32 1131347685 1131351174
6189 1131350557 1131351174
13 1131351157 1131351174
22 1131351174 1131351770
6 1131351770 1131351770
8187 1131351770 1131351770
10924 1131352363 1131352363
11253 1131352363 1131352363
11278 1131352363 1131352363
34 1131352358 1131352934
3 1131351770 1131354097
6189 1131352934 1131354097
6 1131354097 1131354097
12 1131350568 1131354684
13 1131354684 1131354684
21 1131349997 1131355248
22 1131353507 1131355252
28 1131348841 1131355836
32 1131354684 1131355836
34 1131355248 1131355836
6 1131355836 1131356404
12 1131356404 1131356404
7587 1131356404 1131356404
7 1131350557 1131356951
8187 1131356404 1131356951
11 1131356951 1131356951
22 1131356951 1131356951
36 1131351157 1131357512
9794 1131351770 1131357512
3 1131355252 1131357512
29 1131356404 1131357512
6189 1131357512 1131357512
34 1131357512 1131357512
32 1131357512 1131357512
23 1131358117 1131358117
21 1131356404 1131358124
13 1131357512 1131358124
5 1131358124 1131359265
23 1131359874 1131359874
5 1131359881 1131359881
3 1131358714 1131359895
3010 1131358714 1131359902
9794 1131358714 1131359902
34 1131359265 1131359902
7 1131359874 1131359902
23 1131359895 1131359902
5 1131359902 1131359902
22 1131359902 1131359902
9954 1131392382 1131392389
22 1131436521 1131437122
33 1131436521 1131437126
34 1131437122 1131437126
28 1131436521 1131437678
5215 1131437671 1131437678
33 1131438254 1131438254
34 1131438254 1131438865
33 1131439449 1131439449
36 1131437122 1131439455
21 1131436521 1131440062
3010 1131440649 1131440649
3 1131436521 1131441811
22 1131438260 1131441811
9794 1131436521 1131442371
32 1131436521 1131442371
33 1131442371 1131442371
7812 1131442952 1131442966
19 1131442959 1131442966
34 1131440048 1131443524
4087 1131444079 1131444079
28 1131438865 1131444086
1099 1131442959 1131444086
19 1131444661 1131444661
30 1131444661 1131445266
30 1131445870 1131445870
19 1131445863 1131446457
32 1131444661 1131447053
30 1131447067 1131447636
27 1131437122 1131448790
21 1131441248 1131451077
32 1131448229 1131451077
21 1131452224 1131452784
32 1131451653 1131454537
36 1131445266 1131454551
22 1131445273 1131454551
10888 1131455102 1131455102
27 1131449355 1131455679
5215 1131444661 1131456860
34 1131444661 1131456860
32 1131455095 1131456860
22 1131455679 1131456860
36 1131455679 1131456860
27 1131456286 1131456860
