4 1130493879 1130493879
20 1130493879 1130493879
1131 1130493879 1130493879
7020 1130493881 1130493881
19 1130493881 1130493881
17 1130493879 1130493884
18 1130493879 1130493884
13 1130493879 1130493884
7 1130493879 1130493884
15 1130493884 1130494469
33 1130493884 1130494469
23 1130494469 1130494469
30 1130494469 1130494469
5 1130493881 1130495058
6 1130494469 1130495058
1 1130495058 1130495640
10 1130495058 1130495640
7 1130495640 1130495640
9 1130494469 1130496183
19 1130495058 1130496736
13 1130495640 1130496736
3010 1130493881 1130497297
35 1130494469 1130497297
4 1130495640 1130497297
33 1130496183 1130497297
15 1130496183 1130497297
23 1130496736 1130497297
6 1130497297 1130497297
30 1130497297 1130497297
24 1130497898 1130497898
1131 1130497898 1130497902
7020 1130497898 1130497902
14 1130497902 1130497902
34 1130497902 1130497902
23 1130497902 1130497904
33 1130497902 1130497904
35 1130497898 1130498489
3010 1130497898 1130498489
20 1130497898 1130498489
4 1130497902 1130498489
5 1130497904 1130498489
19 1130498489 1130499078
2 1130497898 1130499660
18 1130498489 1130499660
1 1130498489 1130499660
1131 1130499660 1130499660
33 1130499660 1130499660
23 1130499660 1130499660
6 1130497898 1130500203
7020 1130499078 1130500203
14 1130499078 1130500203
15 1130499660 1130500203
10 1130500203 1130500203
4 1130500203 1130500203
24 1130499078 1130500756
3010 1130500203 1130500756
9794 1130500756 1130500756
10888 1130500756 1130500756
19 1130500756 1130500756
5215 1130500756 1130500756
3 1130500756 1130500756
31 1130500756 1130500756
5261 1130501317 1130502428
9675 1130502428 1130502428
39 1130526320 1130526320
35 1130526876 1130526876
1131 1130526876 1130526876
5270 1130528095 1130528095
2971 1130528095 1130528095
1131 1130527495 1130528686
35 1130528095 1130529235
10712 1130528686 1130532686
8522 1130532672 1130532686
7687 1130527481 1130533265
24 1130527488 1130533859
35 1130530420 1130536096
35 1130536124 1130539065
24 1130539065 1130539065
24 1130541972 1130541972
35 1130540224 1130548376
24 1130549552 1130549566
24 1130555295 1130555295
24 1130556453 1130556453
24 1130577898 1130577898
24 1130580211 1130581325
24 1130584171 1130585940
24 1130588297 1130588297
457 1130588297 1130588297
24 1130594560 1130594560
6049 1130597982 1130597982
24 1130609728 1130610316
24 1130610921 1130610921
24 1130613815 1130613822
24 1130615561 1130615561
24 1130616753 1130625053
24 1130626252 1130629128
24 1130644836 1130644836
24 1130647711 1130647711
2213 1130670315 1130670315
24 1130682506 1130682506
11099 1130687165 1130687165
53 1130711161 1130711161
30 1130714058 1130715236
3000 1130711740 1130715800
30 1130716374 1130718096
3000 1130717507 1130718103
7825 1130764286 1130764286
4807 1130764286 1130764286
9620 1130784980 1130784980
24 1130786171 1130787344
24 1130789034 1130789034
24 1130790168 1130790168
24 1130791294 1130791294
24 1130793001 1130793001
24 1130794771 1130796439
24 1130797650 1130797650
24 1130800019 1130801146
24 1130801714 1130801721
24 1130802896 1130803500
24 1130804663 1130804663
24 1130806972 1130806972
24 1130808732 1130808732
24 1130811633 1130813401
24 1130813982 1130814565
24 1130816258 1130816258
24 1130818575 1130818575
24 1130819155 1130819155
24 1130820919 1130820919
24 1130825622 1130826799
24 1130828574 1130828574
24 1130829788 1130829788
24 1130832639 1130834358
24 1130834973 1130836100
24 1130836722 1130836722
24 1130836743 1130836743
24 1130837851 1130838410
10888 1130840747 1130840747
13 1130841351 1130841351
19 1130841351 1130841355
1 1130841355 1130841355
3010 1130841351 1130841361
1767 1130840747 1130841365
19 1130841365 1130841365
9 1130841357 1130841928
2 1130841928 1130841928
4 1130841928 1130841932
1 1130841932 1130841932
6 1130841357 1130841935
14 1130841357 1130841935
20 1130841932 1130841935
3010 1130841935 1130841935
13 1130841365 1130842484
6 1130842494 1130842494
7020 1130841351 1130842498
1767 1130841935 1130842498
9 1130842484 1130842498
19 1130842484 1130842498
4 1130842487 1130843085
13 1130843085 1130843085
1 1130842494 1130843089
2 1130843089 1130843089
10091 1130841351 1130843094
14 1130842494 1130843094
19 1130843094 1130843094
1767 1130843094 1130843094
15 1130841351 1130843652
6189 1130841351 1130843652
20 1130843085 1130843652
9 1130843094 1130843652
13 1130843652 1130843652
7020 1130843652 1130843652
3010 1130842494 1130844255
6 1130843652 1130844814
2 1130844800 1130844814
578 1130845385 1130847711
2211 1130866832 1130866832
24 1130867426 1130869174
24 1130870268 1130871484
24 1130872106 1130872106
3584 1130873872 1130873872
397 1130875596 1130876767
8551 1130877366 1130877971
3584 1130880784 1130881993
5630 1130882588 1130882588
6855 1130934710 1130934710
4 1130934710 1130934710
1 1130934710 1130935267
5165 1130935267 1130935267
3592 1130934710 1130935830
1889 1130935267 1130935830
7002 1130935830 1130935830
4670 1130937008 1130937008
7732 1130937008 1130937008
7178 1130937008 1130937008
9935 1130937008 1130937008
452 1130956532 1130956532
3811 1131005372 1131005379
5551 1131018635 1131018642
578 1131019213 1131029166
1861 1131037927 1131037927
9435 1131037927 1131037927
124 1131040268 1131040268
5915 1131040268 1131040268
11141 1131046648 1131046648
1680 1131108270 1131108270
7467 1131119392 1131119392
488 1131119392 1131119392
447 1131119939 1131119939
733 1131119939 1131119939
9946 1131119939 1131119939
9050 1131119939 1131120497
6526 1131120497 1131120497
9030 1131120497 1131120497
968 1131121044 1131121044
8709 1131121595 1131121595
1935 1131121595 1131121595
6989 1131122724 1131124459
6231 1131122165 1131125043
5152 1131125043 1131125043
1253 1131125043 1131125043
4651 1131125043 1131125050
3905 1131125043 1131125050
7495 1131125043 1131125050
1970 1131125043 1131125050
7937 1131125043 1131125050
5175 1131125050 1131125057
5038 1131125050 1131125057
4141 1131125057 1131125057
3769 1131125057 1131125057
7764 1131125624 1131125624
10182 1131126217 1131126224
6866 1131126217 1131126224
9994 1131126789 1131126789
7668 1131126789 1131126789
7293 1131126789 1131126795
8948 1131126789 1131126795
1905 1131126789 1131126795
5937 1131126789 1131126795
3880 1131126789 1131126795
10066 1131126789 1131126795
1468 1131126795 1131126795
8767 1131127391 1131127391
9041 1131128522 1131128522
7245 1131128522 1131128529
545 1131128522 1131128529
8375 1131128529 1131128529
4990 1131128529 1131128529
3883 1131128522 1131129109
610 1131129701 1131129701
5584 1131130291 1131130291
1673 1131130291 1131130291
4285 1131130291 1131130291
1282 1131130291 1131130291
3760 1131130291 1131130291
8172 1131134408 1131137867
8172 1131139007 1131140214
9169 1131196635 1131196635
9579 1131196635 1131197218
9169 1131197770 1131201314
9737 1131200671 1131201314
8498 1131200678 1131201314
8498 1131203023 1131203023
9737 1131202472 1131203578
11065 1131204179 1131204179
3607 1131211724 1131211724
6356 1131212329 1131212329
3607 1131212329 1131212329
8172 1131212329 1131214127
7541 1131214127 1131214127
4661 1131214127 1131214127
6356 1131213525 1131215276
7541 1131215825 1131215825
8172 1131215825 1131216430
6356 1131217010 1131217566
7541 1131218135 1131218135
4115 1131218135 1131218728
7541 1131218728 1131218728
4661 1131218135 1131218735
8172 1131218142 1131218735
6356 1131218728 1131219900
3285 1131218135 1131221098
7541 1131219893 1131221098
4115 1131221098 1131221098
4661 1131221098 1131221098
8172 1131221098 1131221098
3607 1131213525 1131222843
6356 1131222843 1131222843
3285 1131222843 1131227518
4115 1131226905 1131227518
8172 1131222246 1131232725
8172 1131267770 1131268941
8172 1131270134 1131270735
7508 1131273675 1131273682
4408 1131272511 1131275416
4589 1131278839 1131278839
10635 1131281656 1131282825
582 1131284515 1131284515
9308 1131285103 1131285110
3411 1131286819 1131286819
324 1131287423 1131287423
9062 1131287423 1131287423
9273 1131287423 1131287423
3181 1131292527 1131293670
3181 1131297091 1131297650
10635 1131313158 1131313158
3192 1131309138 1131316017
10635 1131314369 1131322525
10635 1131323704 1131326056
11165 1131332479 1131332479
11234 1131332479 1131332479
10117 1131334792 1131334792
11181 1131334792 1131334792
10635 1131328926 1131345775
6038 1131350968 1131350982
3192 1131350968 1131352173
10635 1131345796 1131352180
425 1131353914 1131353914
10836 1131353914 1131353914
9676 1131353914 1131353914
10800 1131353914 1131354501
8437 1131353914 1131354501
3259 1131355065 1131355072
7647 1131355065 1131355072
1934 1131355656 1131355656
1018 1131355656 1131355656
1934 1131357332 1131357332
1934 1131358534 1131358534
2006 1131358534 1131358534
3663 1131359078 1131359092
24 1131377737 1131378880
24 1131383512 1131383519
24 1131388757 1131401468
24 1131401489 1131403231
24 1131404372 1131412552
24 1131421258 1131421826
24 1131424689 1131424689
24 1131428137 1131428137
