31 1130499728 1130499728
500 1130499721 1130499735
5215 1130499721 1130499735
232 1130504259 1130504259
3592 1130504259 1130504259
10245 1130504816 1130504816
4753 1130505397 1130505397
2415 1130505397 1130505397
1614 1130507711 1130507711
5485 1130509461 1130509461
6247 1130509461 1130509461
1614 1130508885 1130509468
6700 1130509461 1130509468
3096 1130509468 1130509468
8660 1130509468 1130509468
7481 1130509468 1130509468
3399 1130510076 1130510076
7112 1130510076 1130510083
6975 1130510076 1130510090
2670 1130510076 1130510090
1819 1130510076 1130510090
5420 1130510083 1130510090
109 1130510090 1130510090
9029 1130511235 1130511235
10180 1130511791 1130511791
9286 1130511791 1130512334
9401 1130511235 1130512933
7398 1130512334 1130512933
6945 1130512933 1130512933
1631 1130512933 1130512933
4404 1130512933 1130512933
1510 1130516458 1130516458
4111 1130516458 1130516458
8113 1130517058 1130517065
8198 1130517618 1130517618
8480 1130517618 1130517618
8776 1130517618 1130517618
6376 1130517618 1130517618
4420 1130517618 1130517618
9391 1130517618 1130517618
8334 1130518192 1130518192
8866 1130518192 1130518192
4742 1130518192 1130518192
2357 1130518192 1130518192
4650 1130519387 1130520571
10972 1130521159 1130521159
9111 1130521166 1130521166
7179 1130521166 1130521166
3255 1130521766 1130521766
6559 1130594105 1130594105
8206 1130594105 1130594105
9753 1130594105 1130594105
10995 1130594105 1130594105
1172 1130594669 1130594669
6918 1130594669 1130594669
2460 1130594669 1130594669
1405 1130594669 1130594669
5097 1130594669 1130594669
10437 1130594669 1130595252
2377 1130594669 1130595252
9498 1130594669 1130595804
2800 1130596391 1130596391
2905 1130596947 1130596947
8788 1130597495 1130597502
6123 1130597502 1130597502
11348 1130597502 1130597502
10912 1130598071 1130598071
8857 1130598071 1130598071
1811 1130598071 1130598071
9822 1130598658 1130598658
2338 1130598658 1130599246
9157 1130599246 1130599246
5455 1130599246 1130599246
4778 1130599246 1130599246
9532 1130599246 1130599246
4638 1130599813 1130599820
6296 1130599813 1130599834
2801 1130599827 1130599834
11025 1130599813 1130599841
2199 1130599834 1130599841
10237 1130599841 1130599841
2338 1130600402 1130600402
414 1130600402 1130600402
5518 1130600402 1130600402
4309 1130600402 1130600402
2943 1130601015 1130601015
2564 1130601015 1130601015
11025 1130601602 1130601602
8589 1130603316 1130603316
4309 1130605107 1130605114
6684 1130606288 1130606288
5965 1130613907 1130613907
8248 1130681391 1130683175
4847 1130681391 1130683175
8525 1130696504 1130696504
8898 1130696504 1130696504
5574 1130768976 1130768976
6516 1130773028 1130773632
6516 1130774187 1130774187
7814 1130774779 1130774779
5465 1130774779 1130774779
2843 1130774779 1130774779
10357 1130774779 1130774779
6902 1130775885 1130775885
3289 1130775885 1130775885
7440 1130775885 1130775885
4835 1130775885 1130775885
9116 1130775885 1130775885
3903 1130776476 1130776476
7371 1130776476 1130776476
5519 1130776476 1130776476
5861 1130776476 1130776476
8374 1130776476 1130776476
504 1130776476 1130776476
1888 1130776476 1130776476
6562 1130776476 1130776476
6642 1130776479 1130776479
9724 1130776479 1130776479
10242 1130776479 1130776479
4801 1130776479 1130776479
2455 1130776479 1130776479
6029 1130776479 1130776479
7551 1130776479 1130776479
6799 1130777044 1130777044
436 1130777044 1130777044
7104 1130777044 1130777044
2635 1130777044 1130777044
9665 1130777044 1130777044
885 1130777044 1130777044
1312 1130777044 1130777044
7603 1130777606 1130777606
6192 1130778182 1130778182
3442 1130778182 1130778724
7603 1130779268 1130779275
8654 1130777606 1130779847
8491 1130777606 1130779847
3442 1130780416 1130780416
8399 1130776479 1130781017
7603 1130780416 1130781017
1742 1130782211 1130782211
6921 1130783349 1130783349
10631 1130785034 1130785034
1362 1130784467 1130785041
5460 1130785034 1130785041
6921 1130786213 1130789164
6921 1130790319 1130804139
6921 1130805938 1130808194
6921 1130808813 1130812880
6921 1130814646 1130814646
6921 1130815242 1130815242
6921 1130816954 1130819256
6921 1130820409 1130820968
8006 1130821556 1130821556
6921 1130821549 1130825055
6921 1130826857 1130831008
6921 1130831029 1130832760
9098 1130836206 1130836206
5261 1130836213 1130836213
3 1130837353 1130837353
21 1130837353 1130837933
16 1130837927 1130837933
36 1130837927 1130837933
22 1130837933 1130837942
3 1130837937 1130837948
25 1130837353 1130837954
34 1130837353 1130837954
28 1130837353 1130837960
32 1130837927 1130838510
9794 1130837353 1130839061
5878 1130837927 1130839061
7 1130839662 1130839662
21 1130839667 1130839674
16 1130839662 1130840848
3 1130840259 1130840848
5878 1130840848 1130841430
22 1130839662 1130842526
36 1130839662 1130842526
25 1130839662 1130843087
32 1130839662 1130843087
7 1130840848 1130843087
5878 1130843087 1130843087
34 1130839662 1130843640
3 1130842526 1130844198
25 1130844198 1130844198
5878 1130844198 1130844755
7 1130844759 1130844759
28 1130839662 1130845333
36 1130843647 1130845891
22 1130843647 1130845894
3 1130845333 1130845894
9794 1130840259 1130845897
5878 1130845891 1130845897
7 1130845894 1130845897
21 1130841430 1130846468
16 1130842526 1130847037
34 1130844755 1130847037
25 1130845333 1130847037
28 1130845897 1130847037
5215 1130847611 1130847618
16 1130848225 1130848225
22 1130848225 1130848225
15 1130847611 1130848813
8 1130849389 1130849389
21 1130850016 1130850016
15 1130850016 1130850566
8 1130850566 1130850566
5878 1130848225 1130851161
36 1130851717 1130851717
21 1130851717 1130851717
32 1130844755 1130852260
1767 1130851161 1130852260
34 1130848225 1130852859
28 1130849389 1130854621
36 1130853425 1130854621
25 1130850566 1130854629
32 1130854629 1130854629
6189 1130850566 1130854633
13 1130852260 1130854633
21 1130853425 1130854633
34 1130854621 1130854633
5878 1130854621 1130855199
28 1130854633 1130855204
32 1130855204 1130855204
8 1130855199 1130856373
36 1130855199 1130856973
5878 1130856373 1130857532
8 1130858106 1130858111
32 1130856979 1130858704
22 1130849389 1130858710
25 1130855204 1130858710
36 1130858699 1130859265
5215 1130847639 1130859279
5878 1130858699 1130859880
36 1130859880 1130859880
21 1130855774 1130860475
5215 1130860468 1130860475
34 1130855774 1130861075
32 1130859272 1130861075
25 1130859880 1130861075
36 1130861075 1130861075
16 1130849389 1130861641
22 1130859279 1130862238
5215 1130861648 1130862238
6921 1130866304 1130866318
6921 1130868016 1130876123
6921 1130888914 1130890699
6921 1130895321 1130895321
6921 1130900507 1130900507
6921 1130900535 1130900535
6921 1130902344 1130902344
6921 1130904601 1130904601
6921 1130909203 1130909203
5691 1130920794 1130920794
5261 1130921344 1130921351
3010 1130921344 1130921351
824 1130922465 1130922465
824 1130925311 1130925311
54 1130925311 1130925311
1495 1130925311 1130925311
25 1130925895 1130926490
7 1130925895 1130926490
16 1130927080 1130927080
21 1130925895 1130927663
22 1130925895 1130928251
36 1130926490 1130928257
16 1130928251 1130928257
9794 1130925895 1130928263
5878 1130925895 1130928263
3 1130927080 1130928263
11 1130928849 1130928849
34 1130925895 1130928856
16 1130929433 1130929433
32 1130925895 1130930014
33 1130930014 1130930014
13 1130930583 1130930583
7 1130928251 1130931157
3 1130929433 1130931157
11 1130931157 1130931157
21 1130928263 1130931700
36 1130928856 1130931700
25 1130928257 1130931705
9794 1130929433 1130931705
5878 1130929433 1130931705
6189 1130930583 1130931705
34 1130930583 1130931705
16 1130931705 1130931705
13 1130931705 1130931705
4087 1130932831 1130932831
22 1130928856 1130932838
4 1130932831 1130932838
1 1130932831 1130932838
15 1130932831 1130932838
5 1130932838 1130932838
1816 1130939130 1130939130
1816 1130939712 1130939712
6921 1130943818 1130945577
6921 1130946742 1130955518
6921 1130968566 1130973708
11196 1130988838 1130988838
7135 1130988845 1130988845
6921 1130974338 1131001671
11 1131003403 1131003403
5878 1131003403 1131003403
36 1131003403 1131003969
8187 1131003403 1131003969
22 1131003403 1131003969
12 1131003403 1131003975
29 1131004518 1131004518
28 1131004518 1131004524
22 1131004524 1131004529
36 1131004529 1131004529
8187 1131004529 1131004529
11 1131004518 1131004534
21 1131003969 1131005085
7 1131003403 1131005672
36 1131005672 1131005672
22 1131005672 1131005672
8187 1131005672 1131005672
25 1131003403 1131006249
11 1131006249 1131006249
29 1131005085 1131006255
32 1131003969 1131006262
5878 1131006249 1131006262
28 1131005085 1131006849
8187 1131006262 1131006854
7 1131006262 1131007441
32 1131007441 1131007452
25 1131007441 1131007452
28 1131007445 1131007459
3 1131007441 1131008011
5878 1131008011 1131008011
9794 1131008583 1131008583
36 1131006262 1131009135
22 1131006849 1131009135
8187 1131009135 1131009135
34 1131003975 1131009733
25 1131008583 1131009733
5878 1131009730 1131009733
3 1131009730 1131009733
28 1131009135 1131010284
22 1131010284 1131010289
8187 1131010284 1131010295
7 1131007459 1131010878
22 1131011430 1131011430
12 1131004529 1131012027
3 1131010878 1131012032
29 1131012032 1131012032
34 1131011430 1131012038
32 1131008583 1131012630
28 1131010878 1131012630
9794 1131010289 1131013205
16 1131004518 1131013751
22 1131012038 1131013751
3 1131013754 1131013754
8187 1131012038 1131013759
9794 1131013759 1131013759
36 1131010284 1131014302
7 1131012032 1131014302
29 1131013751 1131014302
22 1131014302 1131014302
3 1131014306 1131014306
8187 1131014888 1131014888
16 1131014302 1131015444
5878 1131011430 1131016011
11 1131013759 1131016011
3 1131016011 1131016011
32 1131013754 1131016015
7 1131015444 1131016015
12 1131012630 1131016584
34 1131013751 1131016584
29 1131016021 1131016584
9794 1131016584 1131016584
21 1131006255 1131017146
28 1131014888 1131017146
22 1131015444 1131017146
36 1131016011 1131017146
16 1131016021 1131017146
3 1131016584 1131017146
32 1131017146 1131017146
54 1131017725 1131017725
7 1131017725 1131017725
1131 1131021233 1131021233
21 1131021240 1131021240
5 1131021240 1131021240
3158 1131021842 1131021842
6921 1131054004 1131055157
6921 1131056298 1131059746
6921 1131062000 1131070008
6921 1131071187 1131074085
11217 1131075217 1131075217
6921 1131075203 1131076908
6921 1131078103 1131079245
6921 1131080392 1131080943
6921 1131081521 1131082645
1680 1131083206 1131083206
46 1131083213 1131083213
5109 1131084918 1131084918
5109 1131086079 1131086642
3010 1131091362 1131091369
7653 1131091927 1131091934
18 1131092479 1131092479
25 1131093064 1131093642
34 1131091362 1131094800
7 1131091927 1131094800
9413 1131095398 1131095398
22 1131095398 1131095398
5 1131095398 1131095398
36 1131091927 1131095980
3 1131095980 1131096568
8187 1131095980 1131096568
16 1131091927 1131097175
25 1131094201 1131097175
7 1131096573 1131097175
32 1131091934 1131097180
28 1131095398 1131097180
22 1131096573 1131097180
5 1131097179 1131097180
16 1131097183 1131097183
7 1131097183 1131097727
8187 1131097179 1131097731
25 1131097183 1131097731
5 1131097731 1131097742
16 1131097736 1131097742
22 1131097736 1131097742
34 1131096568 1131098344
36 1131096573 1131098344
3 1131097183 1131098344
11264 1131098344 1131098344
21 1131091927 1131098952
11 1131098948 1131098952
28 1131097731 1131098957
36 1131098957 1131098957
32 1131097731 1131099544
7653 1131095398 1131099550
34 1131098957 1131099550
16 1131098957 1131100133
22 1131098957 1131101291
21 1131099550 1131101291
11 1131100133 1131101291
36 1131100133 1131101291
28 1131100687 1131101291
7 1131097742 1131101895
8187 1131098948 1131101895
3 1131099544 1131101895
32 1131100687 1131101895
25 1131098344 1131102445
34 1131101895 1131102445
16 1131101895 1131102445
4087 1131102445 1131102445
33 1131102445 1131102445
9937 1131106499 1131106499
1491 1131107060 1131107060
3515 1131107060 1131107060
6405 1131107614 1131107614
643 1131107614 1131107614
1441 1131107614 1131107614
8178 1131108186 1131108186
3988 1131108179 1131108806
3695 1131108179 1131108806
1921 1131109349 1131109349
3620 1131109349 1131109349
3190 1131109349 1131109349
7029 1131109349 1131109349
1941 1131109349 1131109349
10760 1131110536 1131112825
4349 1131110536 1131112825
2634 1131110536 1131112825
634 1131110536 1131112825
3805 1131110536 1131113417
10178 1131113417 1131113417
3599 1131114523 1131114523
4953 1131115121 1131115121
5904 1131116248 1131116255
113 1131116824 1131116824
10397 1131116824 1131116824
2280 1131136908 1131139309
3500 1131136908 1131139309
4979 1131136908 1131141036
5837 1131142183 1131142190
5837 1131143969 1131143983
5837 1131145675 1131145675
5837 1131146836 1131146836
5837 1131147455 1131156167
5837 1131157306 1131157898
5837 1131159051 1131161388
5837 1131162497 1131163697
5837 1131166700 1131167848
6808 1131205033 1131207928
1512 1131208520 1131208520
2280 1131200368 1131209117
10034 1131210770 1131210770
1173 1131211395 1131211395
2980 1131213786 1131213786
5837 1131216703 1131217868
5837 1131220170 1131220170
5837 1131221286 1131221286
5837 1131222488 1131222495
5837 1131223083 1131229924
5837 1131241411 1131241418
5837 1131244307 1131244307
5837 1131244864 1131244864
5837 1131251334 1131251348
5837 1131254885 1131256645
5837 1131284538 1131285094
5837 1131286258 1131293043
5837 1131294794 1131295371
6636 1131300555 1131300555
5837 1131295938 1131304511
240 1131305721 1131308031
8822 1131308618 1131308618
5669 1131309199 1131309206
5837 1131310376 1131311510
5837 1131312672 1131316149
5837 1131316170 1131316735
5837 1131316756 1131327751
5837 1131328923 1131329506
5837 1131330649 1131330649
5837 1131342368 1131346449
5837 1131347646 1131347646
10747 1131348795 1131349394
3030 1131350536 1131350536
859 1131350536 1131350536
7150 1131349394 1131350543
6915 1131349936 1131350543
2506 1131349936 1131350543
1933 1131350536 1131350543
10866 1131350543 1131350543
3781 1131350543 1131350543
8556 1131351086 1131351086
1783 1131351086 1131351086
9389 1131352220 1131352220
7363 1131354558 1131354558
8355 1131360314 1131360321
6189 1131360864 1131361453
13 1131361453 1131361453
3010 1131360864 1131363862
7 1131361453 1131363869
3010 1131364442 1131364442
34 1131365615 1131366181
7020 1131367902 1131367902
18 1131367902 1131367902
3775 1131369083 1131369083
7 1131366744 1131369675
6691 1131370272 1131370279
6189 1131370877 1131370877
13 1131370877 1131370877
11145 1131371463 1131371463
8355 1131376151 1131376151
6921 1131377281 1131379586
6921 1131380770 1131384876
9819 1131386012 1131386019
7048 1131386012 1131386019
6921 1131387730 1131388873
6921 1131390047 1131390047
6921 1131391205 1131391205
6921 1131392958 1131392958
6921 1131394714 1131396397
6921 1131399861 1131400474
6921 1131402240 1131402788
6921 1131403917 1131405109
6921 1131405680 1131406793
6921 1131407913 1131409688
6921 1131410309 1131410309
6921 1131412009 1131412009
6921 1131412030 1131413174
6921 1131414878 1131418859
6921 1131420024 1131421166
6921 1131422865 1131422879
6921 1131426894 1131426894
3 1131433192 1131433192
21 1131433192 1131433753
34 1131433746 1131434356
3 1131433760 1131434356
6189 1131434963 1131434963
9794 1131433192 1131434970
36 1131433192 1131436088
34 1131435520 1131436088
28 1131433192 1131436095
22 1131433192 1131436662
36 1131436662 1131436662
28 1131436666 1131436666
5215 1131436666 1131436671
21 1131434356 1131437829
3 1131436102 1131437829
33 1131436102 1131437835
34 1131436662 1131437835
36 1131437237 1131438421
3 1131439537 1131439543
28 1131437829 1131441309
32 1131433192 1131441316
9794 1131436088 1131441316
22 1131437237 1131441316
3 1131441305 1131441316
21 1131438989 1131442431
34 1131439537 1131442431
7812 1131442431 1131442431
1099 1131442431 1131443016
25 1131436088 1131443583
28 1131442431 1131443583
4087 1131443583 1131443590
22 1131443590 1131443590
21 1131443590 1131443590
34 1131444186 1131445307
36 1131445293 1131445307
25 1131444193 1131445908
19 1131444186 1131445922
21 1131444748 1131445922
5215 1131446499 1131446499
30 1131445908 1131447056
36 1131446499 1131448761
32 1131444186 1131450477
22 1131444748 1131451050
34 1131446499 1131451050
21 1131449910 1131451050
22 1131451672 1131451686
21 1131451672 1131451686
21 1131451707 1131451707
32 1131451050 1131452860
21 1131453426 1131453426
32 1131454041 1131454614
25 1131447056 1131455835
21 1131454041 1131455835
5215 1131449341 1131456428
36 1131449355 1131456428
34 1131451672 1131456428
32 1131455835 1131456428
22 1131451707 1131457583
9923 1131456976 1131457583
6921 1131460430 1131461535
4802 1131463795 1131463795
6921 1131463215 1131465541
10930 1131471923 1131471923
6921 1131466708 1131472530
