7 1130498101 1130498101
32 1130498101 1130498113
5878 1130498106 1130498113
22 1130498106 1130498113
16 1130498113 1130498113
21 1130498101 1130499287
22 1130499869 1130499869
34 1130498101 1130500412
12 1130498106 1130500965
36 1130498101 1130501526
3 1130499287 1130501526
29 1130501526 1130501526
32 1130499869 1130502079
11 1130500965 1130502079
34 1130502079 1130502079
25 1130498101 1130502084
22 1130502084 1130502635
5878 1130502635 1130502635
29 1130502635 1130502635
9794 1130498101 1130503197
7 1130499287 1130503197
3 1130502635 1130503197
32 1130503192 1130503197
16 1130499869 1130503771
29 1130503771 1130503771
36 1130503771 1130503771
5878 1130503771 1130503771
22 1130503771 1130503771
21 1130500965 1130504329
5 1130504329 1130504329
11150 1130504329 1130504329
34 1130503192 1130504343
12 1130504343 1130504343
9413 1130504329 1130505483
12 1130506057 1130506064
30 1130504914 1130506071
3 1130506071 1130506071
9794 1130506064 1130506085
1131 1130506064 1130506085
9794 1130508464 1130508464
30 1130506671 1130510165
382 1130508457 1130510165
36 1130510165 1130510165
9794 1130510165 1130510165
9413 1130506671 1130511307
12 1130507259 1130511307
36 1130511873 1130512464
12 1130513069 1130513090
382 1130513090 1130513090
9794 1130513663 1130513663
3 1130513663 1130513663
17 1130514233 1130514233
382 1130515439 1130515992
17 1130516566 1130516566
12 1130514233 1130517173
17 1130517768 1130517768
7 1130504343 1130517775
34 1130506678 1130517775
382 1130517768 1130517775
10284 1130519533 1130519533
7425 1130519533 1130519540
6282 1130520140 1130520140
3785 1130521303 1130522423
1079 1130520706 1130523023
8412 1130524193 1130524785
1079 1130524785 1130525369
1079 1130528891 1130528891
8412 1130532877 1130532877
3063 1130532877 1130532884
11131 1130532877 1130534064
6931 1130532891 1130534623
11131 1130535739 1130535746
6952 1130535739 1130536315
10693 1130536315 1130536315
11195 1130536315 1130536315
11131 1130536322 1130536322
7697 1130532884 1130536329
8412 1130535188 1130536329
7818 1130536301 1130536329
1079 1130539847 1130543908
1079 1130546257 1130546257
1079 1130547410 1130547410
3785 1130540429 1130549185
8412 1130549185 1130549764
1079 1130549185 1130550916
1079 1130552031 1130553209
1079 1130553807 1130553807
1079 1130554927 1130558994
1079 1130559586 1130562551
1079 1130563119 1130564249
1079 1130564824 1130568268
1079 1130571734 1130571734
1079 1130572324 1130572872
1079 1130574628 1130575790
1079 1130576389 1130576389
6205 1130577539 1130578103
204 1130578103 1130578679
5095 1130578679 1130579270
7368 1130579859 1130579859
1079 1130580969 1130580969
1079 1130582665 1130582672
5107 1130583775 1130584376
11403 1130584376 1130584376
8412 1130581530 1130586145
8412 1130587325 1130587332
1079 1130584376 1130593626
8412 1130591902 1130595321
10935 1130595869 1130595869
1079 1130595869 1130599389
5107 1130599389 1130599389
8412 1130597032 1130604655
8412 1130605806 1130606961
1079 1130606385 1130609919
1079 1130610507 1130610521
1079 1130611112 1130611119
3785 1130611112 1130611126
3663 1130613433 1130613433
1079 1130612281 1130614027
1079 1130615192 1130615192
1079 1130616380 1130616380
5107 1130618711 1130618711
3663 1130614582 1130620424
8412 1130624661 1130626457
3785 1130629908 1130629908
1079 1130628787 1130631620
8412 1130628187 1130632772
3785 1130632772 1130632779
1079 1130632191 1130632786
1079 1130634559 1130634559
1079 1130635728 1130635728
3785 1130636871 1130637431
1079 1130637431 1130638004
3785 1130638004 1130638004
1079 1130640413 1130640420
3785 1130641552 1130641559
3785 1130642743 1130642743
1079 1130644441 1130644441
1079 1130645587 1130645587
3785 1130643867 1130646193
3785 1130647319 1130647916
1079 1130649099 1130649099
3785 1130649674 1130650231
1079 1130654322 1130654910
3785 1130652006 1130657210
3785 1130658390 1130658983
1079 1130657821 1130663040
3785 1130663040 1130663040
1079 1130663611 1130665927
8412 1130663590 1130668218
3785 1130668218 1130668218
1079 1130666535 1130669385
11176 1130671124 1130671124
1082 1130671124 1130671124
5600 1130674591 1130676853
1079 1130671131 1130677432
2424 1130682149 1130682149
2424 1130686231 1130686795
2424 1130688546 1130688546
1079 1130693667 1130694286
1079 1130695441 1130695441
8412 1130690877 1130695990
1079 1130702525 1130703680
3785 1130704281 1130704881
1079 1130704274 1130707296
1079 1130709639 1130710197
1079 1130711359 1130711359
1079 1130713133 1130713133
832 1130713711 1130713711
10572 1130714864 1130714864
1079 1130714864 1130715441
8412 1130700764 1130716005
1635 1130717125 1130717125
5536 1130718308 1130718308
1079 1130718301 1130718890
5536 1130722302 1130722302
5536 1130724017 1130726321
1079 1130728589 1130728589
5536 1130726876 1130728603
3785 1130729715 1130729715
1079 1130729162 1130729722
1079 1130732637 1130732637
5536 1130730894 1130733242
1079 1130733799 1130733799
1079 1130734917 1130734917
5536 1130734360 1130740092
5536 1130740657 1130741228
1079 1130743486 1130743486
5107 1130744625 1130744625
1079 1130744625 1130745779
1079 1130747556 1130747556
8412 1130746349 1130747570
1079 1130749929 1130751076
10019 1130752771 1130752771
11105 1130752771 1130752771
1929 1130753908 1130753908
18 1130754507 1130754507
14 1130754507 1130755105
434 1130755687 1130755687
952 1130755687 1130755687
7 1130754507 1130756885
16 1130756885 1130756894
22 1130753908 1130756897
36 1130755687 1130756897
21 1130755687 1130757441
34 1130756889 1130757441
7 1130757444 1130757447
3 1130756277 1130758052
9794 1130756283 1130758052
34 1130757450 1130758656
5878 1130754507 1130758661
9794 1130758667 1130758667
3 1130758667 1130758667
16 1130758052 1130759259
7 1130758656 1130759259
32 1130756270 1130759842
25 1130756270 1130760396
3 1130760396 1130760396
21 1130757450 1130761000
29 1130759842 1130761000
22 1130757447 1130761604
36 1130757447 1130762154
5878 1130760396 1130762154
16 1130761604 1130762154
7 1130762154 1130762154
11 1130759842 1130762747
9794 1130761000 1130762747
32 1130761604 1130762747
21 1130762747 1130762747
25 1130762747 1130762747
9413 1130762747 1130762747
34 1130761000 1130763319
7587 1130763312 1130763319
33 1130763319 1130763863
10888 1130763863 1130763870
7 1130763870 1130764464
7587 1130765030 1130765037
11145 1130765030 1130765037
9966 1130765633 1130765633
7587 1130770825 1130770825
2 1130770825 1130770825
9316 1130772527 1130772527
5525 1130772527 1130772534
5536 1130774232 1130774232
8412 1130774232 1130774823
1079 1130774232 1130774830
3785 1130779368 1130779368
5535 1130781113 1130781113
8412 1130779368 1130781700
5107 1130784564 1130784564
5536 1130783979 1130785750
1472 1130786349 1130786349
5536 1130788670 1130788670
1079 1130784564 1130789771
1559 1130789771 1130789771
8412 1130786349 1130790907
5536 1130791472 1130792020
8412 1130792596 1130793771
1079 1130790893 1130796617
5536 1130794356 1130797828
5536 1130799594 1130799594
3785 1130799594 1130799601
5536 1130801331 1130801331
3785 1130801317 1130801906
5536 1130801906 1130801906
3785 1130804289 1130807164
5536 1130803692 1130807716
1079 1130797828 1130808326
1079 1130808910 1130808910
1079 1130810632 1130811231
1079 1130812397 1130812397
5536 1130808326 1130812997
1079 1130813586 1130813600
5536 1130813593 1130815312
1079 1130815319 1130816429
5536 1130816436 1130816436
1079 1130819319 1130819333
5536 1130821097 1130821097
1079 1130821643 1130821643
1079 1130822806 1130822806
5536 1130822806 1130823406
1079 1130824617 1130824617
1079 1130825807 1130826409
5536 1130826409 1130826977
5536 1130829352 1130829352
1079 1130829352 1130829359
5536 1130829966 1130829966
5536 1130832267 1130832267
1079 1130832267 1130832824
4255 1130834557 1130834557
34 1130836893 1130836914
27 1130837478 1130837478
3 1130837478 1130838029
36 1130837478 1130838029
9794 1130837478 1130838574
25 1130837478 1130838578
34 1130837478 1130838584
3 1130838584 1130838584
21 1130838574 1130838588
27 1130838578 1130839174
3 1130839746 1130839746
25 1130839174 1130839756
27 1130839756 1130839756
5878 1130838029 1130839762
32 1130838029 1130840323
6189 1130840323 1130840323
7 1130838574 1130840913
21 1130839751 1130840913
27 1130840913 1130841524
9794 1130839174 1130841527
3 1130840913 1130841527
36 1130838584 1130841532
7 1130841527 1130842095
36 1130842103 1130842103
21 1130841527 1130842652
7 1130842652 1130842652
3 1130842099 1130842656
25 1130841517 1130842665
34 1130839746 1130843257
36 1130842659 1130843263
22 1130838029 1130844424
16 1130838574 1130844424
11 1130844424 1130844424
7 1130842665 1130844971
3 1130843257 1130845548
36 1130844969 1130846136
22 1130844977 1130846136
5878 1130841517 1130846692
9794 1130842652 1130846692
7 1130846692 1130846692
3 1130846692 1130846692
21 1130842665 1130847271
32 1130841520 1130847871
27 1130842099 1130847871
34 1130844424 1130847871
16 1130844977 1130847871
19 1130847871 1130847871
25 1130843821 1130849640
15 1130850210 1130850210
32 1130850809 1130850809
21 1130849031 1130850814
5215 1130850809 1130850826
15 1130850820 1130850826
8 1130850210 1130851422
32 1130850826 1130851976
13 1130851422 1130851976
22 1130850210 1130852536
1767 1130851976 1130852536
16 1130850809 1130853125
21 1130851422 1130853125
32 1130853686 1130853686
27 1130850809 1130853693
13 1130853125 1130853693
440 1130853693 1130853693
25 1130851422 1130854234
10090 1130852536 1130854239
21 1130854239 1130854239
16 1130854234 1130854244
36 1130851980 1130854246
8 1130854244 1130854246
5215 1130854234 1130854834
13 1130854244 1130854834
10090 1130854834 1130854834
6189 1130851422 1130855400
32 1130855400 1130855400
5878 1130850210 1130855960
34 1130850210 1130855960
22 1130854239 1130855960
25 1130854834 1130855960
27 1130854834 1130855960
21 1130855400 1130855960
16 1130855960 1130855960
8 1130855960 1130855960
10901 1130857697 1130857697
2335 1130862368 1130862368
5536 1130862946 1130864675
8412 1130862946 1130865252
3785 1130867570 1130867570
5536 1130868169 1130868752
1079 1130862946 1130869867
1877 1130872829 1130872829
1415 1130871628 1130872836
5107 1130877510 1130877510
8412 1130880949 1130880949
5536 1130873428 1130881556
1079 1130873428 1130881556
1079 1130883273 1130884463
8412 1130887339 1130887339
3785 1130885610 1130887888
5536 1130884463 1130889566
5536 1130890688 1130890688
3785 1130890688 1130890688
3785 1130891827 1130891827
8412 1130888447 1130892448
3785 1130892448 1130893573
3785 1130893594 1130894717
5536 1130895295 1130895295
5536 1130896452 1130896452
3785 1130896993 1130896993
1079 1130886169 1130898146
5536 1130898146 1130898714
5536 1130899838 1130899838
1079 1130899293 1130901067
5536 1130901630 1130901630
1079 1130902769 1130903379
5536 1130903956 1130903956
1079 1130903963 1130905645
3785 1130905075 1130905645
5536 1130905075 1130906242
10111 1130906855 1130906855
5536 1130907458 1130908614
1079 1130906855 1130909239
10099 1130909246 1130909246
3785 1130908003 1130909802
5536 1130909809 1130909809
3785 1130910380 1130910380
5536 1130910990 1130910990
3785 1130910997 1130910997
3785 1130913338 1130913338
3785 1130914527 1130916896
8412 1130916294 1130917488
3785 1130918591 1130919178
1079 1130909802 1130922037
1079 1130923812 1130924962
5536 1130912760 1130927210
1079 1130926079 1130927224
8823 1130927796 1130927796
3876 1130929516 1130929530
3048 1130930737 1130930737
4805 1130939483 1130939483
1552 1130941220 1130941220
1740 1130940641 1130941227
9184 1130941220 1130941819
2410 1130942410 1130942410
5547 1130940641 1130942424
1740 1130942410 1130942431
5266 1130940641 1130943003
1124 1130942403 1130943603
2410 1130943603 1130943603
1552 1130943596 1130944180
2949 1130944180 1130944180
1124 1130944180 1130944180
1740 1130943596 1130944729
1482 1130945287 1130945900
1740 1130945294 1130945900
5547 1130943003 1130947575
2949 1130945287 1130947575
4836 1130947032 1130947575
4280 1130940641 1130948125
1617 1130944180 1130948125
1482 1130948125 1130948125
6126 1130940641 1130948132
5958 1130945287 1130948132
9635 1130945294 1130948132
9793 1130948132 1130948132
4369 1130948711 1130948711
438 1130949854 1130949854
1079 1130958467 1130958467
5536 1130957889 1130959615
1079 1130960183 1130960759
8412 1130965377 1130965377
3785 1130967666 1130967666
5536 1130972913 1130973489
1079 1130974058 1130974058
3785 1130974058 1130974058
1079 1130975819 1130976377
1079 1130978158 1130979296
5536 1130979296 1130979296
1079 1130981008 1130981008
1079 1130982197 1130982197
1079 1130983918 1130986839
5536 1130987991 1130987991
1079 1130988565 1130988565
1079 1130989719 1130989719
5536 1130989719 1130989719
1079 1130990911 1130990925
1079 1130992652 1130992659
1079 1130997984 1130998542
3157 1131002010 1131002010
9923 1131004356 1131004363
12 1131004938 1131004938
27 1131004938 1131004938
25 1131004938 1131004941
34 1131004947 1131004947
27 1131004954 1131004954
12 1131004954 1131004954
7 1131004941 1131005511
21 1131004938 1131005515
29 1131003765 1131006083
5878 1131005511 1131006083
8187 1131004941 1131006670
34 1131005515 1131006670
21 1131007259 1131007270
16 1131003191 1131007295
27 1131006670 1131007295
12 1131006670 1131007300
34 1131007270 1131007300
36 1131004938 1131008418
16 1131008418 1131008418
12 1131008418 1131008418
34 1131008418 1131008420
7 1131007259 1131009012
16 1131009554 1131009554
25 1131005511 1131009556
3 1131008418 1131009561
27 1131009554 1131009561
12 1131009561 1131009561
22 1131004938 1131010142
25 1131010142 1131010142
34 1131009556 1131010145
3 1131010145 1131010145
36 1131009554 1131010688
16 1131009563 1131010688
1131 1131010688 1131010688
12 1131010688 1131010688
27 1131010145 1131011234
32 1131004938 1131011822
21 1131007295 1131011827
29 1131011827 1131011827
7 1131010142 1131012400
34 1131011827 1131012403
7 1131012414 1131012414
32 1131012403 1131012970
27 1131012403 1131012974
16 1131012409 1131012974
3 1131011822 1131013548
12 1131012400 1131013548
21 1131012409 1131014140
7 1131014140 1131014140
32 1131014140 1131014140
9794 1131007849 1131014143
34 1131014140 1131014143
11 1131014698 1131014698
27 1131014143 1131015293
3 1131014698 1131015293
21 1131015293 1131015293
22 1131011234 1131015841
16 1131014143 1131015841
12 1131014698 1131015841
34 1131015844 1131015844
7 1131015844 1131015844
7587 1131015849 1131015849
36 1131012974 1131016392
27 1131016392 1131016392
32 1131015841 1131016395
7 1131016395 1131016395
21 1131016395 1131016956
29 1131014698 1131017533
9794 1131015844 1131017533
11 1131016956 1131017533
7 1131017536 1131017536
12 1131016392 1131017541
34 1131016956 1131017541
22 1131017533 1131017541
27 1131017541 1131017541
8187 1131007849 1131017543
5878 1131007849 1131017543
3 1131015849 1131017543
16 1131016395 1131017543
36 1131017541 1131017543
32 1131017543 1131017543
7587 1131017543 1131017543
11 1131017543 1131017543
6735 1131018102 1131018109
1767 1131018102 1131018109
1131 1131018680 1131018680
16 1131018680 1131018680
5 1131019279 1131019279
5843 1131018102 1131019286
21 1131019279 1131019286
54 1131019829 1131019829
16 1131020418 1131021612
5878 1131022214 1131022214
3 1131022813 1131022813
21 1131022813 1131022813
29 1131022806 1131022820
16 1131022827 1131022827
31 1131022806 1131022834
21 1131022841 1131022841
10778 1131023407 1131023978
29 1131023407 1131023978
8412 1131025709 1131026292
5536 1131025709 1131026867
1079 1131025709 1131027442
424 1131033344 1131033344
5107 1131035696 1131035696
5536 1131034530 1131036253
1079 1131034530 1131036260
8412 1131039735 1131040321
1079 1131042052 1131042059
5536 1131042052 1131042066
1079 1131042666 1131043266
5536 1131043259 1131043266
6064 1131044977 1131046709
1937 1131044977 1131046709
3992 1131046115 1131046709
3992 1131048428 1131048428
1937 1131048428 1131048428
3992 1131049012 1131049012
7449 1131048991 1131049567
7534 1131045573 1131051923
10482 1131051923 1131051923
5536 1131056505 1131058236
5107 1131058826 1131059439
5536 1131059439 1131060614
3785 1131056505 1131061753
8412 1131053060 1131064645
5536 1131064074 1131065216
1079 1131056505 1131065765
5536 1131067430 1131069835
5536 1131070974 1131070974
1079 1131067430 1131072727
1079 1131073850 1131078391
11391 1131082989 1131082989
1079 1131078989 1131086400
1079 1131087513 1131090958
5536 1131070995 1131092157
339 1131093314 1131093321
756 1131093935 1131094492
14 1131095634 1131095641
9413 1131096207 1131096207
3 1131096799 1131096799
22 1131095053 1131096804
34 1131096207 1131096804
36 1131096207 1131096804
27 1131096799 1131096804
7 1131096207 1131097390
9413 1131097390 1131097390
5 1131097390 1131097390
10470 1131098506 1131098506
7653 1131096207 1131098510
22 1131098506 1131098510
36 1131098506 1131099112
27 1131098506 1131099112
5 1131099112 1131099112
7 1131099112 1131099117
25 1131096207 1131099124
3 1131097958 1131099124
9413 1131099712 1131099712
22 1131099124 1131100271
11 1131100271 1131100271
3 1131100276 1131100276
8187 1131095053 1131100828
29 1131099712 1131100828
27 1131099712 1131100828
5 1131100276 1131101397
9413 1131101397 1131101397
11 1131101397 1131101397
34 1131100271 1131101975
22 1131101397 1131101975
29 1131101980 1131101980
21 1131096207 1131102547
7653 1131099124 1131102547
7 1131100828 1131102547
3 1131101980 1131102547
32 1131096799 1131102554
36 1131100276 1131102554
27 1131102547 1131102554
22 1131102554 1131102554
11 1131102554 1131102554
5 1131102554 1131102554
25 1131100282 1131103157
34 1131103150 1131103157
33 1131103150 1131103712
15 1131103150 1131103712
4087 1131103150 1131103712
1495 1131103712 1131103712
7 1131103712 1131104886
17 1131103150 1131106020
7 1131108874 1131108888
2093 1131108874 1131108888
34 1131109441 1131109441
4087 1131106570 1131109448
23 1131106570 1131109448
17 1131109448 1131109448
17 1131110014 1131110014
2424 1131107725 1131110028
17 1131110650 1131110650
4087 1131110014 1131110664
25 1131109448 1131112390
2424 1131111824 1131112998
7 1131112998 1131112998
36 1131107725 1131113578
21 1131111824 1131113578
34 1131113005 1131114785
32 1131114181 1131114792
21 1131114792 1131114792
2424 1131114181 1131114799
25 1131114181 1131114799
36 1131114792 1131114799
17 1131114792 1131114799
34 1131115392 1131115392
4087 1131115392 1131115392
10778 1131115392 1131115940
2984 1131116547 1131116547
5536 1131117671 1131119952
8412 1131117671 1131120499
5536 1131123300 1131123914
3785 1131124498 1131125079
2936 1131125679 1131125679
3748 1131127978 1131127978
556 1131130299 1131130313
3785 1131130299 1131130313
3785 1131131494 1131131494
3785 1131132103 1131133274
8187 1131125672 1131136725
8412 1131140825 1131140825
3785 1131143720 1131143720
3785 1131146609 1131147205
8412 1131143124 1131147795
5561 1131148374 1131148374
7136 1131148374 1131148374
10074 1131148374 1131148374
3785 1131149518 1131149518
3785 1131150092 1131150092
3785 1131152401 1131155299
5536 1131147198 1131164086
3785 1131156501 1131166433
3785 1131168155 1131171110
10683 1131182656 1131182656
5536 1131165263 1131183824
8412 1131179137 1131183831
5001 1131190211 1131190211
9808 1131190817 1131190817
6940 1131200134 1131200134
1972 1131204205 1131204205
3950 1131204796 1131204796
11126 1131204796 1131204796
644 1131204803 1131204803
5536 1131205409 1131210016
5536 1131210588 1131210595
8412 1131205409 1131211785
1415 1131212981 1131212981
2886 1131214163 1131214163
1779 1131214170 1131214170
1113 1131214170 1131214170
3785 1131216466 1131217598
3785 1131219356 1131219356
5536 1131215281 1131220554
8412 1131215281 1131222299
3785 1131225163 1131225163
3785 1131228118 1131228687
3785 1131229822 1131229822
8412 1131225764 1131230993
5536 1131225771 1131232181
5536 1131233933 1131235089
5536 1131238614 1131238614
5536 1131239218 1131239232
5536 1131240421 1131241572
5536 1131245083 1131245104
5536 1131245698 1131246866
5536 1131248663 1131249221
5536 1131249794 1131252656
5536 1131254412 1131254971
5536 1131257334 1131257946
5536 1131259057 1131259057
3785 1131261380 1131261380
5536 1131260244 1131263665
8412 1131261380 1131263672
3785 1131263058 1131263672
3785 1131264870 1131264870
2091 1131266081 1131266081
6710 1131266081 1131266088
6601 1131266081 1131266088
4628 1131266081 1131266088
244 1131266081 1131266095
5311 1131266664 1131266664
624 1131266664 1131266671
11053 1131266671 1131266671
5536 1131269016 1131270755
8412 1131270755 1131274872
5536 1131272543 1131274872
2753 1131282858 1131282858
10317 1131285115 1131285122
5536 1131286275 1131287471
5536 1131288606 1131289151
8412 1131286275 1131289726
7568 1131290829 1131290829
2630 1131290829 1131290829
5361 1131291423 1131291423
9715 1131291430 1131291430
9715 1131293670 1131293670
5361 1131293670 1131293670
1328 1131294803 1131295392
5361 1131295392 1131296547
10871 1131296547 1131296547
1328 1131296547 1131297106
9715 1131295392 1131297113
7943 1131297715 1131297715
11015 1131297715 1131297715
7489 1131298291 1131300054
7489 1131302377 1131302384
3785 1131305236 1131305243
3785 1131307464 1131307464
5536 1131308005 1131309719
3785 1131310349 1131310349
5536 1131312579 1131312593
1079 1131304647 1131312621
5536 1131312621 1131312621
1079 1131314383 1131315473
5536 1131314383 1131316063
1079 1131317229 1131317827
3785 1131319010 1131319010
5536 1131319554 1131320161
3785 1131320749 1131320749
1079 1131320161 1131321953
1079 1131321988 1131321988
3785 1131321981 1131323181
1079 1131322590 1131324340
5536 1131326061 1131326649
1079 1131326054 1131327811
8412 1131304647 1131328986
1079 1131328958 1131328986
5536 1131330183 1131333087
1079 1131331338 1131333655
5536 1131334824 1131336507
3785 1131325505 1131338804
1079 1131336507 1131339378
8412 1131330183 1131339949
5536 1131338254 1131339949
468 1131341140 1131341140
7101 1131341690 1131341711
9098 1131341690 1131341711
11 1131345224 1131345224
21 1131344627 1131345228
16 1131344627 1131345228
6189 1131345228 1131345228
33 1131345228 1131345228
34 1131344627 1131345236
36 1131345224 1131345236
3 1131345224 1131345236
16 1131345240 1131345240
32 1131344627 1131345245
11 1131345240 1131345252
29 1131345245 1131345252
12 1131345224 1131345798
36 1131345252 1131345798
3 1131345793 1131345798
34 1131345798 1131345798
22 1131343476 1131345804
9794 1131345224 1131345804
25 1131344627 1131346345
16 1131345793 1131346352
34 1131346359 1131346359
3 1131346359 1131346359
13 1131346359 1131346359
29 1131346352 1131346928
11 1131346359 1131346928
12 1131346359 1131347510
36 1131346352 1131348081
7 1131342871 1131348086
16 1131347510 1131348086
34 1131348081 1131348677
12 1131348677 1131348677
36 1131348677 1131349241
32 1131345804 1131349801
12 1131349806 1131349806
16 1131349801 1131349811
36 1131349811 1131349811
21 1131345240 1131350400
6189 1131350400 1131350400
32 1131350400 1131350400
7 1131349241 1131350403
11284 1131350403 1131350403
3 1131348081 1131350408
12 1131350408 1131350408
34 1131349806 1131350413
16 1131350413 1131350413
9794 1131348081 1131351597
12 1131351597 1131351597
3 1131351604 1131352748
12 1131352748 1131352748
34 1131351604 1131353925
3 1131354489 1131354489
12 1131354493 1131354493
32 1131350413 1131355645
7 1131351604 1131355645
34 1131356192 1131356192
25 1131347510 1131356753
21 1131350413 1131356753
11 1131355077 1131356753
29 1131355645 1131357358
9794 1131352748 1131357364
12 1131356192 1131357364
3 1131357364 1131357364
34 1131357364 1131357364
8187 1131343476 1131357954
22 1131346359 1131357954
36 1131350408 1131357954
32 1131357358 1131357954
21 1131357954 1131357954
54 1131357954 1131357954
25 1131357954 1131357954
25 1131358512 1131358512
3775 1131359121 1131359121
34 1131359114 1131359142
7 1131357358 1131359718
3775 1131362010 1131362024
7954 1131366137 1131366137
8855 1131366738 1131366738
5179 1131366731 1131366745
385 1131366745 1131366745
970 1131367340 1131367340
1079 1131370139 1131370744
5536 1131369593 1131371315
1079 1131371871 1131371871
5536 1131372478 1131372485
1079 1131372478 1131373085
5536 1131373677 1131373684
8412 1131373078 1131375989
1079 1131378307 1131378914
1079 1131379510 1131379510
1079 1131381198 1131381205
1079 1131382363 1131384654
1079 1131385842 1131386429
1079 1131387588 1131387630
5536 1131388756 1131388756
5536 1131391622 1131391622
1079 1131389314 1131392193
5536 1131393407 1131393950
1079 1131393950 1131393950
1079 1131394545 1131397378
8412 1131380084 1131398563
1079 1131399159 1131400334
1079 1131400916 1131400916
1079 1131402091 1131402644
10940 1131404956 1131404956
1079 1131403222 1131407299
5536 1131404360 1131408458
1079 1131408458 1131409067
1079 1131409088 1131409088
1079 1131409656 1131409656
10112 1131411368 1131411368
11183 1131411368 1131411368
8413 1131411368 1131411368
1079 1131410808 1131411375
1079 1131413138 1131413138
1079 1131414333 1131414333
1079 1131415501 1131416055
5536 1131409074 1131417181
1079 1131418338 1131419473
8009 1131419473 1131419473
11378 1131421837 1131421837
5536 1131418338 1131422984
1079 1131420090 1131424109
5536 1131423559 1131425833
1079 1131425262 1131425833
1079 1131427557 1131428104
8412 1131400334 1131428688
1079 1131428667 1131428688
5536 1131428667 1131428688
2420 1131429257 1131429271
788 1131429868 1131429868
789 1131429868 1131429868
6777 1131429868 1131429868
11153 1131430476 1131430476
9794 1131433413 1131433417
20 1131433417 1131433417
34 1131432839 1131434621
3 1131433413 1131435207
27 1131434017 1131435212
6189 1131433413 1131435753
13 1131435753 1131435753
18 1131435753 1131435753
36 1131432839 1131436354
32 1131433413 1131436359
25 1131436359 1131436359
20 1131436909 1131436909
27 1131436359 1131437489
5215 1131436904 1131438094
22 1131430476 1131438678
34 1131435753 1131438678
33 1131436354 1131439277
27 1131438684 1131439277
36 1131436909 1131439288
25 1131438678 1131441034
9794 1131434621 1131442188
3 1131436354 1131442188
32 1131437489 1131442188
22 1131439282 1131442188
7587 1131442746 1131442746
30 1131442746 1131442746
1099 1131442746 1131443301
34 1131439282 1131443308
25 1131442181 1131443308
27 1131439875 1131443883
10888 1131443883 1131443883
4087 1131444488 1131444495
30 1131444488 1131445085
22 1131444488 1131446268
383 1131446268 1131446268
21 1131432839 1131446289
383 1131446289 1131446289
22 1131446858 1131446858
30 1131448019 1131448026
1079 1131451446 1131451446
5536 1131452603 1131452603
1079 1131457794 1131457794
5536 1131457794 1131458383
8412 1131458369 1131459551
1079 1131458383 1131461309
5536 1131463569 1131463569
