19 1130495571 1130495571
952 1130496163 1130496163
434 1130496163 1130496163
9 1130495578 1130496752
7020 1130496752 1130496752
54 1130496752 1130496752
500 1130496752 1130496752
19 1130496752 1130496752
12 1130497877 1130497877
5878 1130497877 1130497877
7 1130498991 1130499544
12 1130499544 1130499544
32 1130498430 1130499549
36 1130497334 1130500100
28 1130497877 1130500100
16 1130497877 1130500100
25 1130498430 1130500100
7020 1130500664 1130500664
18 1130500664 1130500664
7 1130501238 1130501238
12 1130501238 1130501238
25 1130501238 1130501238
29 1130501808 1130501808
16 1130501238 1130502379
28 1130501796 1130502948
12 1130502948 1130503522
7 1130502948 1130503526
32 1130501796 1130503532
16 1130503526 1130503532
29 1130503532 1130503532
5878 1130503538 1130503538
34 1130497877 1130503543
21 1130498430 1130503543
25 1130501808 1130503543
28 1130503532 1130503543
22 1130503543 1130503543
11 1130501796 1130504129
36 1130501238 1130504136
2 1130504717 1130507067
35 1130504717 1130507067
1131 1130504717 1130507067
5 1130507067 1130507067
12 1130507623 1130507623
7 1130508765 1130508765
382 1130508765 1130509922
9962 1130511114 1130511114
12 1130511114 1130511121
36 1130507623 1130512290
17 1130512890 1130515795
29 1130515788 1130515802
7 1130515788 1130515802
12 1130515788 1130515802
28 1130516998 1130516998
34 1130505293 1130517598
382 1130512890 1130517598
17 1130516403 1130517598
12 1130516998 1130517598
54 1130518164 1130518164
2093 1130518164 1130518171
1495 1130518761 1130518761
3191 1130520481 1130520481
116 1130519874 1130521075
1495 1130519881 1130521075
32 1130518761 1130522243
818 1130519874 1130522243
3778 1130522834 1130522834
7041 1130528642 1130529217
9234 1130528083 1130530342
7491 1130529793 1130530349
8103 1130530928 1130530928
58 1130532646 1130532646
9234 1130533190 1130533197
10373 1130534949 1130534949
7491 1130534956 1130534956
9234 1130534942 1130535542
58 1130537305 1130539049
1991 1130538491 1130539628
10373 1130539635 1130539649
1991 1130539656 1130539656
6454 1130540228 1130540228
7880 1130541366 1130541366
5694 1130541366 1130541366
2773 1130541963 1130541963
7228 1130542564 1130542564
402 1130541366 1130543128
1767 1130541963 1130543128
10373 1130544316 1130544316
10373 1130545437 1130545437
9794 1130495564 1130546039
58 1130540779 1130546039
6454 1130544316 1130546039
3587 1130547239 1130547239
7273 1130550067 1130550067
7273 1130551178 1130551735
7273 1130552881 1130552888
7974 1130583733 1130584291
7273 1130582015 1130588399
10373 1130593651 1130594215
10373 1130595410 1130595410
58 1130595410 1130596524
10373 1130600019 1130601149
10373 1130602924 1130602924
10373 1130603479 1130603479
58 1130601149 1130605217
58 1130607539 1130607539
10373 1130607539 1130608145
58 1130608131 1130608145
58 1130612794 1130612794
11 1130612232 1130615107
8976 1130615702 1130615702
35 1130617383 1130617383
8976 1130617383 1130617397
6130 1130617975 1130617975
11 1130617975 1130617975
8976 1130618568 1130618568
11 1130619118 1130619118
6130 1130619118 1130619153
35 1130619153 1130619153
8976 1130620286 1130620293
6130 1130620293 1130620293
35 1130620293 1130620293
4324 1130623173 1130623173
61 1130623180 1130623180
1234 1130623764 1130623764
9761 1130623750 1130624934
11 1130623764 1130627238
1234 1130627238 1130627238
8976 1130623750 1130631777
58 1130632320 1130632320
3924 1130634690 1130634697
1336 1130634690 1130634697
8976 1130634690 1130637628
1234 1130634697 1130639321
1234 1130640454 1130640454
7271 1130646753 1130646753
7273 1130643866 1130654951
7273 1130668390 1130673206
7273 1130674400 1130675002
7273 1130675609 1130682497
3203 1130684822 1130684822
3206 1130684822 1130684822
10373 1130685976 1130685976
3548 1130687763 1130687763
5301 1130687763 1130687763
58 1130691856 1130694132
10373 1130692986 1130694132
9794 1130546640 1130697644
20 1130698219 1130705755
7235 1130706352 1130706359
408 1130706352 1130706366
6 1130698769 1130708121
3509 1130706935 1130708121
4771 1130708121 1130708121
9794 1130705755 1130710418
3223 1130711019 1130717365
3159 1130717930 1130717930
9794 1130717916 1130719676
7273 1130711019 1130748702
3223 1130720268 1130754001
16 1130755205 1130755205
33 1130755212 1130755212
36 1130755212 1130755219
22 1130755212 1130755226
16 1130755233 1130755233
33 1130755240 1130755247
5878 1130755212 1130755841
28 1130755205 1130755855
22 1130755848 1130756441
25 1130755855 1130756441
34 1130756441 1130756441
16 1130755855 1130756988
28 1130756995 1130756995
36 1130755240 1130757001
5878 1130757001 1130757001
18 1130756995 1130757605
11287 1130757605 1130757605
16 1130757605 1130757605
11405 1130757605 1130757605
28 1130758183 1130758183
20 1130758741 1130758741
5878 1130758741 1130758741
34 1130758183 1130759300
22 1130759305 1130759305
25 1130757001 1130759901
16 1130759300 1130759901
5878 1130759901 1130759901
32 1130755855 1130759906
36 1130759305 1130759906
21 1130755205 1130760485
18 1130759913 1130760485
22 1130760485 1130760485
11 1130759300 1130761069
29 1130759305 1130761069
5878 1130761069 1130761069
7 1130755205 1130761673
28 1130759305 1130761673
34 1130759913 1130761673
25 1130760485 1130761673
36 1130761069 1130761673
32 1130761069 1130761673
16 1130761673 1130761673
9388 1130762803 1130762803
4 1130762803 1130762803
9794 1130754600 1130763981
32 1130763981 1130763981
10 1130763981 1130763981
3223 1130764538 1130774284
7273 1130774284 1130774284
10373 1130777702 1130778262
10373 1130780019 1130781184
10373 1130781212 1130781782
10373 1130783450 1130783478
755 1130785155 1130785155
10373 1130785155 1130788084
3162 1130788632 1130788646
10373 1130789190 1130789768
10373 1130791453 1130791453
10373 1130795496 1130796670
10373 1130797886 1130797886
1234 1130800174 1130800181
10373 1130800181 1130800726
10373 1130802448 1130803645
3223 1130804227 1130835516
7273 1130804227 1130835516
32 1130837237 1130837237
5878 1130837237 1130837237
27 1130837237 1130837237
22 1130837237 1130837779
34 1130837779 1130837779
1767 1130837779 1130837779
3010 1130837779 1130837779
36 1130837237 1130838343
5878 1130838343 1130838343
7020 1130837237 1130838904
34 1130838904 1130838904
27 1130838904 1130838904
32 1130838909 1130838909
1767 1130838909 1130838909
16 1130838338 1130839456
36 1130839456 1130839456
5878 1130839456 1130839462
32 1130839467 1130839467
34 1130839462 1130840032
7 1130837779 1130840573
5878 1130840573 1130840573
27 1130839462 1130840575
13 1130840573 1130840575
16 1130840573 1130841734
28 1130836630 1130841738
21 1130837237 1130841738
25 1130838338 1130842323
7020 1130839462 1130842323
32 1130841151 1130842323
27 1130842323 1130843501
3010 1130842908 1130843501
28 1130843501 1130843501
22 1130838909 1130844081
32 1130844075 1130844081
5878 1130841738 1130844625
25 1130844081 1130845168
11 1130844625 1130845771
28 1130844625 1130845771
16 1130845771 1130845775
21 1130844075 1130846376
27 1130844625 1130846376
5878 1130845775 1130846376
22 1130846376 1130846376
36 1130840032 1130846381
34 1130841151 1130846381
7 1130841738 1130846381
32 1130846376 1130846381
917 1130846381 1130846381
11 1130846381 1130846381
3223 1130846981 1130846981
5022 1130848140 1130848147
10373 1130849863 1130849884
1991 1130850438 1130850452
10373 1130850452 1130852238
388 1130853387 1130853387
2680 1130853930 1130853930
1881 1130853930 1130853930
10435 1130854529 1130854529
1469 1130853930 1130854536
8978 1130856262 1130856262
2583 1130856269 1130856269
10373 1130856872 1130858618
1234 1130859777 1130859784
10373 1130863289 1130863289
1234 1130866146 1130866153
10373 1130866741 1130866741
10373 1130867865 1130867865
1234 1130867879 1130867879
10373 1130870745 1130870752
8237 1130871352 1130871352
10373 1130873163 1130873754
8237 1130874955 1130874955
10373 1130874955 1130874955
10373 1130877898 1130877905
10373 1130877926 1130878512
8237 1130878512 1130879657
9 1130880813 1130880813
10373 1130880813 1130880813
1991 1130881363 1130881370
6454 1130880813 1130881934
8936 1130881934 1130881934
10373 1130882505 1130883089
1991 1130882505 1130883096
1991 1130884824 1130884831
9410 1130884831 1130884831
8936 1130884831 1130885439
1011 1130885439 1130885439
10373 1130883110 1130885453
1011 1130886024 1130886024
7846 1130887134 1130887134
6454 1130887134 1130887134
10884 1130887120 1130887141
9264 1130887127 1130887141
7120 1130887134 1130887141
7273 1130917931 1130924353
3223 1130890666 1130924958
3010 1130925524 1130925524
34 1130925524 1130926728
16 1130925524 1130927326
7 1130926123 1130927326
33 1130927326 1130927326
32 1130925524 1130928423
25 1130926123 1130928423
6189 1130928975 1130928975
5215 1130928975 1130928975
20 1130928975 1130928975
6 1130928975 1130928975
21 1130925524 1130929549
18 1130929543 1130929549
16 1130928429 1130929562
25 1130929555 1130930161
32 1130929562 1130930161
22 1130926728 1130930735
7 1130929549 1130930737
6189 1130930737 1130931311
27 1130926123 1130931315
34 1130928423 1130931315
5878 1130925524 1130931326
21 1130930161 1130931326
11 1130931326 1130931326
6189 1130931326 1130931326
33 1130931326 1130931326
36 1130926123 1130931867
16 1130931311 1130931867
25 1130931311 1130931867
22 1130931315 1130931867
7 1130931321 1130931867
34 1130931867 1130931867
32 1130931311 1130933057
34 1130933057 1130933057
6 1130932470 1130934204
25 1130934204 1130934204
21 1130934770 1130934770
14 1130933057 1130935344
23 1130933660 1130935344
7311 1130935933 1130935933
8621 1130935933 1130935933
21 1130935933 1130935933
3227 1130942181 1130942181
7273 1130940407 1130947887
7273 1130949054 1130949054
3223 1130937582 1130949061
8594 1130950224 1130950224
4980 1130951363 1130951370
8594 1130951363 1130951370
9794 1130774868 1130952557
3223 1130951973 1130954239
9744 1130954843 1130954843
396 1130954843 1130954843
10373 1130955449 1130956604
10349 1130957208 1130957208
10373 1130957840 1130958974
1991 1130959584 1130959584
10373 1130960150 1130960753
10373 1130961932 1130961939
6726 1130967772 1130968350
6452 1130968905 1130968905
1234 1130970068 1130970068
9794 1130954836 1130975818
11398 1130992197 1130992197
7273 1130976934 1131005891
3223 1130976390 1131005898
7 1131007061 1131007061
32 1131007061 1131007061
22 1131007061 1131007061
36 1131007061 1131007657
25 1131007657 1131008777
12 1131008209 1131008777
27 1131007061 1131008784
34 1131007061 1131008784
36 1131008784 1131008784
22 1131008777 1131008793
12 1131008793 1131008799
25 1131008793 1131008806
34 1131008806 1131008806
8187 1131007657 1131009347
7 1131008787 1131009347
32 1131008784 1131009889
12 1131009889 1131009889
16 1131008784 1131010437
27 1131010437 1131010437
36 1131008806 1131011019
34 1131011019 1131011019
7 1131011014 1131011598
8187 1131011014 1131011598
16 1131011604 1131011604
32 1131011019 1131012163
28 1131007657 1131012168
8187 1131012168 1131012168
34 1131011604 1131012173
22 1131009347 1131012731
12 1131011594 1131012733
28 1131012733 1131012733
7 1131012168 1131012739
36 1131011604 1131013335
27 1131012173 1131013340
16 1131012731 1131013340
12 1131013340 1131013340
34 1131013335 1131013345
28 1131013340 1131013345
7 1131013345 1131013352
21 1131007061 1131013913
36 1131013352 1131013913
32 1131012731 1131014492
34 1131014492 1131014492
27 1131014492 1131014492
8187 1131012733 1131015631
7 1131014496 1131015631
36 1131015631 1131015631
16 1131015631 1131015631
12 1131015631 1131015631
27 1131015635 1131015635
32 1131015635 1131016803
29 1131013913 1131016809
21 1131015060 1131016809
8187 1131016803 1131016809
36 1131016809 1131016809
5878 1131007061 1131017390
22 1131013340 1131017390
11 1131013913 1131017390
28 1131014492 1131017390
34 1131015635 1131017390
7 1131017390 1131017390
12 1131017390 1131017390
36 1131020881 1131020881
9 1131021436 1131022019
31 1131022019 1131022019
16 1131019725 1131023780
5 1131022620 1131023780
5 1131024352 1131024352
36 1131024352 1131024366
32 1131024918 1131025508
20 1131024338 1131026112
20 1131027257 1131027257
53 1131027257 1131027257
5 1131026119 1131027825
22 1131027825 1131027825
2093 1131024338 1131028368
22 1131028976 1131028983
824 1131024345 1131028990
3809 1131029551 1131030165
32 1131026676 1131030172
8 1131029551 1131030172
3809 1131031286 1131031286
7020 1131031293 1131031293
32 1131031293 1131036526
4980 1131037109 1131037109
7273 1131037673 1131037673
3223 1131037666 1131037687
9794 1131006483 1131038259
7273 1131038259 1131038259
3223 1131038259 1131040620
3707 1131041776 1131041776
1284 1131042349 1131042349
10373 1131042962 1131042962
755 1131043539 1131043539
4793 1131048807 1131048807
644 1131048202 1131049395
10373 1131047070 1131049971
10373 1131051726 1131051726
10373 1131052899 1131052899
10373 1131053477 1131053484
10373 1131055228 1131055228
10373 1131055249 1131055249
10373 1131055270 1131055277
1991 1131054052 1131056405
4289 1131058689 1131058689
2335 1131058689 1131058689
1991 1131059235 1131059235
10373 1131062760 1131063315
7273 1131065583 1131084898
3223 1131065583 1131091297
7273 1131090690 1131093062
3223 1131091904 1131094753
10 1131095890 1131095890
16 1131095890 1131096476
22 1131096476 1131096476
32 1131095890 1131097066
9413 1131097066 1131097066
28 1131097629 1131097638
34 1131095890 1131097640
7 1131096476 1131097640
27 1131096476 1131097640
8187 1131095890 1131098195
21 1131095890 1131098195
7653 1131095890 1131098195
36 1131096476 1131098195
25 1131097066 1131098195
22 1131097633 1131098195
16 1131097638 1131098195
32 1131098195 1131098195
17 1131098749 1131098749
3010 1131098749 1131098756
29 1131098749 1131098756
23 1131098749 1131098756
11 1131098749 1131098770
14 1131098770 1131098777
29 1131098777 1131098777
17 1131098791 1131098791
23 1131098791 1131098798
3010 1131098798 1131098798
22 1131099380 1131099380
32 1131099380 1131099380
11 1131098791 1131099972
5 1131099972 1131099972
34 1131099972 1131099972
21 1131099380 1131099976
29 1131099976 1131099976
32 1131099979 1131099979
36 1131099380 1131099982
9413 1131099972 1131100540
28 1131099972 1131100540
16 1131099380 1131101119
22 1131100540 1131101677
29 1131101119 1131101680
27 1131099982 1131101686
36 1131101680 1131101692
7653 1131099380 1131102257
28 1131101686 1131102257
22 1131101692 1131102257
29 1131102257 1131102257
8187 1131099380 1131102260
25 1131099972 1131102260
34 1131099982 1131102260
7 1131099982 1131102260
21 1131100540 1131102260
32 1131101119 1131102260
16 1131102260 1131102260
11 1131102260 1131102260
36 1131102805 1131102805
3223 1131103371 1131103371
7273 1131103952 1131103952
7017 1131105652 1131105652
16 1131106245 1131106245
7 1131106245 1131106245
23 1131106245 1131106835
34 1131106245 1131107448
21 1131106245 1131107448
36 1131107448 1131107448
2424 1131106245 1131108032
7 1131108032 1131108032
16 1131108039 1131108039
17 1131109214 1131109762
34 1131108623 1131112083
25 1131108623 1131112633
32 1131112633 1131112640
7 1131109214 1131112654
2424 1131109762 1131112654
4 1131110891 1131112654
21 1131112633 1131112654
34 1131112647 1131112654
7273 1131114316 1131116042
7273 1131116676 1131117283
3223 1131114316 1131117290
6782 1131117844 1131117844
3579 1131117844 1131117844
9935 1131118983 1131118997
9030 1131120148 1131120148
5312 1131120148 1131120148
7871 1131120736 1131124131
6471 1131121308 1131124131
9005 1131121852 1131124131
7388 1131124672 1131124672
2970 1131124672 1131124672
9010 1131124672 1131124672
8524 1131124672 1131124672
7495 1131124672 1131124672
9623 1131124672 1131124672
7165 1131124672 1131125279
972 1131125279 1131125279
5792 1131125279 1131125279
1727 1131125279 1131125279
6444 1131125279 1131125279
686 1131125833 1131125833
2016 1131125833 1131125833
3665 1131125833 1131125837
7504 1131125833 1131125837
9100 1131125833 1131125837
1771 1131125833 1131125837
9280 1131125833 1131125837
1218 1131125833 1131125837
11139 1131125837 1131125837
2908 1131125837 1131125837
4732 1131126397 1131126397
1676 1131126397 1131126397
3364 1131126397 1131126404
8603 1131126397 1131126404
4411 1131126397 1131126411
8711 1131126397 1131126411
7023 1131126397 1131126995
8697 1131127555 1131128706
3487 1131129271 1131129271
4411 1131128706 1131129850
10270 1131130442 1131133865
10270 1131136107 1131136107
10270 1131136682 1131136689
10270 1131140717 1131140724
10270 1131146521 1131147123
10270 1131152275 1131152275
10270 1131154588 1131154588
10270 1131156899 1131156899
10270 1131157466 1131157466
10270 1131158046 1131158046
10270 1131158675 1131158675
10270 1131162810 1131162810
10270 1131165141 1131165141
10270 1131166851 1131166851
10270 1131167970 1131167970
10270 1131172530 1131172530
10270 1131174262 1131174262
3428 1131187688 1131187688
2565 1131187688 1131188265
7995 1131188265 1131188265
10270 1131189993 1131191142
10270 1131192299 1131192299
10270 1131194620 1131194620
10270 1131204519 1131204519
10270 1131206288 1131206288
287 1131207451 1131207465
280 1131207451 1131207465
7929 1131208662 1131208662
6568 1131210951 1131210951
8014 1131210951 1131210951
3651 1131210951 1131212090
6406 1131212090 1131212090
8017 1131212097 1131212104
11120 1131212097 1131212104
1899 1131212697 1131212704
280 1131212697 1131212704
287 1131212697 1131212704
10348 1131212704 1131212704
7986 1131212697 1131213281
7339 1131212697 1131213281
5195 1131213848 1131214451
3959 1131213848 1131214451
287 1131213855 1131215053
280 1131215053 1131215053
10551 1131215053 1131215613
4880 1131215613 1131216173
10750 1131216180 1131216187
10551 1131216187 1131216187
10270 1131265040 1131265040
3223 1131287863 1131288446
7273 1131288446 1131289590
3223 1131290759 1131295492
7273 1131295492 1131295492
2878 1131295492 1131295492
58 1131296681 1131296688
8310 1131299544 1131300118
58 1131301820 1131301820
8310 1131301820 1131301820
58 1131302989 1131302989
8310 1131302989 1131303568
8310 1131306508 1131307075
10373 1131307677 1131308262
3818 1131308262 1131308262
3230 1131312881 1131312881
10079 1131312881 1131312881
11224 1131313493 1131313493
3223 1131309398 1131322890
10678 1131332577 1131332577
10104 1131332584 1131332584
11162 1131333133 1131333133
3225 1131333140 1131333140
3226 1131333710 1131333710
10083 1131333710 1131333710
7273 1131309398 1131337744
3223 1131324036 1131342821
9016 1131343417 1131343417
9015 1131343417 1131343417
8031 1131343417 1131343417
32 1131344019 1131344019
28 1131344019 1131344565
11 1131344019 1131344565
36 1131344019 1131345122
21 1131345117 1131345122
12 1131344019 1131345126
6189 1131345122 1131345126
28 1131345126 1131345126
22 1131345126 1131345126
7 1131344019 1131345700
29 1131345122 1131345704
34 1131344565 1131345706
11 1131345700 1131345706
36 1131345704 1131345706
22 1131345706 1131345706
8187 1131345117 1131345711
16 1131344019 1131345717
28 1131345717 1131345717
12 1131345706 1131346293
7 1131345711 1131346293
29 1131346293 1131346293
6189 1131346293 1131346293
11 1131346849 1131346849
34 1131346849 1131346849
21 1131345711 1131348054
32 1131345122 1131348659
25 1131345704 1131348659
28 1131348054 1131349207
8187 1131347454 1131349788
16 1131347454 1131349788
22 1131347454 1131349788
36 1131347459 1131349788
34 1131348054 1131349788
21 1131349788 1131349788
6189 1131350377 1131350377
19 1131350377 1131350384
15 1131350377 1131350384
14 1131350377 1131350384
8071 1131350384 1131350384
7 1131348054 1131350960
8187 1131350960 1131350960
32 1131351522 1131351522
28 1131351522 1131353236
6 1131350377 1131353241
21 1131350960 1131353241
8187 1131353789 1131353789
22 1131350960 1131354368
20 1131354368 1131354368
28 1131354909 1131354909
12 1131351522 1131355461
32 1131353789 1131355461
11 1131354909 1131355461
21 1131354915 1131356591
36 1131350960 1131356596
6 1131356002 1131356596
34 1131350960 1131357154
28 1131356002 1131357154
12 1131356596 1131357154
11 1131357154 1131357154
7 1131352647 1131357158
29 1131354915 1131357158
22 1131356591 1131357158
8187 1131356591 1131357158
21 1131357158 1131357158
32 1131357158 1131357158
6 1131357711 1131357711
25 1131351522 1131358334
5 1131358905 1131358905
25 1131358898 1131359455
22 1131358905 1131360030
23 1131359455 1131360030
34 1131358898 1131360571
7 1131359455 1131360585
34 1131360599 1131360599
22 1131360599 1131360599
3010 1131357711 1131360613
23 1131360585 1131360613
5 1131360613 1131360613
27 1131360613 1131360613
8 1131361817 1131361817
32 1131362375 1131364650
54 1131364650 1131364650
3223 1131365214 1131367546
32 1131368741 1131369973
32 1131370582 1131371744
581 1131374046 1131374046
11020 1131374641 1131374641
6748 1131374641 1131374641
1513 1131375240 1131375240
1200 1131375247 1131375247
3886 1131375803 1131375803
560 1131375803 1131375803
5566 1131375803 1131375803
6821 1131375803 1131375803
3039 1131375803 1131375803
4626 1131376943 1131376950
7273 1131378773 1131385094
7273 1131386796 1131386796
7273 1131387370 1131389132
7273 1131389703 1131390293
10082 1131390300 1131390300
11379 1131390863 1131390863
7273 1131391468 1131391468
7273 1131393230 1131393230
3223 1131378773 1131393237
7273 1131393799 1131400199
3222 1131407739 1131407739
7274 1131429233 1131429233
11244 1131429824 1131429824
7273 1131401949 1131430391
3223 1131393258 1131431519
13 1131432668 1131432668
32 1131432106 1131432682
21 1131432668 1131433292
22 1131432668 1131433870
36 1131432668 1131434450
6189 1131432675 1131434450
28 1131432682 1131434450
34 1131432689 1131434450
20 1131434450 1131434450
32 1131433870 1131434454
21 1131434454 1131434454
36 1131435613 1131435613
27 1131433292 1131435639
22 1131435613 1131435639
22 1131436199 1131436199
33 1131436199 1131436199
25 1131435645 1131437336
28 1131435613 1131437343
27 1131436199 1131437343
11252 1131437343 1131437343
36 1131435632 1131437951
5215 1131436199 1131437951
11271 1131437951 1131437951
11369 1131437951 1131437951
21 1131435613 1131438542
11327 1131438542 1131438542
22 1131437343 1131441422
27 1131439644 1131441422
34 1131435613 1131441429
32 1131435613 1131441429
25 1131438542 1131441429
28 1131439088 1131441429
21 1131439651 1131441429
11246 1131442553 1131442553
3224 1131443114 1131443114
10921 1131443114 1131443114
3229 1131443672 1131443672
2878 1131457103 1131457103
11352 1131459390 1131459390
2878 1131459987 1131459994
7273 1131461160 1131461160
2878 1131461741 1131461748
7273 1131462341 1131462923
2878 1131462916 1131463523
3223 1131442553 1131464643
2690 1131465203 1131465203
7038 1131465203 1131465210
10699 1131466360 1131468700
58 1131469859 1131470464
10699 1131469866 1131470464
10699 1131471574 1131471581
10373 1131473284 1131473855
10373 1131476126 1131476126
58 1131471574 1131476140
8310 1131476689 1131476710
10373 1131477279 1131477286
1250 1131477300 1131477300
10373 1131477890 1131477890
8310 1131477890 1131477890
10373 1131479059 1131479073
9023 1131479066 1131479073
8310 1131479059 1131479663
13 1131480861 1131480861
6189 1131480271 1131481435
7273 1131482642 1131482649
7273 1131483783 1131483783
7273 1131484936 1131490229
7273 1131492536 1131494323
7273 1131495499 1131497199
7272 1131502376 1131502376
7273 1131498347 1131507019
7273 1131508187 1131511021
9794 1131342821 1131511617
3223 1131482642 1131511617
