33 1130494285 1130494285
25 1130494285 1130494285
17 1130494285 1130494291
6 1130494285 1130494291
54 1130494291 1130494291
5 1130494285 1130494296
7020 1130494291 1130494296
10 1130494296 1130494296
26 1130494296 1130494296
14 1130494285 1130494881
13 1130494285 1130494881
19 1130494291 1130494881
18 1130494291 1130494881
9 1130494296 1130494881
24 1130494881 1130494881
500 1130494285 1130495470
11150 1130496052 1130496052
824 1130496052 1130496052
8 1130496052 1130496595
54 1130496595 1130496595
2823 1130497148 1130497148
3170 1130497148 1130497148
795 1130497148 1130497148
3169 1130497148 1130497148
5 1130497709 1130497709
35 1130497709 1130497709
795 1130500516 1130502258
2823 1130499958 1130502272
3169 1130499958 1130502272
2823 1130503446 1130504644
55 1130505201 1130505201
795 1130503446 1130506895
3170 1130499958 1130507494
3169 1130503446 1130507494
2823 1130505796 1130507494
55 1130508060 1130508060
10090 1130508651 1130508651
500 1130508651 1130508651
795 1130509256 1130509256
2823 1130509256 1130511626
3170 1130509256 1130514531
3169 1130509256 1130514531
795 1130509277 1130514531
796 1130509843 1130514531
10090 1130515125 1130515132
55 1130515125 1130515132
795 1130515720 1130515727
3169 1130515720 1130516900
3170 1130515720 1130516900
796 1130515727 1130516900
795 1130516900 1130516900
829 1130518042 1130533116
4616 1130534264 1130534264
4027 1130534257 1130534271
3193 1130535457 1130535457
6697 1130536041 1130536041
9574 1130536041 1130536041
9425 1130536616 1130536616
10100 1130536616 1130536616
11218 1130536616 1130536616
8881 1130536616 1130536616
6366 1130536616 1130536622
7718 1130536622 1130536622
7806 1130536616 1130536629
1026 1130536616 1130536629
4373 1130536629 1130536629
7898 1130536616 1130536636
9637 1130537219 1130537219
3743 1130537219 1130537219
3170 1130540094 1130542443
3169 1130540094 1130542443
796 1130540094 1130542443
795 1130541292 1130542443
829 1130543596 1130551686
829 1130563343 1130563343
829 1130565024 1130565623
38 1130570814 1130571391
829 1130572554 1130573136
3170 1130574289 1130574296
796 1130574289 1130574296
3169 1130574289 1130574296
6713 1130574872 1130574872
7040 1130576595 1130578297
7483 1130578851 1130579418
7040 1130582338 1130583518
7040 1130584688 1130590951
7040 1130593218 1130593218
7040 1130597310 1130597317
7040 1130599075 1130603154
7040 1130604320 1130604320
2773 1130605496 1130605496
55 1130605489 1130605503
10090 1130605489 1130605503
829 1130607298 1130607885
9524 1130609023 1130609023
3571 1130609023 1130609030
8837 1130609030 1130609030
299 1130609619 1130609619
8345 1130609626 1130609626
4675 1130624973 1130624973
829 1130627264 1130663280
789 1130666706 1130666706
2756 1130666706 1130666706
3208 1130667303 1130667303
2915 1130667909 1130668484
3604 1130667909 1130669645
2915 1130670188 1130670188
5379 1130667909 1130670195
2915 1130671333 1130671333
3604 1130671333 1130671900
5379 1130671914 1130671914
9573 1130667909 1130673039
1429 1130674176 1130674176
9637 1130674727 1130674734
2249 1130674741 1130674741
37 1130674741 1130674741
3944 1130675346 1130675346
19 1130675346 1130675346
1243 1130675353 1130675353
8807 1130675346 1130675360
6740 1130675346 1130675360
1931 1130675951 1130675951
2537 1130676520 1130676520
7184 1130676520 1130676520
43 1130677126 1130677133
48 1130678335 1130678335
564 1130677735 1130678342
2616 1130677735 1130678342
7399 1130677735 1130678904
8651 1130677735 1130678904
798 1130678904 1130678904
319 1130678897 1130680623
94 1130680623 1130680623
7752 1130681190 1130681190
276 1130681190 1130681190
9135 1130681783 1130681783
3679 1130681190 1130681790
9314 1130681783 1130681790
1861 1130681783 1130681790
4156 1130681783 1130681790
9317 1130681790 1130681790
11099 1130682396 1130682396
4438 1130682396 1130682403
100 1130682417 1130682417
5225 1130683556 1130685328
829 1130687609 1130687609
829 1130689853 1130689874
829 1130693393 1130693400
55 1130693963 1130693963
417 1130693956 1130693970
10090 1130693963 1130693970
796 1130694558 1130697538
3169 1130694551 1130698711
3170 1130694551 1130698711
795 1130694551 1130698711
796 1130698711 1130698711
3212 1130701635 1130701635
3212 1130705247 1130705825
3212 1130706949 1130707545
2823 1130699290 1130711627
829 1130712184 1130715076
795 1130716775 1130718467
3169 1130716775 1130720774
796 1130716775 1130720774
3170 1130716775 1130720774
795 1130718488 1130720774
829 1130722507 1130723651
829 1130739092 1130740228
829 1130748372 1130748372
500 1130749535 1130749549
795 1130749535 1130753072
795 1130753093 1130753658
3170 1130748957 1130754260
3169 1130748957 1130754260
2823 1130748957 1130754260
796 1130748957 1130754260
796 1130755465 1130755465
795 1130755465 1130755465
3170 1130755465 1130755472
2823 1130755465 1130755472
3169 1130755465 1130755472
11052 1130758367 1130758367
795 1130758968 1130758968
794 1130760738 1130760738
3171 1130760738 1130760738
795 1130759567 1130761281
1560 1130761281 1130761281
3170 1130758968 1130762395
796 1130758968 1130762395
2823 1130758968 1130762395
3169 1130758968 1130762395
417 1130762948 1130762948
10090 1130762948 1130762955
55 1130762948 1130762955
795 1130763506 1130764070
796 1130763506 1130770482
2823 1130763506 1130770482
3170 1130763506 1130770482
3169 1130763506 1130770482
795 1130765216 1130770482
1367 1130773942 1130773942
8678 1130778046 1130778046
10631 1130778634 1130778634
10739 1130778634 1130778648
10739 1130779217 1130779217
10660 1130779811 1130779818
829 1130783896 1130783896
829 1130786242 1130789764
795 1130790306 1130795489
795 1130796605 1130797174
795 1130797195 1130798943
3169 1130790306 1130798957
3170 1130790306 1130798957
829 1130801302 1130831481
10090 1130833197 1130833197
795 1130832607 1130833745
3169 1130832607 1130840143
3170 1130832607 1130840143
2823 1130832607 1130840143
795 1130836085 1130840143
55 1130840732 1130840732
22 1130841282 1130841289
5878 1130841282 1130841289
795 1130843538 1130843538
3169 1130843538 1130848205
3170 1130843538 1130848205
2823 1130843538 1130848205
795 1130844648 1130848205
55 1130848791 1130848791
6680 1130851099 1130851099
500 1130852233 1130852233
795 1130849375 1130856194
795 1130857318 1130859067
3170 1130849375 1130859088
3169 1130849375 1130859088
2823 1130849375 1130859088
795 1130859088 1130859088
829 1130860262 1130863164
7040 1130864354 1130865521
7040 1130866679 1130869000
7040 1130869594 1130871387
7040 1130871408 1130871408
829 1130873154 1130874313
417 1130874900 1130874900
10090 1130874900 1130874900
795 1130875455 1130878427
795 1130879584 1130881297
795 1130882486 1130882486
795 1130882507 1130882514
3170 1130875455 1130885534
3169 1130875455 1130885534
795 1130883734 1130885534
829 1130886131 1130904740
829 1130906460 1130907647
829 1130909383 1130909383
829 1130911687 1130911694
829 1130914631 1130914631
795 1130918083 1130918083
55 1130918680 1130918680
795 1130919263 1130922159
795 1130923913 1130923913
3169 1130918083 1130923920
3170 1130918083 1130923920
2823 1130918083 1130923920
440 1130924463 1130924477
417 1130924463 1130924484
55 1130924463 1130924484
10090 1130924463 1130924484
6189 1130925035 1130925622
13 1130925035 1130925622
2700 1130925622 1130925622
500 1130925035 1130926213
55 1130926199 1130926213
2823 1130926800 1130928539
795 1130927401 1130928539
795 1130930841 1130930841
795 1130931997 1130931997
55 1130935464 1130935464
10090 1130935464 1130935464
795 1130936587 1130936587
6249 1130938863 1130938870
3169 1130926800 1130943591
3170 1130926800 1130943591
795 1130937164 1130943591
829 1130946470 1130948243
10590 1130952296 1130952837
3170 1130962806 1130962806
795 1130962806 1130962806
3169 1130962806 1130962806
3169 1130968769 1130973402
795 1130968769 1130973402
3170 1130968769 1130973402
829 1130974584 1131000417
440 1131000965 1131000965
10090 1131000965 1131000972
417 1131000965 1131000979
55 1131000972 1131000979
3170 1131001523 1131014781
3169 1131001523 1131014781
2093 1131015380 1131015380
33 1131015380 1131015380
9794 1131015380 1131015978
16 1131015978 1131015978
3 1131015380 1131016560
29 1131016560 1131016560
28 1131016560 1131016560
3170 1131017143 1131021900
3169 1131017157 1131021900
7587 1131024770 1131025364
500 1131022504 1131025937
9200 1131022504 1131027669
10090 1131022504 1131028223
500 1131027669 1131028223
3195 1131028223 1131028223
417 1131028223 1131028223
3170 1131028788 1131030539
3169 1131028788 1131030539
55 1131031145 1131031145
3195 1131031145 1131031145
3170 1131032275 1131032275
3169 1131032275 1131032275
829 1131032879 1131033434
494 1131034584 1131034584
2463 1131034584 1131035730
7270 1131036295 1131036295
494 1131036857 1131036857
2463 1131037433 1131037433
66 1131035132 1131037975
7102 1131034584 1131039667
7270 1131038519 1131040861
2463 1131039667 1131040861
66 1131040861 1131041469
7524 1131042013 1131042013
66 1131043173 1131043718
8581 1131034584 1131044292
2463 1131043718 1131044292
494 1131039667 1131046650
829 1131047849 1131050112
3169 1131050671 1131055849
3170 1131050671 1131055849
55 1131056423 1131056974
10090 1131056423 1131056974
417 1131056423 1131056974
829 1131057517 1131058735
829 1131060494 1131060501
829 1131063974 1131063974
829 1131069226 1131069240
829 1131074479 1131074500
829 1131076205 1131076219
829 1131079653 1131079660
3170 1131083099 1131092593
3169 1131083099 1131092593
55 1131093717 1131093724
55 1131096051 1131096051
55 1131101235 1131101235
3170 1131094288 1131103604
3169 1131094288 1131103604
829 1131104763 1131104763
2087 1131105911 1131105911
10433 1131105911 1131105918
10001 1131106496 1131106496
4530 1131106496 1131106496
358 1131106496 1131106496
4023 1131106496 1131106503
9373 1131106496 1131106503
9137 1131107087 1131107087
3170 1131108822 1131108822
3169 1131108822 1131110591
3170 1131109989 1131110591
55 1131111161 1131111161
10090 1131111161 1131111760
55 1131111774 1131111774
10090 1131111781 1131111781
3169 1131112377 1131112931
3170 1131112377 1131112938
3732 1131114644 1131114644
7347 1131114644 1131114651
10657 1131114644 1131114651
366 1131114651 1131114651
10719 1131114651 1131114651
9634 1131120378 1131120378
8784 1131136124 1131136124
3170 1131138477 1131140786
3169 1131138477 1131140786
829 1131141332 1131167216
9537 1131174305 1131176653
9537 1131177863 1131177863
9537 1131179558 1131179565
829 1131195209 1131195216
3169 1131195821 1131200450
3170 1131195821 1131200450
829 1131201011 1131201018
3896 1131202187 1131202194
4717 1131202786 1131202786
7947 1131202786 1131202786
2333 1131202786 1131202786
5115 1131203398 1131203398
5505 1131203970 1131203970
10579 1131203970 1131203970
7134 1131203970 1131203970
4710 1131204563 1131204563
4684 1131204563 1131204563
4706 1131204563 1131204563
2363 1131204563 1131204584
8408 1131204584 1131205147
4234 1131204563 1131205696
342 1131205696 1131205696
5923 1131204563 1131205703
8756 1131206254 1131206254
1439 1131206254 1131206254
2822 1131206254 1131206261
3896 1131206254 1131206261
33 1131206254 1131206261
9800 1131206867 1131206867
3476 1131206867 1131206867
7884 1131207441 1131207441
8782 1131207999 1131207999
8858 1131207999 1131207999
8460 1131207999 1131207999
6023 1131207999 1131207999
8057 1131208542 1131213652
8059 1131215973 1131215973
6023 1131215994 1131215994
24 1131215994 1131215994
8018 1131216547 1131216547
3169 1131218264 1131222268
3170 1131218264 1131222268
829 1131222816 1131224562
829 1131227491 1131227498
829 1131229808 1131229815
829 1131232724 1131233281
829 1131235025 1131235025
829 1131238507 1131238514
829 1131240263 1131240263
829 1131243743 1131243743
829 1131245464 1131245464
829 1131248353 1131248958
829 1131251251 1131251265
4415 1131253619 1131253619
2977 1131258331 1131258331
590 1131258951 1131258951
2977 1131259509 1131259509
5702 1131259509 1131259509
1549 1131259509 1131260076
10926 1131260076 1131260076
6207 1131260076 1131260076
9483 1131260635 1131261208
2892 1131262977 1131262977
2942 1131262977 1131262977
951 1131264158 1131265330
3679 1131270545 1131270545
4071 1131270545 1131270552
6397 1131271145 1131271152
6304 1131271145 1131271152
7083 1131271145 1131271152
6883 1131271145 1131271152
7985 1131271152 1131271152
1823 1131271152 1131271152
10186 1131271145 1131271695
1999 1131272836 1131272836
55 1131278589 1131278589
3168 1131285615 1131285615
797 1131285622 1131285622
3169 1131274586 1131287936
3170 1131274586 1131287936
829 1131289079 1131289086
829 1131292072 1131292072
829 1131294988 1131295568
3170 1131309482 1131319880
3169 1131309482 1131319880
829 1131321083 1131322258
829 1131334943 1131334943
829 1131336043 1131336043
3169 1131342344 1131342344
3170 1131342344 1131342344
5808 1131342344 1131342344
55 1131342909 1131344080
817 1131344626 1131344633
55 1131347503 1131348605
817 1131348605 1131348605
10090 1131342909 1131349752
417 1131342909 1131349752
500 1131342909 1131349752
3775 1131350313 1131350313
55 1131350313 1131350327
417 1131350327 1131350327
10090 1131350327 1131350327
10091 1131350890 1131350890
13 1131350890 1131351460
6189 1131350890 1131351467
23 1131351460 1131351467
500 1131350890 1131352025
417 1131352025 1131352025
10090 1131352025 1131352025
3169 1131352602 1131355579
8071 1131353203 1131355579
500 1131356136 1131356136
55 1131356136 1131356136
8071 1131356697 1131360775
13 1131363051 1131363051
3775 1131363051 1131363051
6189 1131363051 1131363051
27 1131363051 1131363051
8071 1131365913 1131366542
8071 1131368226 1131368226
3170 1131352602 1131371104
3169 1131356697 1131371104
417 1131371656 1131371677
55 1131371656 1131371677
10090 1131371656 1131371677
3775 1131371656 1131371684
3169 1131372292 1131372891
3170 1131372292 1131372891
829 1131373480 1131376455
3169 1131380482 1131380503
3170 1131380482 1131380503
55 1131381050 1131381050
417 1131381050 1131381050
10090 1131381050 1131382155
55 1131382706 1131382706
10090 1131384415 1131384963
55 1131384956 1131384963
417 1131383842 1131385570
417 1131387900 1131387907
55 1131386161 1131388503
10090 1131388503 1131388503
3170 1131389063 1131390813
3169 1131389063 1131390813
829 1131391955 1131400119
829 1131403034 1131403041
829 1131405376 1131405376
829 1131408265 1131408875
829 1131410616 1131410616
829 1131414057 1131414064
829 1131415798 1131415798
829 1131419319 1131419319
