34 1130498041 1130498041
25 1130498041 1130498041
7 1130498047 1130498047
7020 1130498053 1130498053
3 1130498041 1130498638
34 1130498638 1130498638
12 1130498638 1130498638
25 1130498638 1130499809
12 1130500352 1130500352
7020 1130500352 1130500352
22 1130499227 1130500905
11 1130500905 1130500905
5878 1130498047 1130501466
3 1130501466 1130502019
22 1130502022 1130502022
12 1130502022 1130502022
34 1130501466 1130502573
29 1130502573 1130502573
5878 1130502573 1130502573
7 1130500905 1130503130
16 1130498041 1130503136
21 1130498047 1130503136
3 1130503130 1130503136
12 1130503136 1130503136
28 1130498041 1130503710
36 1130498041 1130503710
9794 1130498041 1130503710
25 1130503130 1130503710
5878 1130503710 1130503710
22 1130503710 1130503710
34 1130503710 1130503710
2093 1130518877 1130518877
3191 1130519472 1130519472
1495 1130519472 1130520645
116 1130519479 1130520645
3191 1130520652 1130520652
818 1130519472 1130521794
3 1130518877 1130522362
9794 1130518877 1130522362
2093 1130522355 1130522362
824 1130522362 1130522362
22 1130756209 1130756209
3 1130756209 1130756214
497 1130756220 1130756220
25 1130756214 1130756822
28 1130756214 1130756822
21 1130756209 1130756826
5878 1130756209 1130756831
7 1130756209 1130756831
16 1130756209 1130757385
34 1130756826 1130757385
7 1130757388 1130757391
36 1130756209 1130757993
34 1130757993 1130758001
16 1130758001 1130758001
9794 1130756209 1130758598
5878 1130757391 1130758598
34 1130758598 1130758598
9413 1130759735 1130759735
22 1130756822 1130760339
29 1130760339 1130760339
34 1130760339 1130760339
11 1130760943 1130760943
3 1130756826 1130761493
21 1130757385 1130761493
36 1130758594 1130762086
34 1130762086 1130762086
28 1130756836 1130762651
16 1130759181 1130762651
22 1130762086 1130762651
25 1130757380 1130762655
7 1130758007 1130762655
5878 1130760339 1130762655
9794 1130760339 1130762655
3 1130762655 1130762655
11 1130762655 1130762655
21 1130762655 1130762655
20 1130762655 1130762655
6782 1130763800 1130763800
319 1130763800 1130763800
9794 1130764366 1130764373
3 1130764366 1130764373
10 1130765544 1130765544
395 1130767252 1130767252
6189 1130767837 1130767837
1439 1130769581 1130769581
6159 1130775293 1130775293
7081 1130775300 1130775300
2089 1130775869 1130775869
7731 1130775869 1130775869
9293 1130775869 1130775869
10587 1130776955 1130776955
3864 1130776955 1130776962
7 1130837912 1130837912
21 1130837912 1130837912
36 1130837910 1130837917
16 1130837910 1130837918
27 1130837910 1130837918
28 1130837910 1130837918
7 1130838504 1130839082
27 1130839080 1130839082
5878 1130837910 1130840237
28 1130839080 1130840237
27 1130840237 1130840841
16 1130840237 1130840841
9794 1130837910 1130840851
3 1130837918 1130840851
7 1130840841 1130840863
27 1130840857 1130840863
7020 1130840857 1130841426
3 1130841426 1130841426
25 1130837912 1130841431
21 1130838504 1130841431
36 1130839080 1130841436
7 1130841985 1130841989
21 1130841989 1130841989
28 1130840857 1130841996
9794 1130841426 1130842002
3 1130842589 1130842589
7 1130842589 1130842592
28 1130842592 1130842592
21 1130842589 1130842599
9794 1130842599 1130842599
5878 1130841426 1130843760
25 1130841989 1130843760
36 1130841996 1130843760
7 1130843760 1130844310
34 1130837910 1130844316
27 1130841985 1130844887
11 1130844891 1130844891
22 1130837910 1130845475
28 1130843760 1130845475
21 1130844305 1130846031
36 1130844887 1130846603
25 1130844887 1130846603
34 1130845475 1130846603
11 1130846603 1130846603
3 1130843157 1130846607
9794 1130844305 1130846607
5878 1130844887 1130846607
7 1130846031 1130846607
22 1130846607 1130846607
21 1130847207 1130847207
16 1130840863 1130847803
28 1130846607 1130847803
34 1130847803 1130847803
25 1130847803 1130847803
27 1130846603 1130848374
15 1130848374 1130848374
16 1130848976 1130848976
6189 1130849546 1130849546
8 1130849546 1130850145
27 1130850145 1130850145
34 1130850145 1130850145
22 1130848374 1130850152
28 1130850152 1130850152
34 1130850166 1130850166
33 1130851316 1130851316
13 1130851316 1130851316
22 1130851316 1130851316
28 1130850762 1130851322
34 1130853028 1130853028
8 1130850166 1130853032
1767 1130853028 1130853032
28 1130853028 1130853032
27 1130850762 1130853573
16 1130853573 1130853573
13 1130853573 1130853573
27 1130853594 1130853594
8 1130854182 1130855900
34 1130854748 1130855900
13 1130854748 1130855900
16 1130853594 1130855907
27 1130855308 1130855907
28 1130855907 1130855907
6189 1130850762 1130857038
22 1130855907 1130857038
11290 1130857044 1130857044
13 1130857044 1130857629
16 1130857629 1130858203
34 1130857038 1130858208
6189 1130858203 1130858208
22 1130858214 1130858214
13 1130858214 1130858214
27 1130857044 1130858755
8 1130857038 1130859354
6189 1130859354 1130859354
34 1130859354 1130860530
5878 1130860530 1130860530
27 1130859948 1130860537
5215 1130848367 1130861121
21 1130850762 1130861712
25 1130851316 1130861712
22 1130859955 1130861712
5878 1130861712 1130861712
34 1130861712 1130862841
3809 1130858755 1130862848
34 1130862862 1130862862
3809 1130862869 1130864596
7064 1130919648 1130919655
54 1130922552 1130922552
18 1130923156 1130923156
2 1130923156 1130923735
5878 1130923728 1130923735
34 1130924306 1130924867
2 1130924874 1130925430
18 1130924306 1130926001
23 1130926001 1130926001
22 1130923735 1130926554
25 1130926559 1130927137
3 1130926559 1130927137
7 1130928268 1130928268
3 1130928272 1130928854
5878 1130924874 1130928865
25 1130928854 1130928865
11 1130929467 1130929467
34 1130925430 1130930065
7 1130928859 1130930065
21 1130926554 1130930645
11 1130930645 1130930645
3 1130930065 1130930649
25 1130930645 1130930649
13 1130931221 1130931225
34 1130930649 1130931228
11 1130931228 1130931228
16 1130926554 1130931805
3 1130931228 1130932408
21 1130931805 1130932408
27 1130926001 1130932412
36 1130926554 1130932412
22 1130927681 1130932412
5878 1130930071 1130932412
7 1130930649 1130932412
25 1130931228 1130932412
34 1130932412 1130932412
9794 1130926554 1130933570
6 1130933011 1130933570
18 1130933570 1130933570
22 1131004273 1131004273
34 1131004273 1131004273
27 1131004266 1131004279
8187 1131004273 1131004279
11 1131004279 1131004279
12 1131004279 1131004843
25 1131004273 1131005411
8187 1131005411 1131005411
7 1131005998 1131005998
27 1131005998 1131006587
12 1131006587 1131006587
5878 1131004273 1131006593
25 1131006593 1131006593
8187 1131006599 1131006605
12 1131006605 1131006612
28 1131004843 1131006618
22 1131006599 1131006618
29 1131004836 1131006629
11 1131005411 1131006629
21 1131004273 1131007178
27 1131006618 1131007178
5878 1131006618 1131007743
3 1131007748 1131007748
36 1131004273 1131007754
21 1131007754 1131007754
9794 1131007743 1131008346
1131 1131008888 1131008888
22 1131007178 1131008892
27 1131007754 1131008892
21 1131008892 1131008896
25 1131006618 1131008903
9794 1131008903 1131009482
22 1131009482 1131009482
5878 1131008346 1131009486
34 1131006587 1131010029
8187 1131006624 1131010029
3 1131008903 1131010029
1131 1131009486 1131010029
12 1131008888 1131011163
7 1131011163 1131011163
29 1131011163 1131011163
3 1131011170 1131011170
28 1131007743 1131011743
27 1131010029 1131011743
34 1131011170 1131011743
16 1131004836 1131011748
7 1131011748 1131011748
22 1131010575 1131011761
27 1131011761 1131011761
29 1131011761 1131011761
36 1131008892 1131012317
8187 1131011170 1131012321
16 1131012317 1131012895
27 1131012895 1131012895
29 1131013487 1131013487
12 1131011748 1131013491
7 1131012895 1131013491
9794 1131010575 1131014046
3 1131011754 1131014046
34 1131012317 1131015189
29 1131015192 1131015192
7 1131015192 1131015192
9794 1131015192 1131015192
11 1131015195 1131015195
27 1131014046 1131015738
3 1131015192 1131015742
12 1131016303 1131016303
5878 1131011170 1131016880
21 1131009486 1131016888
16 1131014641 1131016888
12 1131016888 1131016888
9794 1131016888 1131016888
34 1131016303 1131016893
11 1131016893 1131016893
22 1131013487 1131017452
27 1131016880 1131017452
3 1131017452 1131017452
28 1131012317 1131017458
36 1131014046 1131017458
8187 1131014641 1131017458
7 1131016303 1131017458
16 1131017458 1131017458
29 1131016893 1131018029
5878 1131017452 1131018029
21 1131017458 1131018029
12 1131018029 1131018029
9794 1131018029 1131018029
11 1131018029 1131018029
34 1131018029 1131018029
9388 1131018628 1131018628
5 1131025634 1131025634
3 1131025634 1131026216
2093 1131025634 1131027397
824 1131025634 1131027404
5 1131026784 1131027404
20 1131025641 1131028586
5878 1131028586 1131028586
5 1131028593 1131028593
22 1131028586 1131029191
2093 1131028586 1131029191
8 1131029777 1131030946
3809 1131032117 1131032117
7020 1131032117 1131032124
9794 1131025634 1131036743
3 1131027397 1131036743
36 1131092663 1131092663
16 1131092663 1131092670
27 1131092663 1131092670
7653 1131092670 1131092670
7 1131092670 1131092670
25 1131093277 1131093284
36 1131093284 1131094983
16 1131093841 1131094983
7 1131094402 1131095556
7653 1131096148 1131096148
36 1131096148 1131096148
34 1131092663 1131096738
27 1131093841 1131096738
28 1131096148 1131096738
36 1131097306 1131097306
9413 1131096148 1131097858
34 1131097858 1131097858
28 1131097858 1131097858
21 1131092663 1131098460
7 1131096738 1131098460
25 1131094402 1131098465
8187 1131096148 1131099060
22 1131096148 1131099060
3 1131096152 1131099060
28 1131098472 1131099060
34 1131098472 1131099619
11 1131099619 1131099619
7653 1131097306 1131099623
36 1131098460 1131099623
9413 1131099619 1131099628
16 1131099619 1131099628
7 1131099619 1131100174
25 1131099619 1131100174
22 1131099628 1131100174
9413 1131101325 1131101325
25 1131101325 1131101325
7 1131101892 1131101892
34 1131100174 1131101897
29 1131100174 1131102493
7653 1131100743 1131102493
25 1131102493 1131102493
27 1131098460 1131102496
21 1131099623 1131102496
28 1131099628 1131102496
8187 1131099628 1131102496
3 1131100743 1131102496
22 1131101892 1131102496
36 1131101897 1131102496
11 1131102496 1131102496
10587 1131107064 1131107064
1620 1131107644 1131107644
1840 1131108220 1131108220
10315 1131109339 1131109339
3561 1131109982 1131109982
1722 1131109982 1131109982
8859 1131109989 1131109989
7349 1131109989 1131109989
4164 1131109982 1131109996
7762 1131109989 1131109996
4125 1131109975 1131110003
10110 1131110010 1131110010
10587 1131110567 1131110574
6468 1131110574 1131110574
9373 1131111163 1131111163
1461 1131111163 1131111163
7185 1131111163 1131111163
1474 1131111163 1131111163
7818 1131111163 1131111163
9865 1131111163 1131111163
9767 1131111163 1131111163
6340 1131111163 1131111163
25 1131112337 1131112337
3 1131112337 1131113520
25 1131113520 1131114131
21 1131113520 1131114131
28 1131114131 1131114731
34 1131112337 1131115279
36 1131112337 1131116462
7 1131114124 1131116462
21 1131115279 1131116462
25 1131116462 1131116462
2424 1131112344 1131117595
4 1131112344 1131117595
5301 1131164609 1131164609
10680 1131165169 1131165772
7238 1131172718 1131172718
748 1131172718 1131173820
4336 1131173263 1131173820
6757 1131175557 1131175557
4146 1131184334 1131184334
480 1131184334 1131184334
9542 1131184334 1131184334
3031 1131184891 1131184891
8060 1131185472 1131185472
5020 1131185472 1131185472
6776 1131185472 1131185479
2996 1131185472 1131185479
2332 1131185472 1131185479
7255 1131185472 1131185479
8967 1131185472 1131185479
5626 1131185479 1131185479
6129 1131185479 1131185479
1027 1131186075 1131186075
4392 1131186075 1131186075
5192 1131186674 1131186674
7001 1131186674 1131186681
11143 1131186681 1131186681
10072 1131187276 1131187283
6606 1131187276 1131187283
3003 1131187824 1131187824
3292 1131189550 1131189550
7829 1131190710 1131190710
6656 1131190710 1131190710
9021 1131190710 1131190710
2763 1131190710 1131190710
9081 1131190710 1131191326
8531 1131190710 1131191326
8312 1131190710 1131191326
6273 1131193099 1131193099
10895 1131193099 1131193113
8239 1131193120 1131193127
6914 1131194260 1131194260
8111 1131194260 1131202373
7057 1131202974 1131202974
5664 1131202974 1131202974
9834 1131202974 1131202974
269 1131202974 1131202974
8652 1131205924 1131205924
7972 1131207033 1131207033
3471 1131207033 1131207033
4176 1131207033 1131207033
4933 1131207033 1131207033
2795 1131207033 1131207033
3325 1131207608 1131207622
3153 1131207622 1131207622
340 1131208785 1131208785
120 1131209369 1131209369
7612 1131209927 1131210533
7022 1131209927 1131210540
720 1131215805 1131215805
720 1131220439 1131220439
275 1131226313 1131226313
1613 1131260719 1131261274
9891 1131264202 1131266010
717 1131268922 1131268922
7644 1131268922 1131268922
8163 1131268922 1131268922
1151 1131268936 1131268936
5325 1131269530 1131269530
2881 1131270094 1131270094
7562 1131269530 1131270698
717 1131271306 1131271306
1689 1131271306 1131271306
7676 1131278177 1131278177
1619 1131278731 1131278731
2540 1131278724 1131278738
7186 1131278724 1131284461
4087 1131285614 1131287945
11064 1131285614 1131287945
8978 1131287393 1131287945
7482 1131287945 1131287945
12 1131344563 1131344567
11 1131344567 1131344585
16 1131344585 1131344585
22 1131344563 1131344594
36 1131344563 1131344594
34 1131344563 1131345135
12 1131345135 1131345135
11 1131345135 1131345135
28 1131344563 1131345688
12 1131345688 1131345688
25 1131344563 1131345692
7 1131345141 1131345699
11 1131345699 1131345699
9794 1131344563 1131346268
16 1131345699 1131346268
3 1131344563 1131346850
8187 1131344567 1131346850
29 1131345135 1131346850
7 1131347421 1131347421
12 1131347421 1131347428
25 1131346850 1131348013
9794 1131348013 1131348019
7 1131348019 1131348019
34 1131348019 1131348583
28 1131346268 1131349143
16 1131348019 1131349148
21 1131344573 1131349743
22 1131345147 1131349749
7 1131349148 1131349761
16 1131349756 1131349761
36 1131345147 1131350357
34 1131350357 1131350357
3 1131348013 1131350945
25 1131349143 1131350949
7 1131350949 1131350949
16 1131350949 1131350949
12 1131351520 1131351520
9794 1131349148 1131352093
3 1131352093 1131352093
12 1131353270 1131353834
9794 1131353834 1131354423
36 1131351520 1131354991
25 1131352683 1131355538
7 1131355538 1131355538
9794 1131356099 1131356099
3 1131354991 1131356704
34 1131351520 1131356711
36 1131356704 1131356711
12 1131356711 1131356711
29 1131355538 1131357301
25 1131356711 1131357845
28 1131349743 1131357852
7 1131357301 1131357852
3 1131357852 1131357852
11238 1131357852 1131357852
11266 1131357852 1131357852
8187 1131348013 1131357858
21 1131349761 1131357858
22 1131350357 1131357858
9794 1131357845 1131357858
36 1131357858 1131357858
34 1131357858 1131357858
12 1131357858 1131357858
3010 1131361984 1131361984
8 1131361984 1131364897
3 1131361984 1131364904
9794 1131361984 1131364904
3010 1131364897 1131364904
22 1131365483 1131365483
9794 1131368939 1131371231
3 1131368939 1131371231
9794 1131371831 1131372431
3 1131372424 1131372431
7974 1131373030 1131373030
34 1131433366 1131433970
27 1131433966 1131434562
36 1131433966 1131434562
3 1131432759 1131435103
9794 1131433366 1131435103
28 1131433366 1131435704
6189 1131433366 1131435711
13 1131435704 1131435711
4087 1131435711 1131435711
28 1131436262 1131436262
34 1131435103 1131436838
33 1131436838 1131436838
3 1131436256 1131436842
34 1131438031 1131438031
33 1131438635 1131438635
5215 1131436838 1131438641
34 1131438641 1131438641
36 1131435711 1131439228
382 1131439825 1131439830
18 1131439830 1131439830
27 1131436256 1131441539
28 1131437447 1131441539
3 1131438036 1131441539
34 1131439825 1131441539
21 1131433366 1131442097
22 1131433366 1131442097
9794 1131436256 1131442097
25 1131436262 1131442097
18 1131443234 1131443234
4087 1131443839 1131443846
34 1131444436 1131444443
19 1131444443 1131444443
5215 1131445023 1131445619
27 1131445023 1131445633
19 1131445640 1131445640
21 1131445640 1131445640
25 1131445023 1131446209
5215 1131446209 1131446802
34 1131445619 1131447370
25 1131447370 1131448495
21 1131447363 1131449650
27 1131446802 1131450226
34 1131448509 1131451378
21 1131451947 1131451947
22 1131452547 1131452547
25 1131449650 1131453107
27 1131451364 1131453107
34 1131452540 1131453114
21 1131453107 1131453128
21 1131454256 1131454256
22 1131454270 1131454270
34 1131454256 1131455437
21 1131455437 1131455985
27 1131453128 1131456577
34 1131456584 1131456584
25 1131453128 1131457145
21 1131457145 1131457145
36 1131445619 1131457734
5215 1131447928 1131457734
6189 1131459490 1131459490
