20 1130494234 1130494234
3010 1130494234 1130494234
9 1130494239 1130494244
5 1130494234 1130494829
1 1130494239 1130495418
7 1130495418 1130495418
30 1130494234 1130496000
10 1130494234 1130496000
19 1130494234 1130496000
9 1130496000 1130496000
5 1130496543 1130496543
4 1130494239 1130497096
35 1130494239 1130497096
13 1130495418 1130497096
26 1130496543 1130497096
7 1130497096 1130497096
20 1130496000 1130497657
6 1130494234 1130498210
23 1130494234 1130498210
10 1130497657 1130498210
1131 1130497657 1130498213
2 1130497657 1130498213
26 1130498213 1130498213
1 1130498213 1130498213
15 1130496543 1130498764
24 1130498210 1130498764
19 1130497657 1130499321
10 1130499321 1130499321
6 1130499321 1130499321
20 1130498764 1130499324
18 1130498213 1130499898
1131 1130499324 1130499898
24 1130499898 1130499898
4 1130499898 1130500456
2 1130500456 1130500456
19 1130500456 1130500456
3010 1130494829 1130500459
1 1130499324 1130500459
20 1130500459 1130500459
7020 1130497657 1130500460
5 1130499321 1130500460
23 1130500456 1130500460
14 1130500459 1130500460
24 1130500460 1130500460
15 1130500460 1130500460
10 1130500456 1130501031
30 1130501031 1130501031
35 1130498764 1130501600
1131 1130500460 1130501600
6 1130501031 1130501600
2 1130501600 1130501600
454 1130507990 1130507990
5817 1130507990 1130507990
5412 1130507990 1130507990
7445 1130509186 1130509193
7200 1130509186 1130509207
3953 1130509780 1130509780
7102 1130512109 1130512683
5052 1130518533 1130518540
9 1130519734 1130520310
5052 1130520310 1130521493
9 1130522642 1130522642
3065 1130522642 1130523198
7793 1130523817 1130523817
9895 1130523803 1130524417
7102 1130538287 1130538287
7687 1130541787 1130548148
7793 1130591438 1130591438
1594 1130596644 1130598408
1594 1130599605 1130600772
9819 1130602523 1130602523
1594 1130602502 1130604831
1594 1130605434 1130605434
523 1130606043 1130606050
8975 1130596644 1130606652
1594 1130606624 1130606652
4831 1130608954 1130608961
4256 1130610137 1130611883
9 1130673549 1130673549
7793 1130673549 1130673549
4256 1130674107 1130674107
3773 1130674114 1130674114
9 1130674658 1130674665
4256 1130675277 1130675291
7847 1130675291 1130675291
7102 1130676451 1130677666
7102 1130679382 1130679382
7847 1130682327 1130682327
7847 1130682348 1130682348
7847 1130684108 1130685843
6346 1130696881 1130697469
3773 1130696881 1130697469
7793 1130696881 1130697469
7102 1130697462 1130697469
2765 1130704567 1130705756
5 1130749466 1130749466
6 1130749466 1130749466
14 1130750025 1130750624
6 1130750624 1130750624
9 1130749466 1130751222
10 1130751222 1130751222
19 1130749466 1130751804
2 1130749466 1130751804
5 1130750025 1130751804
20 1130750624 1130751804
13 1130750025 1130752394
18 1130749466 1130752401
4 1130750025 1130752401
7 1130752387 1130752401
9 1130753003 1130753582
19 1130753003 1130753582
4 1130754191 1130754191
6 1130754191 1130754191
19 1130754795 1130754808
4 1130754808 1130754808
15 1130749466 1130755395
3010 1130753575 1130755395
6189 1130750025 1130755400
20 1130753003 1130755400
13 1130753010 1130755400
9 1130754795 1130755400
28 1130755983 1130755983
21 1130755983 1130755983
7 1130755983 1130755983
10 1130753017 1130756537
6 1130755395 1130756537
19 1130755983 1130758295
3010 1130756537 1130758295
4 1130755983 1130758888
18 1130756537 1130758888
5878 1130759453 1130759453
34 1130759453 1130759453
10 1130759453 1130759453
3 1130759453 1130759460
21 1130759460 1130759460
10 1130760605 1130761178
6 1130761774 1130761774
5 1130753010 1130762349
2 1130755983 1130762349
15 1130756537 1130762349
14 1130757141 1130762349
20 1130760004 1130762349
18 1130760004 1130762349
4 1130760605 1130762349
10888 1130759453 1130763464
34 1130763464 1130763464
28 1130764029 1130764029
7 1130764029 1130764057
7587 1130764043 1130764057
2 1130764642 1130764642
34 1130764642 1130764656
6 1130764642 1130765780
8 1130765199 1130765780
7 1130765199 1130765780
2 1130765766 1130765780
34 1130765773 1130765780
9 1130766386 1130769825
9895 1130781299 1130781299
9546 1130781891 1130781891
5052 1130782490 1130783090
4256 1130783090 1130783090
5149 1130838261 1130838261
9895 1130848172 1130848179
4831 1130848172 1130848179
7102 1130848172 1130848179
922 1130848735 1130848735
7847 1130848172 1130849324
4256 1130848735 1130849324
9072 1130849324 1130849324
7847 1130858576 1130860883
9895 1130865526 1130866075
5052 1130866075 1130866075
7847 1130866627 1130867836
9895 1130867836 1130867836
3157 1130872553 1130872553
3000 1130872553 1130872553
19 1130873119 1130877164
424 1130877164 1130877164
3724 1130873119 1130879481
19 1130878338 1130879481
2257 1130880671 1130880671
4256 1130881274 1130881274
2 1130919416 1130919416
5 1130919416 1130920020
19 1130919416 1130920020
4 1130920020 1130920020
5878 1130920592 1130920592
1 1130920592 1130920592
30 1130920020 1130920597
2 1130920597 1130920597
4 1130921168 1130921168
4087 1130921168 1130921729
22 1130921729 1130921729
17 1130921729 1130921729
20 1130919416 1130921733
14 1130920020 1130921733
5 1130921733 1130921733
7 1130922282 1130922282
1 1130922282 1130922282
4 1130922282 1130922282
824 1130922282 1130922282
18 1130919416 1130922286
5878 1130922282 1130922286
27 1130922282 1130922286
19 1130921168 1130922857
5 1130922857 1130922857
15 1130919416 1130923410
9 1130919416 1130923416
4 1130923410 1130923416
30 1130921733 1130923995
17 1130923995 1130924539
19 1130923423 1130925132
15 1130923995 1130925132
3010 1130923410 1130925718
9 1130924539 1130925718
4 1130925718 1130925718
20 1130922857 1130925724
13 1130922857 1130925724
30 1130925132 1130925724
18 1130925714 1130926326
15 1130926326 1130926326
5 1130926326 1130926326
23 1130926326 1130926326
6189 1130922857 1130926924
22 1130926928 1130926928
9 1130926928 1130926928
17 1130926326 1130927502
14 1130926924 1130927502
6 1130919416 1130927507
21 1130927507 1130927507
4 1130926924 1130928079
2 1130926924 1130928079
18 1130927507 1130928079
5 1130928079 1130928079
1 1130926924 1130928083
23 1130928079 1130928083
17 1130928083 1130928083
11362 1130928083 1130928083
6189 1130927507 1130928087
5878 1130928087 1130928087
4087 1130926326 1130928664
14 1130928083 1130928664
3010 1130926928 1130929267
19 1130926326 1130929272
6 1130928087 1130929272
5 1130928664 1130929272
20 1130929871 1130929871
1 1130929871 1130929871
15 1130928079 1130930423
23 1130929272 1130930423
9794 1130930423 1130930423
2 1130928664 1130930427
21 1130930423 1130930427
34 1130931032 1130931032
25 1130930427 1130931589
5 1130930427 1130931589
18 1130928664 1130932152
17 1130929267 1130932152
6 1130930427 1130932152
15 1130932152 1130932152
23 1130932152 1130932152
4 1130929267 1130932746
4087 1130929871 1130932746
14 1130930427 1130932746
20 1130931032 1130932746
6189 1130931589 1130932746
3 1130931589 1130932746
2 1130932746 1130932746
1 1130932746 1130932746
824 1130933933 1130934503
5219 1130933330 1130936229
824 1130936819 1130936819
16 1130935094 1130936826
14 1130936819 1130936826
21 1130937398 1130937997
11156 1130940358 1130941472
21 1130940358 1130941472
961 1130940907 1130941472
7793 1131006906 1131006906
7793 1131008620 1131009241
4087 1131011532 1131011532
14 1131011532 1131012127
4 1131011532 1131012675
15 1131012127 1131012675
1131 1131012675 1131012675
29 1131011532 1131012679
10 1131011532 1131012679
20 1131011532 1131012679
23 1131012127 1131012679
2 1131012127 1131012679
30 1131012679 1131012679
1 1131012675 1131012681
9 1131012681 1131012681
34 1131012681 1131012681
18 1131013224 1131013224
19 1131013224 1131013224
5 1131011532 1131013227
17 1131011532 1131013227
2 1131013227 1131013227
23 1131013227 1131013227
11 1131012127 1131013788
3010 1131012675 1131013788
4087 1131012681 1131013788
4 1131013227 1131013788
10 1131013788 1131013788
21 1131013788 1131013788
14 1131012681 1131014365
1 1131014945 1131014945
2 1131014945 1131014950
9 1131014950 1131015521
5 1131015521 1131015521
7587 1131014950 1131016126
1131 1131013224 1131016669
10 1131014950 1131016669
23 1131016120 1131016669
19 1131014386 1131017258
3010 1131014945 1131017258
4087 1131014945 1131017258
14 1131014945 1131017258
1767 1131014945 1131017258
17 1131016669 1131017258
1 1131017258 1131017258
5 1131017258 1131017258
5843 1131017844 1131017844
2093 1131018452 1131018452
36 1131018452 1131019674
2093 1131019681 1131019681
36 1131020811 1131020818
2093 1131020818 1131020818
9 1131016669 1131021420
6248 1131026077 1131026084
4112 1131027830 1131027830
4394 1131028437 1131028437
7806 1131028437 1131028437
4167 1131029026 1131029026
3588 1131029026 1131029026
7793 1131035975 1131035982
3773 1131036575 1131036575
11227 1131037140 1131037140
7847 1131035975 1131037147
7102 1131036575 1131037161
10525 1131043535 1131043535
424 1131042955 1131044092
424 1131046989 1131046989
7174 1131047003 1131047003
7593 1131044092 1131049900
424 1131049900 1131049900
303 1131051091 1131052202
4407 1131051636 1131052202
5755 1131052783 1131052783
10025 1131052783 1131052783
1230 1131053345 1131053345
8366 1131053345 1131053345
7544 1131053345 1131053345
3584 1131053345 1131053345
9072 1131053345 1131053345
9131 1131053345 1131053929
7867 1131053929 1131053929
400 1131053929 1131053929
7784 1131053929 1131053929
7491 1131053345 1131054483
994 1131055666 1131055666
6346 1131055666 1131055673
5974 1131055666 1131055673
7793 1131055666 1131055673
2189 1131056279 1131056279
9163 1131056279 1131056279
9861 1131056279 1131056279
6165 1131056279 1131056279
11141 1131056279 1131056279
1233 1131056279 1131056279
5328 1131056279 1131056863
7303 1131056863 1131056863
3767 1131056863 1131056863
8274 1131053345 1131056865
9072 1131056279 1131056865
11019 1131056865 1131056865
7784 1131056863 1131057449
7329 1131056865 1131057449
3584 1131056865 1131057449
7658 1131057449 1131057449
994 1131056863 1131058040
9154 1131057449 1131058040
9098 1131058040 1131058040
5974 1131058040 1131058040
9234 1131058040 1131058588
9038 1131058588 1131058588
7793 1131058588 1131058588
6346 1131058588 1131058588
7235 1131058588 1131058588
5328 1131058588 1131058590
5261 1131058590 1131058590
3584 1131058590 1131058590
8274 1131058590 1131058590
8366 1131056865 1131059164
9098 1131059164 1131059164
994 1131059164 1131059712
3379 1131059712 1131059712
5974 1131059712 1131059712
10889 1131059712 1131059712
325 1131059712 1131059712
10025 1131060307 1131060307
9234 1131060307 1131060904
9098 1131060904 1131060904
3584 1131060904 1131060904
9072 1131058590 1131061454
7442 1131061460 1131061465
9154 1131059164 1131061470
7793 1131060307 1131062041
5539 1131061454 1131062041
9234 1131062041 1131062041
8996 1131062041 1131062041
9163 1131057449 1131062583
9848 1131056863 1131062587
7784 1131058590 1131062587
10760 1131061454 1131062587
9072 1131061470 1131062587
10889 1131062583 1131062587
3584 1131062583 1131062587
2189 1131062583 1131062587
9154 1131062587 1131062587
18 1131092449 1131092449
3010 1131092449 1131092449
19 1131092449 1131092449
1 1131092449 1131092456
54 1131092463 1131092463
4 1131092449 1131093029
6 1131092456 1131093621
1 1131093621 1131093621
30 1131093621 1131093621
2 1131093621 1131093621
3010 1131093029 1131093626
15 1131092449 1131094780
23 1131093029 1131094780
20 1131093626 1131094780
21 1131094780 1131094780
18 1131093029 1131095331
4087 1131093029 1131095331
10 1131093626 1131095331
6 1131094780 1131095933
11 1131095940 1131095940
1204 1131092449 1131095946
1 1131095328 1131095946
2 1131095331 1131095946
4 1131095328 1131096534
6 1131096534 1131096534
5 1131096534 1131097098
2 1131097098 1131097098
19 1131093029 1131097104
6 1131097650 1131097650
10 1131096534 1131098219
1204 1131097104 1131098219
14 1131094212 1131098797
4 1131097104 1131098797
1 1131097650 1131098797
19 1131098797 1131098797
3010 1131095328 1131098801
15 1131095933 1131098801
23 1131096534 1131098801
6 1131098801 1131098801
18 1131098797 1131099368
21 1131099368 1131099368
4 1131099375 1131099375
23 1131099971 1131099971
1204 1131099368 1131099974
1 1131099375 1131099974
17 1131099971 1131099974
2 1131099971 1131100529
10 1131099971 1131100529
5 1131098219 1131101074
15 1131099971 1131101074
6 1131099971 1131101074
19 1131100529 1131101084
17 1131101078 1131101084
14 1131099974 1131101685
4 1131101074 1131101685
1 1131101078 1131101685
21 1131101685 1131101685
20 1131099974 1131101688
18 1131101074 1131101688
10 1131101696 1131101696
17 1131101696 1131101696
1767 1131100529 1131102273
6 1131101688 1131102273
4 1131102273 1131102273
19 1131102273 1131102273
23 1131101078 1131102830
5 1131101688 1131102830
17 1131103380 1131103959
7 1131103380 1131103959
28 1131103380 1131103959
4087 1131097093 1131105129
15 1131101696 1131105129
34 1131103380 1131105129
5 1131104535 1131105129
23 1131104535 1131105129
21 1131105115 1131105129
16 1131105115 1131105129
961 1131105698 1131105698
2644 1131105698 1131106258
961 1131106824 1131106824
11156 1131105684 1131106838
8355 1131107460 1131107460
159 1131107460 1131107460
2424 1131113357 1131113357
4087 1131113357 1131113357
2093 1131113933 1131113933
17 1131113933 1131114481
2093 1131115643 1131115657
824 1131113933 1131116204
6691 1131113933 1131116204
9 1131113933 1131116204
7847 1131120110 1131120110
4831 1131121315 1131121315
4831 1131122482 1131122482
10244 1131122489 1131122489
9921 1131127116 1131127704
9921 1131129521 1131129521
9921 1131131829 1131131829
9921 1131133535 1131135877
9921 1131137628 1131139941
9921 1131141690 1131150396
7847 1131189391 1131190570
7847 1131190598 1131190598
1594 1131196937 1131196937
1594 1131197559 1131199289
1594 1131201015 1131201015
1313 1131202219 1131202799
10159 1131203395 1131203395
1462 1131208004 1131208004
5767 1131209203 1131209210
9777 1131209203 1131209210
3161 1131209210 1131209210
8269 1131209791 1131209791
6882 1131210393 1131210393
5768 1131210393 1131210393
3497 1131210393 1131210393
9497 1131210393 1131210393
11108 1131210393 1131210393
1311 1131209791 1131210973
9954 1131210973 1131210976
7505 1131210973 1131210976
2875 1131210976 1131210976
6800 1131210976 1131210976
10194 1131210973 1131211531
3816 1131210973 1131211531
6134 1131210976 1131211531
2418 1131210973 1131211538
6241 1131210973 1131211538
10470 1131209791 1131212087
7831 1131211538 1131212087
491 1131212087 1131212087
9900 1131212087 1131212087
4797 1131212087 1131212087
4355 1131212087 1131212087
1311 1131212087 1131212087
8756 1131212692 1131212692
3959 1131212692 1131212692
2324 1131213828 1131213828
7568 1131213828 1131213828
2674 1131213828 1131213828
2554 1131213828 1131213828
9915 1131213828 1131213828
2815 1131213828 1131213828
7226 1131213828 1131213828
4905 1131214397 1131214397
9471 1131214397 1131214997
1930 1131213828 1131215579
7850 1131216162 1131216162
2309 1131216770 1131216770
1930 1131216162 1131217906
10573 1131218501 1131218501
5802 1131218501 1131218508
4555 1131220810 1131220810
1323 1131220241 1131221366
770 1131220241 1131221373
3919 1131220810 1131221373
7763 1131221373 1131221373
2184 1131221969 1131221969
8860 1131221969 1131221969
1378 1131222549 1131222549
391 1131222549 1131222549
1318 1131223167 1131223174
10906 1131223174 1131223181
9298 1131223174 1131223181
4441 1131223181 1131223181
10879 1131223167 1131223188
3446 1131223174 1131223188
597 1131223188 1131223188
9228 1131223188 1131223188
49 1131223780 1131223780
850 1131226055 1131226069
53 1131226055 1131226069
4484 1131226055 1131226069
10037 1131226062 1131226069
11047 1131226069 1131226069
8236 1131227204 1131227204
420 1131270544 1131270544
7810 1131271104 1131271104
3898 1131271104 1131271111
7037 1131271104 1131271111
9019 1131271104 1131271111
8771 1131271678 1131271678
9896 1131271678 1131271678
1290 1131271678 1131271678
2677 1131271678 1131271678
5177 1131271678 1131271678
891 1131272269 1131272269
4860 1131272269 1131272824
8913 1131280222 1131280222
7307 1131289380 1131289380
3649 1131289380 1131289380
23 1131344333 1131344333
19 1131344333 1131344904
6189 1131344904 1131344904
30 1131344333 1131344911
10091 1131344904 1131344911
6 1131344904 1131345496
17 1131345496 1131345496
15 1131344911 1131346066
19 1131346066 1131346066
30 1131346066 1131346066
23 1131345496 1131346626
17 1131346626 1131346626
13 1131345496 1131346633
1767 1131345496 1131346640
30 1131346640 1131346640
20 1131346633 1131347229
18 1131344904 1131347248
6189 1131345502 1131347248
17 1131347235 1131347248
5 1131347844 1131347844
30 1131348432 1131348432
23 1131347229 1131349010
17 1131348439 1131349010
21 1131350173 1131350173
30 1131350173 1131350173
14 1131344333 1131350760
20 1131347844 1131350760
6 1131348439 1131350760
6 1131351915 1131351915
15 1131347229 1131352483
6189 1131352483 1131352483
13 1131352483 1131352483
4087 1131344333 1131353591
5 1131349583 1131353591
23 1131350760 1131353591
17 1131351331 1131353591
18 1131350173 1131354196
6 1131354196 1131354196
15 1131354196 1131354196
34 1131354793 1131354793
19 1131346640 1131355337
1767 1131355337 1131355337
4087 1131355337 1131355344
17 1131355337 1131355960
4087 1131355960 1131355960
23 1131355344 1131355967
6 1131355967 1131355967
18 1131355344 1131355974
13 1131355974 1131355974
1767 1131355960 1131355981
20 1131355351 1131356536
23 1131356536 1131356543
6189 1131356550 1131356550
5 1131356536 1131356557
10091 1131355337 1131357098
14 1131355960 1131357098
17 1131355981 1131357098
4087 1131355981 1131357098
19 1131356536 1131357098
1767 1131356550 1131357098
6 1131356557 1131357098
8856 1131358849 1131360090
10244 1131360083 1131360090
9072 1131360083 1131360090
3775 1131368154 1131368154
54 1131368154 1131368696
17 1131368696 1131368703
23 1131368703 1131368731
6958 1131368731 1131368731
7020 1131369317 1131371111
18 1131369317 1131371111
7847 1131378635 1131379202
1192 1131378642 1131379778
7102 1131379778 1131379778
25 1131436132 1131436146
32 1131436733 1131436733
18 1131436733 1131436733
21 1131436733 1131436733
4087 1131436733 1131436736
22 1131436733 1131436736
23 1131436736 1131436736
20 1131436736 1131436736
13 1131436736 1131436736
19 1131436733 1131437329
14 1131436733 1131437333
17 1131436733 1131437333
3010 1131436736 1131437333
28 1131436736 1131437333
1767 1131437333 1131437333
3 1131436736 1131437891
23 1131437891 1131437891
25 1131437891 1131437891
27 1131437891 1131437891
21 1131437333 1131438451
11301 1131438451 1131438451
19 1131438451 1131438451
30 1131437329 1131439032
17 1131439032 1131439032
32 1131438451 1131439038
14 1131439032 1131439038
3 1131439038 1131439038
9794 1131437329 1131439045
20 1131437891 1131439045
22 1131437891 1131439045
36 1131439032 1131439045
28 1131439045 1131439045
17 1131439603 1131439603
34 1131437891 1131440165
1767 1131439032 1131440165
1768 1131440165 1131440165
19 1131440165 1131440740
17 1131440740 1131440740
18 1131439045 1131441345
21 1131440158 1131441345
34 1131441352 1131441352
3 1131441345 1131441948
25 1131441942 1131441948
1767 1131441942 1131442528
4087 1131441942 1131442528
17 1131441942 1131442528
18 1131441948 1131442528
10091 1131440158 1131442535
3010 1131440158 1131442535
14 1131440158 1131442535
19 1131441942 1131442535
9344 1131443714 1131443714
8500 1131443714 1131443714
11075 1131444307 1131444307
2021 1131444868 1131445433
9895 1131446000 1131446000
4499 1131446000 1131446000
42 1131446000 1131446007
9072 1131463373 1131463980
19 1131468648 1131473237
9864 1131474918 1131474925
3502 1131476669 1131476669
