12 1130497861 1130497861
22 1130497861 1130497866
7020 1130497866 1130497866
5878 1130497866 1130497866
26 1130497866 1130497866
32 1130497861 1130497872
18 1130498457 1130498457
19 1130498457 1130498457
21 1130498457 1130498457
3 1130497861 1130499046
16 1130497872 1130499046
28 1130497872 1130499046
5 1130499046 1130499046
22 1130499628 1130499628
7020 1130499628 1130499628
36 1130497861 1130500171
12 1130499046 1130500171
32 1130499628 1130500171
5878 1130499628 1130500171
7 1130497861 1130501285
22 1130501285 1130501285
28 1130501285 1130501838
32 1130501838 1130501838
12 1130501838 1130501843
29 1130501843 1130501843
11 1130501843 1130502394
5878 1130502394 1130502394
22 1130502394 1130502956
28 1130502956 1130502956
7 1130502956 1130502956
21 1130500171 1130503530
3 1130500724 1130503530
5878 1130503530 1130503530
16 1130501285 1130504092
29 1130504088 1130504092
25 1130497861 1130504094
36 1130501838 1130504094
32 1130502951 1130504094
11 1130503530 1130504094
21 1130504094 1130504094
12 1130504088 1130504665
7 1130504092 1130504665
28 1130504094 1130504665
13 1130504665 1130504665
9413 1130504665 1130504665
5 1130504665 1130504665
2 1130505234 1130505234
3 1130505234 1130505808
35 1130505234 1130505815
12 1130505822 1130506422
28 1130506422 1130506422
2 1130505829 1130507010
35 1130506422 1130507010
1131 1130505234 1130507592
12 1130507586 1130508200
7 1130506429 1130508207
30 1130507592 1130508207
11345 1130508214 1130508214
9413 1130508214 1130508214
11406 1130508214 1130508214
3 1130506422 1130508764
12 1130508764 1130508764
5 1130509915 1130509915
6 1130509915 1130509915
382 1130508764 1130510458
30 1130510458 1130510458
9413 1130511623 1130511623
36 1130507586 1130512214
1131 1130513406 1130513406
28 1130507586 1130515181
7 1130509359 1130515181
29 1130515741 1130515741
7 1130516315 1130516315
12 1130510458 1130517517
9794 1130497861 1130518086
3 1130510458 1130518086
7 1130518079 1130518086
17 1130512214 1130518093
382 1130512819 1130518093
28 1130516315 1130518093
12 1130518093 1130518093
7 1130518694 1130518694
17 1130519889 1130521052
17 1130522772 1130522772
4311 1130525682 1130525689
3911 1130525682 1130525689
7657 1130536071 1130536071
10350 1130536678 1130536678
7657 1130538436 1130538436
10350 1130538436 1130538436
9054 1130540178 1130540178
8594 1130540192 1130540192
5545 1130540185 1130540199
10350 1130540192 1130540199
7273 1130540199 1130540199
7017 1130540782 1130540782
1 1130541919 1130541919
7273 1130541926 1130541926
1566 1130541919 1130541940
5545 1130541947 1130541947
9054 1130541940 1130543070
7017 1130543070 1130543070
10528 1130542519 1130543657
4713 1130541919 1130544254
5545 1130544254 1130544254
1566 1130544254 1130544254
8594 1130541919 1130544855
1419 1130544254 1130544855
9054 1130544855 1130544855
9038 1130545470 1130545470
7303 1130545456 1130546055
3 1130605218 1130605218
21 1130605218 1130605786
7 1130605218 1130605789
25 1130605786 1130605789
36 1130605218 1130605795
3 1130606350 1130606933
28 1130605218 1130606941
7 1130606933 1130606941
3010 1130606941 1130606941
16 1130605795 1130606944
21 1130606928 1130606944
22 1130605218 1130607548
9794 1130605786 1130607548
32 1130605789 1130607548
25 1130606928 1130607548
36 1130606933 1130607548
3 1130606944 1130607548
6 1130608150 1130608150
19 1130608150 1130608164
20 1130608150 1130608164
10 1130608150 1130608164
3010 1130608150 1130608164
10888 1130608746 1130608746
11349 1130608746 1130608746
29 1130608746 1130608746
25 1130608749 1130608749
7 1130608746 1130609300
11 1130609888 1130609888
29 1130609899 1130609899
5878 1130605218 1130610453
22 1130608746 1130610453
9794 1130608749 1130610453
7 1130609893 1130611005
28 1130608749 1130611011
16 1130609295 1130611011
3 1130609300 1130611011
20 1130611000 1130611011
25 1130611011 1130611011
36 1130608746 1130611015
21 1130608746 1130611015
32 1130608749 1130611015
11 1130611005 1130611015
9794 1130611015 1130611015
22 1130611015 1130611015
5878 1130611015 1130611015
9367 1130611577 1130611584
7587 1130611584 1130611584
33 1130611577 1130612145
28 1130612145 1130612145
10888 1130611015 1130612152
7 1130611577 1130612152
33 1130613294 1130614485
8 1130614485 1130614485
6 1130613294 1130615039
8 1130615589 1130615596
28 1130615603 1130615603
8 1130616180 1130616765
2 1130612730 1130619069
5 1130619652 1130621963
11145 1130622533 1130622547
10692 1130622547 1130622547
7435 1130626598 1130627187
2391 1130626007 1130628858
5221 1130626598 1130628858
5527 1130630000 1130630000
5575 1130631704 1130634058
14 1130685938 1130685938
21 1130685938 1130685938
36 1130686546 1130686546
28 1130685938 1130687130
25 1130685938 1130687734
27 1130685318 1130687737
7020 1130687734 1130687737
21 1130687737 1130687737
7 1130687130 1130687740
11315 1130687740 1130687740
5878 1130686546 1130688326
3 1130686546 1130688326
20 1130688326 1130688326
6189 1130688326 1130688872
21 1130688872 1130688872
1767 1130688872 1130688872
32 1130686546 1130688876
16 1130686546 1130688876
27 1130688872 1130689462
7020 1130688872 1130689467
9794 1130685938 1130690058
22 1130687740 1130690058
36 1130687737 1130690626
27 1130690626 1130690626
3 1130689462 1130691181
25 1130688326 1130691761
27 1130691755 1130692354
28 1130687740 1130692900
25 1130693499 1130693499
7 1130689462 1130693506
32 1130690632 1130693511
16 1130690058 1130694082
36 1130691761 1130694082
32 1130694627 1130694627
28 1130693511 1130695210
11 1130694627 1130695210
9794 1130691755 1130695214
5878 1130690058 1130695220
22 1130691181 1130695220
3 1130692354 1130695220
7 1130694082 1130695220
36 1130695214 1130695220
25 1130694082 1130695814
32 1130695220 1130695814
21 1130689467 1130696396
19 1130696396 1130696396
27 1130693511 1130696403
16 1130695214 1130696978
28 1130696396 1130696978
5215 1130697528 1130697535
15 1130697528 1130697535
27 1130697535 1130698125
32 1130698118 1130698720
16 1130698125 1130699310
15 1130699898 1130699898
28 1130698720 1130700474
1767 1130700474 1130700474
36 1130699898 1130701062
16 1130701062 1130701062
21 1130701062 1130701626
5898 1130701626 1130701626
5215 1130701626 1130702214
32 1130702214 1130702214
27 1130699898 1130702220
5878 1130701062 1130702220
36 1130702220 1130702220
22 1130697528 1130703378
13 1130699898 1130703378
16 1130702220 1130703946
28 1130702214 1130704513
21 1130702792 1130705110
5878 1130703378 1130705117
8 1130705117 1130705117
16 1130705117 1130705117
6189 1130699898 1130705120
25 1130699898 1130705689
32 1130703946 1130706875
8 1130706875 1130707444
27 1130703946 1130708585
5215 1130703378 1130709773
22 1130705117 1130710339
21 1130705689 1130710339
5878 1130706282 1130710346
16 1130706875 1130710346
25 1130708041 1130710346
27 1130710339 1130710346
32 1130708585 1130710889
36 1130703378 1130711461
3809 1130712639 1130712639
32 1130710910 1130713233
3891 1130715517 1130715517
2 1130715517 1130715517
6452 1130717267 1130717267
8011 1130771316 1130771316
7 1130773036 1130773036
32 1130772451 1130773043
5878 1130772451 1130773043
18 1130773036 1130773620
2 1130772451 1130774168
25 1130774764 1130774764
25 1130775894 1130775894
36 1130774764 1130776458
21 1130774764 1130776458
5878 1130774168 1130777597
22 1130772451 1130778186
16 1130774764 1130778186
36 1130777597 1130778186
20 1130778771 1130778771
32 1130774175 1130778776
25 1130777011 1130778776
7 1130774764 1130778780
33 1130779374 1130779374
5878 1130778776 1130779924
36 1130778780 1130779924
16 1130778780 1130779928
25 1130779932 1130779932
11 1130778186 1130779935
32 1130779932 1130779935
21 1130778186 1130779939
22 1130778780 1130779939
7 1130779935 1130779943
3 1130775324 1130780513
15 1130779939 1130780513
25 1130779943 1130780513
36 1130779939 1130781063
22 1130781063 1130781063
9794 1130774764 1130781067
13 1130779924 1130781067
5878 1130779939 1130781067
33 1130781063 1130781067
27 1130775324 1130781628
21 1130781063 1130781628
11 1130781628 1130781628
14 1130781628 1130781628
13 1130782185 1130782185
6189 1130779928 1130782192
25 1130782178 1130782192
82 1130782178 1130782192
1495 1130782185 1130782199
18 1130782199 1130782206
16 1130779939 1130783325
23 1130782199 1130783325
9794 1130782762 1130783325
14 1130782762 1130783325
3 1130782762 1130783325
6 1130783325 1130783325
811 1130785078 1130786220
5575 1130805342 1130807137
1092 1130810607 1130811165
5575 1130812928 1130815810
10449 1130851584 1130851584
22 1130852136 1130853282
32 1130853282 1130853282
11 1130853282 1130853282
29 1130853837 1130853837
25 1130852679 1130854442
16 1130853837 1130854447
22 1130854447 1130854453
12 1130852679 1130855005
28 1130853837 1130855005
11 1130855005 1130855005
8187 1130852136 1130855009
29 1130854453 1130855009
25 1130855005 1130855014
5878 1130852136 1130855614
36 1130852136 1130855616
11 1130855616 1130855616
28 1130855610 1130856186
32 1130854447 1130856757
12 1130855610 1130856757
25 1130855616 1130856757
3 1130856757 1130856757
7 1130852136 1130857348
36 1130857348 1130857348
21 1130852679 1130857908
1131 1130857908 1130857908
5878 1130856757 1130858507
9794 1130856757 1130858507
32 1130858507 1130858507
27 1130853278 1130858510
16 1130855009 1130858510
22 1130855014 1130858510
8187 1130855614 1130858510
28 1130857908 1130858510
3 1130858507 1130858510
25 1130858507 1130858510
36 1130858510 1130858510
1131 1130859083 1130859083
18 1130859669 1130859669
29 1130860269 1130860269
27 1130860269 1130860269
3 1130860269 1130860851
12 1130860851 1130860856
9794 1130860856 1130860856
15 1130860856 1130860861
8187 1130860269 1130860867
7 1130860851 1130860867
16 1130860269 1130862010
3 1130860867 1130862010
12 1130862010 1130862010
21 1130861427 1130862572
19 1130862572 1130862572
28 1130860269 1130862578
32 1130860269 1130862578
27 1130860861 1130862578
7 1130862578 1130862578
3 1130862583 1130862583
9794 1130861427 1130863140
12 1130862583 1130863140
29 1130863140 1130863140
7587 1130863140 1130863140
32 1130863693 1130863693
11 1130863693 1130863693
3 1130863696 1130863696
36 1130860861 1130864275
22 1130860867 1130864275
16 1130862583 1130864275
27 1130863693 1130864860
12 1130864860 1130864860
32 1130864860 1130864860
28 1130863696 1130864864
9794 1130864275 1130864864
11 1130864860 1130864864
29 1130864275 1130865452
16 1130865452 1130865452
22 1130865452 1130866010
7 1130863696 1130866015
36 1130865452 1130866015
19 1130866015 1130866015
9794 1130866015 1130866015
12 1130866574 1130866574
21 1130863696 1130866580
3 1130866010 1130866580
16 1130866574 1130866580
22 1130866580 1130866580
27 1130866580 1130866580
5878 1130860269 1130866586
8187 1130862578 1130866586
32 1130866010 1130866586
28 1130866015 1130866586
11 1130866586 1130866586
7 1130866586 1130866586
9794 1130866586 1130866586
9373 1130867748 1130867748
4476 1130868350 1130868350
3010 1130868350 1130868350
1927 1130907931 1130907931
201 1130940311 1130940311
4 1130940893 1130940893
14 1130940893 1130940914
18 1130940893 1130940914
33 1130940900 1130940914
1204 1130940900 1130940914
19 1130940900 1130940914
2 1130940907 1130940914
3010 1130940914 1130940914
4 1130940914 1130940914
11260 1130941462 1130941462
11361 1130941462 1130941462
21 1130941462 1130942037
16 1130940893 1130942622
7 1130941462 1130942622
32 1130941462 1130942629
11303 1130942636 1130942636
11330 1130943202 1130943202
27 1130942037 1130943765
7 1130943765 1130943765
25 1130942037 1130943772
10 1130944313 1130944313
21 1130942629 1130944318
5 1130944313 1130944318
5215 1130944313 1130944318
9413 1130944313 1130944871
27 1130944318 1130944871
22 1130944871 1130944871
8187 1130945464 1130945464
32 1130943765 1130946604
7653 1130944871 1130946604
28 1130945464 1130946604
5 1130946604 1130946604
7 1130944318 1130946607
25 1130944871 1130946607
22 1130946604 1130946607
27 1130946604 1130946607
10 1130947152 1130947152
36 1130942037 1130947166
7653 1130947159 1130947169
8187 1130947169 1130947169
5 1130947169 1130947751
32 1130947172 1130947751
16 1130943202 1130947756
3 1130945464 1130947766
7 1130947166 1130947766
36 1130947751 1130947766
11 1130948329 1130948329
5 1130948329 1130948329
22 1130947172 1130948332
32 1130948329 1130948332
16 1130948329 1130948332
7 1130948914 1130948914
21 1130946032 1130949464
28 1130948332 1130949464
11 1130949464 1130949464
8187 1130947756 1130949469
7653 1130947762 1130949474
29 1130948914 1130949474
5 1130949469 1130949474
9413 1130949469 1130950070
7 1130949474 1130950070
10 1130950640 1130950640
3 1130948914 1130950644
22 1130949474 1130950644
28 1130950640 1130950644
7653 1130950644 1130950650
5 1130950650 1130950650
32 1130949469 1130951193
36 1130950070 1130951193
8187 1130950640 1130951193
11 1130950644 1130951193
6 1130951193 1130951193
27 1130947166 1130951762
25 1130947166 1130951762
21 1130950650 1130951762
28 1130951762 1130951762
17 1130951762 1130952332
7 1130951762 1130952332
15 1130952332 1130952332
5 1130952929 1130952929
33 1130952332 1130953542
23 1130953542 1130953542
7 1130954145 1130954145
5 1130954145 1130954690
15 1130953542 1130954697
21 1130954145 1130954697
23 1130954697 1130954697
36 1130955905 1130955912
16 1130950070 1130955919
23 1130955912 1130955919
7 1130955301 1130955940
33 1130955940 1130955940
21 1130955912 1130956496
23 1130956496 1130957060
4087 1130951762 1130957067
36 1130955933 1130957067
7 1130957060 1130957670
23 1130957684 1130957684
3 1130955926 1130958243
16 1130955940 1130958243
4087 1130957677 1130958243
36 1130957684 1130958243
17 1130958243 1130959447
3 1130959447 1130960032
25 1130957663 1130960039
2424 1130955905 1130960609
21 1130961214 1130961214
4 1130960609 1130962373
21 1130962373 1130962373
7 1130958243 1130962981
25 1130961767 1130962981
36 1130959447 1130963583
32 1130961767 1130963583
2424 1130962366 1130963583
21 1130963583 1130963583
28 1130961767 1130964182
10778 1130964175 1130964182
4087 1130964175 1130964182
5575 1131045796 1131045796
7546 1131055124 1131055124
1144 1131055117 1131055131
6883 1131055117 1131055131
10213 1131055131 1131055131
10350 1131088267 1131088267
9235 1131191657 1131191657
6892 1131191657 1131191657
4087 1131192256 1131192256
23 1131192256 1131192256
12 1131192256 1131193405
7 1131192808 1131193405
32 1131193405 1131193982
8187 1131192808 1131193985
7 1131193985 1131193985
28 1131193978 1131194567
12 1131193985 1131194571
25 1131193985 1131194571
29 1131193985 1131194573
13 1131194567 1131194573
8187 1131194573 1131194573
6189 1131193985 1131194576
32 1131194573 1131194576
6 1131195138 1131195138
7 1131195138 1131195138
3 1131193405 1131195144
36 1131192808 1131195150
11 1131195144 1131195150
13 1131195150 1131195150
16 1131192808 1131195729
28 1131194576 1131195729
6189 1131195729 1131196315
33 1131196315 1131196315
29 1131196315 1131196315
14 1131196315 1131196315
8187 1131196873 1131196873
16 1131197433 1131197439
32 1131195150 1131197453
7 1131197439 1131197998
28 1131197433 1131198600
22 1131192808 1131199170
36 1131196873 1131199170
32 1131199170 1131199170
21 1131192808 1131199177
25 1131195138 1131199177
16 1131197998 1131199177
18 1131199755 1131199755
29 1131199755 1131199755
5215 1131199755 1131199762
33 1131199755 1131199762
14 1131199755 1131199762
11 1131199762 1131199762
19 1131199762 1131199762
7 1131200337 1131200337
12 1131200331 1131200915
28 1131200331 1131201491
32 1131200337 1131201491
12 1131202088 1131202654
6189 1131203258 1131203258
28 1131202654 1131203849
32 1131203258 1131203849
8187 1131203849 1131203849
3 1131196873 1131203854
12 1131204451 1131204451
6189 1131204451 1131204451
29 1131203849 1131205009
29 1131205586 1131206173
6189 1131206173 1131206173
7 1131200922 1131206176
11 1131205583 1131206176
12 1131205586 1131206176
9794 1131193405 1131206179
36 1131200331 1131206179
22 1131200331 1131206179
25 1131200331 1131206179
28 1131205009 1131206179
32 1131205009 1131206179
8187 1131205014 1131206179
3 1131206173 1131206179
21 1131200331 1131206773
1767 1131206773 1131206773
3775 1131206773 1131207376
7587 1131207376 1131207376
8187 1131208510 1131208510
7 1131207376 1131209665
9794 1131207921 1131209665
3 1131207921 1131209665
3010 1131207921 1131209665
8187 1131210804 1131210804
23 1131208510 1131210818
22 1131208510 1131211418
6189 1131211411 1131211418
13 1131211411 1131211418
8187 1131211418 1131211418
12 1131211418 1131211418
23 1131211995 1131213767
27 1131214327 1131215486
6189 1131215486 1131215486
13 1131215486 1131215486
3196 1131216074 1131216074
805 1131216074 1131216074
6 1131216650 1131217257
805 1131220111 1131220111
3196 1131217828 1131220656
3775 1131220104 1131220656
1869 1131224103 1131224103
2391 1131221803 1131224704
250 1131226471 1131227037
1092 1131227037 1131227037
10350 1131250937 1131256178
23 1131280665 1131280665
3010 1131280665 1131281268
952 1131281268 1131281268
20 1131281828 1131281835
9794 1131281821 1131282412
27 1131282991 1131282991
32 1131281821 1131282996
28 1131281821 1131283539
22 1131281821 1131283539
21 1131281821 1131283539
36 1131281842 1131283539
6189 1131282991 1131283539
9794 1131283539 1131283539
13 1131283539 1131283539
3 1131281828 1131284124
27 1131284708 1131284708
33 1131285316 1131285324
20 1131285316 1131285328
21 1131284708 1131285334
3 1131285316 1131285928
5215 1131285928 1131285928
22 1131284708 1131285947
27 1131285334 1131285952
5215 1131285952 1131285952
3 1131285952 1131286531
25 1131285321 1131287102
20 1131287102 1131287102
36 1131284708 1131287679
28 1131284708 1131287679
32 1131284715 1131287679
9794 1131285316 1131287679
21 1131285934 1131287679
27 1131286535 1131287679
22 1131286535 1131287679
3 1131287679 1131287679
33 1131285924 1131288264
14 1131288257 1131288271
18 1131288257 1131288278
19 1131288278 1131288278
17 1131288278 1131288285
33 1131288848 1131289442
9794 1131288848 1131290606
3 1131288848 1131290606
25 1131288848 1131290606
22 1131288848 1131290606
32 1131289442 1131290606
27 1131288848 1131291197
21 1131288848 1131291197
9415 1131291197 1131291197
9415 1131291218 1131291218
7587 1131291197 1131291225
27 1131291225 1131291239
28 1131288848 1131292372
1099 1131291190 1131292372
32 1131292973 1131294770
5215 1131294183 1131294770
19 1131294183 1131295326
36 1131294183 1131295326
32 1131295340 1131295885
30 1131292973 1131295899
21 1131291225 1131299339
32 1131296484 1131299907
21 1131300510 1131302837
25 1131291798 1131303437
22 1131293581 1131305754
27 1131293581 1131305760
36 1131295892 1131305760
5215 1131299339 1131305760
32 1131300517 1131305760
21 1131304049 1131305760
25 1131304593 1131305760
7587 1131308029 1131308029
3405 1131311576 1131311576
9925 1131311576 1131312196
9381 1131312182 1131312196
5262 1131312182 1131312196
3010 1131365655 1131365655
18 1131366262 1131366262
7020 1131366262 1131366262
7020 1131369853 1131369853
18 1131369853 1131369853
3010 1131369853 1131369853
2696 1131374483 1131374483
2252 1131375686 1131375686
2696 1131376284 1131376284
8187 1131366850 1131376291
5878 1131366850 1131376291
1767 1131376882 1131376882
123 1131378036 1131378036
9038 1131378036 1131378637
539 1131378637 1131378637
7206 1131395922 1131395936
10788 1131446471 1131446471
6892 1131447053 1131447053
5215 1131452290 1131452290
5878 1131447607 1131452851
6189 1131454051 1131454051
5878 1131454602 1131454602
5878 1131455225 1131455225
5878 1131455793 1131456945
8187 1131448200 1131461038
382 1131458713 1131461638
5878 1131459275 1131461638
6189 1131461031 1131461638
1092 1131480157 1131480157
7313 1131480157 1131480757
5301 1131480757 1131480757
123 1131480157 1131480764
