28 1130497681 1130497681
3 1130497688 1130498280
7020 1130498280 1130498280
22 1130497681 1130498869
25 1130498280 1130498869
7020 1130499994 1130499994
28 1130499994 1130499994
1131 1130499994 1130499994
12 1130498869 1130500547
22 1130500547 1130500547
25 1130501108 1130501108
21 1130497681 1130501661
5878 1130498280 1130502218
32 1130498280 1130502218
28 1130501667 1130502218
29 1130502218 1130502218
16 1130497681 1130502775
11 1130501661 1130503352
25 1130502218 1130503352
21 1130502775 1130503352
7 1130497681 1130503910
22 1130502778 1130503910
9794 1130497681 1130503915
28 1130503910 1130503915
34 1130497681 1130503921
3 1130500547 1130503921
12 1130502218 1130503921
29 1130503352 1130503921
16 1130503915 1130503921
21 1130503921 1130503921
32 1130503921 1130503921
5878 1130503921 1130503921
3 1130508028 1130508035
7 1130509743 1130509743
382 1130508592 1130510286
9794 1130508028 1130512042
34 1130508028 1130512042
3 1130509187 1130512042
28 1130512042 1130512042
1829 1130513811 1130513811
7032 1130514410 1130515017
4015 1130515017 1130515017
8508 1130515570 1130515570
7693 1130517908 1130517915
8203 1130518516 1130518516
7319 1130582243 1130582243
4538 1130582250 1130582250
3188 1130604226 1130604226
9545 1130604226 1130604240
8678 1130604240 1130604240
38 1130671876 1130671876
5700 1130673030 1130673030
6315 1130673030 1130673030
7162 1130673030 1130673030
6313 1130673030 1130673030
6961 1130673030 1130673030
8594 1130690455 1130690455
8977 1130695012 1130695012
3205 1130695019 1130695019
1119 1130695568 1130695568
9923 1130702096 1130702096
11 1130695568 1130704459
1119 1130704452 1130704459
793 1130706874 1130706874
793 1130712107 1130713841
793 1130715576 1130715576
793 1130716703 1130719045
2648 1130750647 1130750654
567 1130750647 1130750654
3217 1130750654 1130750654
6313 1130751764 1130751764
9818 1130751764 1130751764
4296 1130751764 1130751764
6629 1130752349 1130752349
5878 1130755265 1130755265
14 1130755265 1130755265
28 1130755265 1130755265
6189 1130755848 1130755848
33 1130755848 1130755855
7 1130755848 1130756464
22 1130755265 1130756477
28 1130756464 1130757026
7 1130756477 1130757026
34 1130757037 1130757037
22 1130757037 1130757639
25 1130756469 1130758243
28 1130758243 1130758254
9794 1130755848 1130758841
3 1130755855 1130758841
32 1130756464 1130758841
5878 1130756464 1130758845
7 1130757639 1130759428
28 1130759428 1130759428
3010 1130759428 1130759428
11 1130759428 1130759428
29 1130759982 1130760586
3 1130760586 1130760586
22 1130758254 1130761740
11 1130761190 1130761740
7 1130761190 1130761740
16 1130755848 1130762333
21 1130755848 1130762333
34 1130758254 1130762333
25 1130758841 1130762333
32 1130759982 1130762333
5878 1130760586 1130762333
9794 1130762333 1130762333
7566 1130766909 1130766909
1552 1130767495 1130767495
5254 1130766909 1130767502
1552 1130769225 1130769225
1552 1130771572 1130771572
5254 1130769211 1130772712
9556 1130772712 1130772712
10127 1130771572 1130773270
1552 1130773270 1130773270
10218 1130766355 1130773818
10356 1130773818 1130773818
3344 1130774416 1130774416
2183 1130775550 1130775550
3157 1130780155 1130780155
7213 1130780699 1130781286
472 1130783565 1130784150
7213 1130782978 1130785935
9057 1130781286 1130786535
424 1130787101 1130787108
8594 1130795109 1130795109
22 1130833545 1130834129
7 1130834122 1130834129
16 1130833538 1130837064
25 1130837615 1130838160
32 1130838168 1130838168
28 1130837615 1130838174
16 1130838165 1130839332
22 1130835290 1130839336
28 1130839336 1130839336
27 1130837615 1130839341
11333 1130839341 1130839341
3 1130837615 1130839347
5878 1130833545 1130839908
28 1130839908 1130840498
2 1130840498 1130840498
7 1130834737 1130841113
16 1130839347 1130841118
22 1130840498 1130841118
5878 1130841687 1130841691
7 1130841697 1130842246
21 1130837615 1130842251
25 1130838760 1130842256
28 1130841113 1130842256
3 1130841102 1130842260
7 1130842260 1130842260
6189 1130842847 1130842847
28 1130842852 1130842852
3 1130842858 1130842858
25 1130842852 1130843416
6189 1130843416 1130843416
7 1130843416 1130843416
22 1130842256 1130844019
5878 1130842256 1130844019
27 1130841113 1130844564
16 1130841691 1130844564
382 1130844564 1130844564
11 1130844569 1130844569
32 1130839336 1130844575
28 1130844019 1130844575
5878 1130845146 1130845151
25 1130844569 1130845735
7 1130844569 1130845735
3 1130844564 1130846863
27 1130845146 1130846863
16 1130845146 1130846863
28 1130846291 1130846863
11 1130846863 1130846863
9794 1130837615 1130846868
34 1130838160 1130846868
21 1130842847 1130846868
22 1130844575 1130846868
32 1130845735 1130846868
7 1130846868 1130846868
25 1130846868 1130846868
16 1130851577 1130851577
25 1130851584 1130851584
1767 1130851577 1130852140
34 1130851584 1130852140
10090 1130851584 1130853290
21 1130853290 1130853290
27 1130851577 1130853295
32 1130853295 1130853295
16 1130853843 1130853843
25 1130853290 1130853856
10090 1130853843 1130853856
6189 1130851577 1130855010
13 1130852140 1130855010
21 1130854444 1130855570
16 1130855570 1130855570
28 1130851577 1130856162
27 1130853850 1130856162
25 1130856162 1130856162
440 1130856162 1130856162
34 1130853295 1130856169
16 1130856714 1130856714
6189 1130856714 1130856714
10090 1130856714 1130857300
25 1130857300 1130857300
6189 1130857892 1130857892
22 1130851577 1130858473
21 1130857892 1130858473
25 1130858466 1130858480
16 1130858473 1130858480
5878 1130851577 1130859627
27 1130857892 1130859627
16 1130859627 1130859627
25 1130860214 1130860214
6189 1130859620 1130860221
21 1130860214 1130860796
16 1130860796 1130860796
4407 1130859620 1130860803
22 1130859620 1130861978
5878 1130860789 1130861978
27 1130861978 1130861978
34 1130857307 1130862556
4407 1130862556 1130862556
3809 1130860214 1130863121
34 1130863121 1130863135
4980 1130902393 1130902393
4980 1130911769 1130911769
4980 1130918201 1130918208
8133 1130919914 1130919921
5983 1130921640 1130921640
14 1130925689 1130925689
434 1130925689 1130925696
952 1130925689 1130925696
5878 1130926267 1130926267
21 1130926267 1130926267
27 1130926267 1130926824
5878 1130926830 1130927946
21 1130926830 1130928536
32 1130926267 1130929118
25 1130926824 1130929118
5878 1130929118 1130929128
11 1130929730 1130929730
34 1130926820 1130930328
5878 1130930331 1130930331
16 1130926267 1130930905
22 1130926267 1130931482
32 1130929730 1130931482
25 1130929730 1130931492
13 1130931492 1130931492
3 1130926267 1130932069
21 1130929128 1130932069
5878 1130931482 1130932672
32 1130932672 1130932672
7 1130925696 1130932676
9794 1130926267 1130932676
27 1130927946 1130932676
34 1130930910 1130932676
16 1130931487 1130932676
22 1130932069 1130932676
6189 1130932672 1130932676
25 1130932676 1130932676
8268 1130949432 1130949439
424 1130949446 1130949996
1140 1130950553 1130951136
7210 1130954605 1130954605
1140 1130954598 1130954612
7213 1130951136 1130957474
9057 1130952270 1130958052
9057 1130973074 1130973074
11 1131003941 1131003941
7 1131003350 1131003948
22 1131003350 1131003948
27 1131003948 1131003948
5215 1131004523 1131004523
25 1131004523 1131004530
5878 1131003350 1131004537
12 1131003941 1131004544
21 1131003941 1131005101
11 1131004544 1131005101
7 1131004537 1131005105
34 1131004537 1131005673
28 1131005673 1131005673
32 1131004530 1131006260
11 1131006260 1131006260
21 1131006260 1131006852
29 1131006852 1131006852
34 1131006852 1131006855
28 1131006852 1131006861
32 1131006861 1131006861
25 1131005101 1131006867
11 1131006867 1131006867
6691 1131006872 1131006872
12 1131006260 1131006877
29 1131006877 1131006883
28 1131006883 1131006883
27 1131004537 1131007432
16 1131005101 1131008002
25 1131007432 1131008002
22 1131005101 1131008008
7 1131006883 1131008008
16 1131009142 1131009142
21 1131006867 1131009145
3 1131008008 1131009150
25 1131009150 1131009150
9794 1131007997 1131009154
12 1131009142 1131009154
7 1131009737 1131009737
5878 1131005673 1131010280
34 1131006872 1131010280
22 1131009154 1131010826
1131 1131010826 1131010826
28 1131008008 1131011418
16 1131009154 1131011418
3 1131010280 1131011991
12 1131011414 1131011991
27 1131008008 1131012598
21 1131009737 1131012603
7 1131012603 1131012603
11179 1131012610 1131012610
12 1131013166 1131013166
7 1131013170 1131014336
27 1131013170 1131014340
12 1131014336 1131014895
3 1131014340 1131014895
29 1131014895 1131014895
34 1131011418 1131016038
22 1131011991 1131016038
12 1131016043 1131016043
16 1131012603 1131016047
29 1131016047 1131016047
32 1131006877 1131016590
3 1131016043 1131016590
7 1131016590 1131016596
28 1131012610 1131017157
22 1131016590 1131017157
29 1131017157 1131017157
5878 1131011991 1131017734
3 1131017734 1131017734
12 1131017734 1131017739
21 1131013170 1131017744
11 1131017739 1131017744
22 1131017744 1131017744
28 1131017744 1131017744
8187 1131003350 1131017747
9794 1131010826 1131017747
27 1131016596 1131017747
16 1131017157 1131017747
32 1131017734 1131017747
34 1131017744 1131017747
5878 1131017747 1131017747
29 1131017747 1131017747
9 1131018306 1131018306
824 1131018313 1131018313
9 1131020033 1131020033
33 1131018313 1131021215
824 1131021215 1131021215
9 1131021215 1131021215
8594 1131038161 1131038755
833 1131040504 1131040525
9645 1131040511 1131040525
8412 1131042856 1131042870
7603 1131046319 1131046319
8412 1131044621 1131047456
4088 1131049216 1131049216
8133 1131049771 1131049771
9675 1131049771 1131049771
5805 1131050346 1131050346
39 1131050346 1131050346
1 1131050346 1131050360
399 1131050367 1131050367
7867 1131050374 1131050374
2069 1131088312 1131088312
7528 1131090585 1131090585
5845 1131090585 1131090585
9865 1131090585 1131090585
8771 1131090585 1131090585
7478 1131090585 1131090585
7653 1131092361 1131092361
10 1131092361 1131092361
7 1131092915 1131093518
34 1131092915 1131094132
22 1131095831 1131095831
28 1131095834 1131095834
32 1131092915 1131095840
7 1131094139 1131095840
5215 1131095834 1131095840
7653 1131096406 1131096998
3 1131096406 1131097003
25 1131093518 1131097589
9413 1131097589 1131097589
34 1131094696 1131098157
16 1131092915 1131098705
28 1131096998 1131098705
3 1131098710 1131098710
22 1131096998 1131099312
27 1131092361 1131099322
7653 1131098705 1131099322
9413 1131099312 1131099322
21 1131092915 1131100469
32 1131098157 1131100469
3 1131099910 1131100469
7 1131097589 1131100473
29 1131099910 1131100473
34 1131099322 1131100479
28 1131100469 1131100479
16 1131100469 1131101025
32 1131101025 1131101025
11 1131101025 1131101025
9413 1131101025 1131101025
7 1131101594 1131101594
21 1131101025 1131102172
11 1131102179 1131102179
29 1131102179 1131102179
25 1131098710 1131102746
22 1131099910 1131102746
16 1131102179 1131102746
8187 1131095834 1131102751
7653 1131100473 1131102751
27 1131100473 1131102751
28 1131102172 1131102751
34 1131102179 1131102751
7 1131102746 1131102751
21 1131102751 1131102751
3 1131101025 1131103354
1343 1131104454 1131104454
7017 1131105660 1131105660
16 1131107346 1131107346
3 1131107922 1131107922
21 1131107346 1131108509
23 1131107346 1131109078
7 1131109071 1131109085
25 1131109071 1131109638
3 1131109645 1131109645
16 1131109645 1131109645
2424 1131107346 1131110197
34 1131107922 1131110197
17 1131109638 1131110204
7 1131110211 1131110211
25 1131110204 1131110833
34 1131110833 1131110854
25 1131110854 1131110861
4087 1131107346 1131110868
7 1131110861 1131111425
34 1131112021 1131112021
34 1131113195 1131113195
4 1131114989 1131114989
28 1131107346 1131114996
34 1131114378 1131114996
2424 1131110218 1131116137
7 1131112587 1131116137
32 1131112587 1131116137
25 1131112021 1131116744
21 1131112021 1131116744
9510 1131179936 1131179936
8008 1131179936 1131179936
4817 1131181093 1131181093
2570 1131181093 1131181100
6321 1131181093 1131181100
2211 1131181093 1131181100
5953 1131181675 1131181675
11109 1131181093 1131182240
9310 1131181675 1131182240
5162 1131182240 1131182240
9854 1131182240 1131182846
3397 1131182846 1131182860
6586 1131182846 1131182867
9349 1131182867 1131182867
5095 1131183444 1131183444
9321 1131183444 1131183444
4365 1131183437 1131183451
8306 1131183437 1131183451
5162 1131183437 1131183451
7606 1131183437 1131183451
9349 1131183451 1131183451
2091 1131184021 1131184021
3630 1131183444 1131184028
4426 1131184021 1131184028
7913 1131184021 1131184028
11125 1131184021 1131184028
9421 1131184028 1131184028
6321 1131184028 1131184028
2323 1131186330 1131186330
10486 1131186330 1131186330
8572 1131186337 1131186337
4667 1131186337 1131186337
7038 1131186330 1131186933
139 1131186933 1131186933
2822 1131186933 1131186933
1096 1131191014 1131191014
9022 1131191014 1131191014
7698 1131191014 1131191014
9024 1131191014 1131191014
6080 1131192177 1131192177
5322 1131192184 1131192184
9445 1131192184 1131192184
7885 1131192778 1131192778
11 1131291026 1131295589
11 1131296744 1131298488
22 1131344266 1131344266
11 1131344266 1131344266
34 1131344266 1131344266
16 1131344266 1131344266
28 1131344824 1131344824
25 1131344266 1131345421
12 1131344266 1131345421
21 1131344266 1131345421
7 1131344824 1131345421
29 1131345421 1131345421
32 1131344824 1131345425
6 1131345421 1131345425
6189 1131345425 1131345425
11 1131345425 1131345429
18 1131345429 1131345429
8187 1131344824 1131345432
22 1131345425 1131345432
7 1131345432 1131345432
12 1131345432 1131345435
32 1131345438 1131345438
29 1131345435 1131345441
11 1131345441 1131345441
7 1131345441 1131345441
34 1131345425 1131345982
16 1131345429 1131345982
22 1131345441 1131345982
13 1131345435 1131345986
6 1131345986 1131345986
25 1131345432 1131345991
6189 1131345435 1131345991
12 1131345982 1131345991
7 1131345991 1131345991
22 1131346532 1131346536
8187 1131346532 1131346536
16 1131346532 1131346536
34 1131346532 1131346541
11 1131346541 1131346541
29 1131345991 1131347110
6189 1131346541 1131347110
28 1131345432 1131347692
8187 1131347692 1131347692
16 1131347692 1131348853
22 1131347692 1131348853
7 1131347110 1131348859
28 1131348853 1131348859
8187 1131348859 1131348859
25 1131347110 1131349423
12 1131347110 1131349423
22 1131349983 1131349983
11285 1131349983 1131349983
34 1131348853 1131350596
12 1131349995 1131350596
3 1131344824 1131350602
16 1131349983 1131350602
6 1131350602 1131350602
28 1131349987 1131351786
8187 1131351786 1131351791
34 1131351786 1131352362
13 1131353525 1131353525
9794 1131344824 1131354112
3 1131351791 1131354112
34 1131354112 1131354112
28 1131352935 1131354676
21 1131345986 1131354683
22 1131350596 1131355267
6 1131355267 1131355267
8187 1131355835 1131356382
34 1131355267 1131357548
29 1131355835 1131357548
22 1131357548 1131357548
11 1131357548 1131357548
32 1131347110 1131357552
25 1131349995 1131357552
12 1131351791 1131357552
9794 1131355267 1131357552
3 1131355267 1131357552
21 1131356382 1131357552
28 1131356382 1131357552
7 1131349987 1131358142
5610 1131359302 1131359302
896 1131360447 1131360447
7566 1131361620 1131362219
10570 1131368657 1131368657
3252 1131368657 1131368657
4976 1131368657 1131368657
9223 1131369208 1131369208
6305 1131369208 1131369208
410 1131370327 1131370327
6189 1131378495 1131378495
13 1131378488 1131379102
13 1131379698 1131379698
13 1131381386 1131381393
9946 1131379698 1131381991
6189 1131381991 1131381991
4980 1131384828 1131384828
4980 1131384849 1131384849
4980 1131398751 1131406902
4980 1131408646 1131408653
4980 1131409269 1131414521
11374 1131415689 1131415689
4980 1131415689 1131420866
4980 1131426599 1131426599
10296 1131428306 1131428306
7917 1131429445 1131429445
23 1131432437 1131432437
9794 1131433601 1131433601
30 1131433605 1131434205
6189 1131434205 1131434205
34 1131433027 1131434811
21 1131433027 1131434811
32 1131433601 1131434811
9794 1131434805 1131435397
6189 1131435397 1131435397
13 1131435397 1131435397
27 1131433601 1131435945
20 1131435945 1131435945
28 1131432437 1131436548
22 1131432437 1131436548
25 1131436546 1131436548
11335 1131437093 1131437093
9821 1131437093 1131437093
11251 1131437097 1131437097
5045 1131437097 1131437097
9794 1131436546 1131437678
20 1131437678 1131437678
33 1131436548 1131438867
25 1131437673 1131438867
34 1131435945 1131438874
21 1131435945 1131439474
25 1131439474 1131439474
3 1131433601 1131439480
32 1131435945 1131439480
27 1131437097 1131439480
28 1131437673 1131439480
22 1131437673 1131439480
9794 1131439467 1131439480
33 1131439474 1131439480
22 1131445284 1131445284
25 1131445291 1131445291
27 1131445284 1131445878
21 1131445291 1131445878
19 1131445284 1131446474
25 1131446474 1131446488
21 1131446481 1131447057
34 1131445284 1131447650
22 1131445878 1131447650
27 1131446488 1131448211
21 1131448225 1131448776
34 1131448776 1131448776
5215 1131445284 1131449342
22 1131448776 1131449349
21 1131449356 1131451643
21 1131452217 1131453386
22 1131450497 1131453960
21 1131453967 1131453967
10888 1131454518 1131454518
25 1131448211 1131455100
22 1131454518 1131455707
21 1131454523 1131456281
27 1131448776 1131456829
34 1131449349 1131456829
25 1131456281 1131456829
32 1131445291 1131457421
22 1131457421 1131457421
5215 1131449902 1131457428
