26 1130494329 1130494329
20 1130494329 1130494335
19 1130494329 1130494342
15 1130494335 1130494342
30 1130494335 1130494927
6 1130494927 1130494927
33 1130494329 1130494927
35 1130494329 1130495516
10 1130494329 1130495516
3010 1130494329 1130495516
10 1130496117 1130496117
5 1130496117 1130496117
13 1130496117 1130496117
23 1130496117 1130496117
35 1130496117 1130496121
33 1130496121 1130496121
26 1130496117 1130496126
6 1130496117 1130496126
3010 1130496121 1130496126
30 1130496121 1130496126
20 1130496121 1130496126
17 1130496126 1130496126
15 1130496126 1130496711
23 1130496711 1130496711
24 1130496711 1130496711
10 1130497300 1130497300
19 1130497300 1130497300
33 1130498425 1130498425
14 1130498425 1130498425
26 1130498425 1130498425
5 1130496711 1130498978
7020 1130497300 1130498978
1131 1130497300 1130498978
20 1130497882 1130498978
18 1130497882 1130498978
1 1130496117 1130499539
2 1130497300 1130499539
10 1130499539 1130499539
6 1130499539 1130499539
23 1130499539 1130499539
35 1130497300 1130500092
24 1130499539 1130500092
9794 1130500092 1130500092
3010 1130497882 1130500099
26 1130500092 1130500099
14 1130500099 1130500099
19 1130500099 1130500099
3 1130500099 1130500099
5878 1130500099 1130500099
1 1130500650 1130500650
3492 1130502346 1130502346
5294 1130502346 1130502360
10 1130502353 1130502360
1 1130502346 1130503500
1 1130514009 1130515190
1 1130521040 1130521040
118 1130530352 1130530352
15 1130534318 1130534318
15 1130534346 1130534346
5800 1130533749 1130534946
7273 1130535501 1130535515
5800 1130536087 1130536101
15 1130536704 1130536704
9054 1130537287 1130537287
7273 1130538446 1130538446
9054 1130538446 1130538467
10528 1130539050 1130539050
5545 1130537871 1130539608
1 1130540787 1130541925
756 1130541925 1130541925
7974 1130542522 1130542522
8594 1130542522 1130542522
7146 1130542522 1130542522
15 1130542522 1130542522
7017 1130543123 1130543123
7542 1130542522 1130543687
10528 1130543687 1130543687
118 1130623275 1130623275
7542 1130624474 1130626804
7017 1130624474 1130626804
1 1130623275 1130628506
1 1130692303 1130693458
7017 1130695231 1130695231
1 1130695794 1130695794
576 1130704072 1130704072
1 1130704072 1130704719
118 1130704684 1130704719
1 1130707656 1130708214
576 1130710546 1130710546
1 1130710546 1130711150
118 1130711150 1130711150
1 1130747363 1130747363
19 1130748507 1130748507
5 1130748507 1130748507
20 1130749093 1130749093
30 1130748507 1130749651
13 1130749651 1130749651
19 1130749658 1130749658
5 1130750203 1130750203
2 1130750203 1130750203
18 1130750203 1130750203
14 1130749086 1130750788
6189 1130750203 1130750788
19 1130751366 1130751366
7 1130751366 1130751380
33 1130751380 1130751380
6189 1130752524 1130752524
10 1130752524 1130752524
5 1130752524 1130752524
33 1130753122 1130753122
6 1130752524 1130753704
20 1130753704 1130753704
30 1130751373 1130754287
19 1130751925 1130754287
30 1130754910 1130754910
13 1130754924 1130754924
20 1130754924 1130754924
14 1130755468 1130755468
3010 1130754294 1130755473
15 1130751925 1130755480
18 1130755468 1130756693
3010 1130756700 1130756700
5 1130754287 1130756707
19 1130754903 1130756707
10 1130756693 1130757294
6 1130757884 1130757884
14 1130756707 1130758438
18 1130757301 1130758438
19 1130757884 1130758438
5 1130758438 1130758438
5 1130760196 1130760196
20 1130759042 1130761354
2 1130755468 1130761361
11360 1130761905 1130761905
11247 1130761905 1130761905
33 1130754903 1130761909
15 1130756693 1130761909
10888 1130759042 1130761909
14 1130760196 1130761909
18 1130760196 1130761909
6 1130761354 1130761909
10 1130761905 1130761909
20 1130761909 1130761909
1 1130788378 1130792395
15 1130836613 1130837792
13 1130837792 1130837792
20 1130837220 1130837799
3010 1130837220 1130837810
13 1130838371 1130838961
10 1130836613 1130839565
6 1130837220 1130839565
19 1130837792 1130839565
1767 1130839571 1130839571
6189 1130837799 1130839577
20 1130838371 1130839577
7020 1130837220 1130839588
2 1130837220 1130839588
14 1130837799 1130839588
3010 1130839577 1130839588
10 1130839582 1130839588
15 1130838371 1130840158
6 1130839582 1130840158
6189 1130840151 1130840165
14 1130840720 1130840720
2 1130840165 1130840725
13 1130839577 1130841312
3010 1130841312 1130841312
6 1130841312 1130841312
9 1130840714 1130841318
1767 1130840714 1130841318
26 1130841315 1130841318
19 1130840714 1130841876
15 1130840719 1130841876
10091 1130840714 1130842479
20 1130840714 1130843024
13 1130842479 1130843024
3010 1130841876 1130843028
1767 1130843028 1130843028
7020 1130840714 1130843033
6189 1130840720 1130843033
2 1130841318 1130843033
14 1130842479 1130843033
6 1130842479 1130843033
9 1130843024 1130843033
26 1130843028 1130843033
1 1130836627 1130844195
9272 1130845930 1130845930
2878 1130858679 1130859268
2878 1130861021 1130861021
2878 1130861586 1130861600
8594 1130866827 1130869703
4980 1130869105 1130873232
6549 1130917831 1130917831
9 1130918379 1130918386
20 1130918945 1130918945
6 1130918945 1130918945
33 1130918379 1130918951
19 1130918951 1130919548
2 1130918379 1130920104
4087 1130918945 1130920104
18 1130918951 1130920110
6 1130920675 1130920675
14 1130918386 1130921281
19 1130920675 1130921281
17 1130921281 1130921281
9 1130921281 1130921281
33 1130920110 1130921885
11236 1130922457 1130922457
11276 1130922462 1130922462
11401 1130922462 1130922462
30 1130918945 1130923033
15 1130918951 1130923594
17 1130923033 1130923594
13 1130922462 1130923599
9 1130924148 1130924153
33 1130924153 1130924153
15 1130924153 1130924153
6 1130923599 1130924724
30 1130924148 1130924724
13 1130924724 1130925277
17 1130924153 1130925282
33 1130925282 1130925282
20 1130920675 1130925288
6189 1130922457 1130925288
3010 1130925288 1130925288
1 1130917831 1130925860
23 1130925277 1130926404
18 1130925860 1130926404
6 1130925860 1130926991
14 1130926991 1130926991
11124 1130926998 1130926998
11413 1130926998 1130926998
5 1130918379 1130927580
17 1130926404 1130927580
19 1130927583 1130927583
15 1130926404 1130927590
6 1130927583 1130927590
14 1130927583 1130927590
18 1130927580 1130928192
5 1130928192 1130928790
4087 1130922457 1130928797
2 1130926404 1130928797
23 1130928192 1130929378
17 1130928192 1130929378
6 1130929378 1130929378
2 1130929950 1130929953
5 1130929378 1130929960
17 1130930537 1130930537
4087 1130929950 1130931140
33 1130927580 1130931145
20 1130929371 1130931744
18 1130929371 1130931744
14 1130929950 1130931744
23 1130930537 1130931744
6 1130931140 1130931744
2 1130931140 1130932296
4087 1130932296 1130932296
15 1130929371 1130932303
8947 1130932908 1130932908
27 1130932908 1130932908
22 1130933465 1130933465
6855 1130934028 1130934028
26 1130934622 1130934622
4026 1130934622 1130934622
8820 1130934622 1130934622
3592 1130934622 1130934622
1889 1130934622 1130934622
1 1130926998 1130935809
5700 1130935809 1130935809
2532 1130936379 1130936379
1200 1130936379 1130936379
1851 1130936970 1130936970
8355 1130936970 1130936970
5247 1130936970 1130936977
7529 1130936977 1130936984
38 1130936984 1130936984
7116 1130937537 1130937537
1 1130961062 1130966314
25 1131007090 1131007090
18 1131007090 1131007090
19 1131007090 1131007090
1 1131006484 1131007653
2 1131007090 1131008232
10 1131008232 1131008232
3010 1131007632 1131008239
19 1131007646 1131008239
20 1131007090 1131009328
14 1131007090 1131009328
30 1131008232 1131009328
10 1131009328 1131009328
2 1131009328 1131009916
10888 1131009923 1131009923
18 1131010496 1131010496
23 1131010496 1131010496
14 1131010500 1131010500
3010 1131010500 1131010500
20 1131010500 1131010500
10 1131010500 1131010500
11 1131010500 1131010500
15 1131007653 1131010509
1 1131008782 1131010509
19 1131009916 1131010509
5 1131010504 1131011065
9 1131010496 1131011069
3010 1131011065 1131011069
2 1131011069 1131011069
30 1131010496 1131011643
29 1131010509 1131011643
19 1131012235 1131012235
4087 1131010500 1131012239
15 1131012235 1131012239
33 1131012239 1131012794
18 1131012794 1131012794
1 1131012794 1131012794
30 1131012794 1131012794
9 1131012794 1131012794
23 1131012794 1131012794
1131 1131007090 1131013389
10 1131011065 1131013389
20 1131011065 1131013389
11 1131011065 1131013389
14 1131011069 1131013389
3010 1131012239 1131013389
2 1131012794 1131013389
29 1131013389 1131013389
118 1131032647 1131032647
118 1131036074 1131036074
7439 1131037252 1131037259
7908 1131037252 1131037852
9288 1131038424 1131038424
2498 1131038431 1131038431
8388 1131039020 1131039020
1582 1131039020 1131039020
7268 1131039020 1131039020
7908 1131039020 1131041383
6685 1131040769 1131041383
6685 1131042541 1131042541
1 1131036074 1131043101
7492 1131043101 1131043101
2148 1131047108 1131047115
8169 1131048238 1131048266
5610 1131045955 1131048869
8169 1131048287 1131049461
3234 1131049461 1131049461
8169 1131049482 1131049482
5610 1131050040 1131050040
3798 1131050619 1131050619
7017 1131054060 1131054060
30 1131089075 1131089075
14 1131088498 1131090274
23 1131088498 1131090274
15 1131090274 1131090274
6 1131090828 1131090835
2 1131089075 1131090840
20 1131090835 1131090840
18 1131088498 1131091429
19 1131089676 1131091436
10 1131091436 1131091436
30 1131090828 1131092043
6 1131092043 1131092043
2 1131092043 1131092596
11259 1131092596 1131092596
11354 1131092596 1131092596
33 1131092046 1131092600
15 1131092046 1131092600
19 1131092600 1131092600
1 1131087940 1131093167
3010 1131093161 1131093167
23 1131090840 1131093733
10 1131093733 1131093733
6 1131093733 1131093733
2 1131093167 1131093738
33 1131093173 1131093738
15 1131093733 1131093743
19 1131093738 1131093743
4087 1131088498 1131094309
20 1131092046 1131094309
18 1131093161 1131094309
1 1131093738 1131094309
30 1131093743 1131094309
3010 1131094309 1131094309
23 1131094901 1131094908
5215 1131094901 1131094908
28 1131094908 1131094908
14 1131090840 1131095494
19 1131095494 1131095494
5 1131095494 1131096062
15 1131095494 1131096617
6 1131096617 1131096617
14 1131097219 1131097229
5 1131097229 1131097229
2 1131096062 1131097817
19 1131097226 1131098376
10 1131098376 1131098376
3010 1131098376 1131098376
14 1131098382 1131098382
6 1131098382 1131098382
15 1131098382 1131098382
4087 1131097229 1131098387
2 1131098387 1131098387
1204 1131037252 1131098933
3010 1131098933 1131098933
19 1131098933 1131099502
17 1131099502 1131099502
33 1131095494 1131100080
5 1131099502 1131100080
10 1131100080 1131100080
15 1131100080 1131100652
14 1131100085 1131100658
19 1131100658 1131100658
33 1131100658 1131100658
4087 1131100080 1131101259
1 1131095494 1131101814
18 1131095494 1131101814
23 1131096610 1131101814
20 1131098933 1131101814
2 1131100652 1131101814
5 1131100658 1131101814
17 1131101254 1131101814
1767 1131101259 1131101814
1343 1131102981 1131102981
10 1131103565 1131103565
7017 1131103565 1131103565
1 1131102974 1131104122
36 1131104122 1131104122
21 1131111100 1131111107
32 1131111680 1131111680
25 1131111107 1131112283
34 1131112283 1131112283
3 1131111100 1131112901
21 1131112887 1131113494
25 1131113494 1131113494
34 1131113494 1131113494
25 1131115225 1131115225
7 1131111100 1131115773
2424 1131111107 1131115773
21 1131115225 1131115773
32 1131112894 1131116358
1 1131117496 1131119152
118 1131118054 1131119152
7908 1131118054 1131119152
1 1131120861 1131120861
118 1131123181 1131123781
1 1131123181 1131123781
7908 1131123774 1131123781
7908 1131126087 1131126087
7908 1131142383 1131142383
5610 1131186039 1131186039
118 1131201737 1131201737
7908 1131204091 1131204091
118 1131204091 1131204091
7752 1131208690 1131208690
8612 1131208690 1131208697
7621 1131208690 1131208697
3915 1131209282 1131209289
3520 1131209289 1131209289
1884 1131209289 1131209289
3552 1131209289 1131209289
4572 1131209282 1131209303
8641 1131209282 1131209303
4674 1131209296 1131209303
2627 1131209303 1131209303
9102 1131209303 1131209303
7776 1131209887 1131209887
11013 1131210495 1131210495
209 1131209887 1131210502
7119 1131210495 1131210502
10948 1131210495 1131211083
546 1131211685 1131211685
2889 1131212265 1131212265
1362 1131212265 1131212272
8920 1131212827 1131212827
10714 1131212827 1131212834
461 1131212827 1131212834
9229 1131212834 1131212834
7798 1131216875 1131216875
7435 1131216279 1131216882
7798 1131218066 1131218066
118 1131221537 1131222662
7908 1131222648 1131222662
4697 1131368868 1131368868
7477 1131368882 1131368882
8759 1131368882 1131368882
389 1131369995 1131369995
386 1131369995 1131369995
5572 1131369995 1131370002
9109 1131370002 1131370002
788 1131370023 1131370030
789 1131370030 1131370030
142 1131370616 1131370616
7908 1131372410 1131372410
118 1131372410 1131373001
5777 1131388658 1131388658
7017 1131389204 1131389204
8594 1131461137 1131462945
8594 1131464122 1131464122
8594 1131464688 1131464688
