1 1130493966 1130493966
30 1130493966 1130493966
20 1130493966 1130493966
3010 1130493966 1130493972
33 1130493966 1130493972
10 1130493972 1130493972
9 1130493966 1130493979
4 1130493979 1130493979
15 1130493972 1130494564
1 1130494564 1130494564
3010 1130495153 1130495153
19 1130493972 1130495735
30 1130494564 1130495735
10 1130495153 1130495735
35 1130494564 1130496278
6 1130493966 1130496831
9 1130495735 1130496831
13 1130496278 1130496831
17 1130496278 1130496831
26 1130493966 1130497392
33 1130495153 1130497392
15 1130496278 1130497392
7020 1130497392 1130497945
3010 1130497392 1130497948
18 1130497948 1130497948
2 1130497948 1130497948
1 1130496831 1130498499
11124 1130498499 1130498499
23 1130498499 1130498499
7020 1130499056 1130499056
24 1130499056 1130499056
20 1130494564 1130499059
15 1130498499 1130499059
18 1130499059 1130499059
14 1130497945 1130499633
12 1130499056 1130499633
19 1130497945 1130500191
7020 1130500191 1130500191
4 1130497392 1130500194
10 1130497945 1130500194
26 1130498499 1130500194
3010 1130499059 1130500194
15 1130500194 1130500194
6 1130497948 1130500198
33 1130500191 1130500198
35 1130500191 1130500198
23 1130500194 1130500198
20 1130500198 1130500198
1 1130500198 1130500198
18 1130500198 1130500198
2093 1130501338 1130501338
2 1130499059 1130501919
33 1130501912 1130501926
17 1130501912 1130501940
6 1130501912 1130503690
1131 1130497392 1130503697
35 1130501912 1130503697
2 1130501940 1130503697
34 1130504305 1130504312
21 1130504312 1130504312
11150 1130504305 1130504319
9413 1130504312 1130504319
7 1130504319 1130504319
12 1130504319 1130504319
54 1130504869 1130506563
13 1130509511 1130509518
2 1130509518 1130509518
382 1130509518 1130509518
54 1130514192 1130514192
10715 1130601088 1130601088
1339 1130642622 1130642629
1339 1130644947 1130644947
1339 1130654245 1130654245
1339 1130661181 1130661181
5500 1130691289 1130691289
5261 1130748041 1130748041
9674 1130748041 1130748041
15 1130748041 1130748626
54 1130748626 1130748626
824 1130748626 1130748626
15 1130749218 1130749218
19 1130749218 1130749218
14 1130749218 1130749218
33 1130749763 1130749763
6 1130749204 1130750960
13 1130749763 1130750960
9 1130750362 1130750960
6189 1130749763 1130751542
19 1130750960 1130751542
33 1130751542 1130751542
14 1130751542 1130751542
18 1130749204 1130752139
2 1130749763 1130752139
10 1130749763 1130752745
3010 1130752745 1130752745
4 1130752745 1130752755
10 1130753299 1130753299
9 1130752132 1130753304
19 1130752745 1130753311
15 1130752741 1130753318
6 1130752741 1130753920
33 1130752741 1130754524
4 1130753920 1130754534
19 1130754524 1130755121
9 1130753920 1130755126
6 1130754534 1130755126
20 1130750362 1130755709
13 1130752741 1130755709
6189 1130752741 1130755709
10 1130753318 1130755709
2 1130756263 1130756263
18 1130756867 1130756867
19 1130756263 1130758614
15 1130754528 1130759179
14 1130756867 1130759179
4 1130759179 1130759179
3010 1130753299 1130759185
18 1130759179 1130759185
33 1130755121 1130759729
2 1130759736 1130760330
7 1130760330 1130760330
14 1130760896 1130760896
10 1130758021 1130762074
10888 1130759729 1130762074
6 1130756867 1130762635
20 1130759729 1130762635
33 1130760896 1130762635
4 1130762635 1130762635
2 1130762635 1130762635
15 1130760896 1130763189
16 1130763189 1130763189
9819 1130768393 1130768393
28 1130770696 1130770696
34 1130770689 1130772941
2252 1130773485 1130773492
9367 1130773485 1130773492
2093 1130773492 1130773492
9 1130919745 1130919745
4 1130919141 1130920317
19 1130919141 1130920317
2 1130919141 1130920322
33 1130919141 1130920322
15 1130919745 1130920893
30 1130920322 1130921454
18 1130920893 1130921454
2 1130921459 1130922008
33 1130922008 1130922008
14 1130919141 1130922015
1 1130919745 1130922586
19 1130921454 1130922586
9 1130922008 1130922586
3010 1130922586 1130922586
15 1130922015 1130923144
11402 1130923144 1130923144
30 1130922586 1130923150
33 1130923139 1130923150
13 1130923144 1130923722
20 1130919745 1130924853
4 1130921454 1130924853
4087 1130918535 1130924857
6 1130920317 1130925439
1 1130923150 1130925441
30 1130924853 1130925441
15 1130924857 1130925441
13 1130925441 1130925446
20 1130925446 1130925446
6189 1130923139 1130926048
19 1130923722 1130926048
9 1130924266 1130926048
23 1130926048 1130926048
2 1130926646 1130926646
6 1130926048 1130926650
14 1130926048 1130926650
1 1130926650 1130926650
13 1130926650 1130926650
17 1130921454 1130927229
19 1130927224 1130927229
23 1130927224 1130927229
9 1130927229 1130927229
15 1130926650 1130927801
19 1130927813 1130927813
33 1130925439 1130928390
6 1130928390 1130929000
33 1130929599 1130929599
1 1130927801 1130930151
2 1130927801 1130930157
4 1130925441 1130931882
18 1130926646 1130931882
23 1130927813 1130931882
14 1130927801 1130932476
17 1130927813 1130932476
15 1130929599 1130932476
20 1130930157 1130932476
6 1130930157 1130932476
1 1130931319 1130932476
33 1130931882 1130932476
4087 1130925446 1130933060
2 1130933060 1130933060
22 1130933060 1130933060
819 1130934233 1130934233
43 1130937727 1130937727
10766 1130937727 1130937727
11008 1130938311 1130938346
2227 1130938311 1130938346
11009 1130938311 1130938346
4695 1130938911 1130938911
29 1131007777 1131009534
17 1131010700 1131010700
10888 1131010700 1131010700
21 1131011262 1131011262
2 1131011262 1131011262
1131 1131011262 1131011262
4 1131011262 1131011262
33 1131011262 1131011857
20 1131011857 1131011857
15 1131011857 1131011857
19 1131012405 1131012405
29 1131011262 1131012414
11 1131012405 1131012414
1131 1131012414 1131012414
18 1131011857 1131012957
30 1131012957 1131012957
10 1131012405 1131012961
4 1131012410 1131013522
19 1131012957 1131013522
15 1131012957 1131013522
1 1131011857 1131014099
14 1131012405 1131014099
29 1131013522 1131014099
30 1131014099 1131014099
23 1131014104 1131014104
20 1131012961 1131014109
11 1131014099 1131014109
18 1131014104 1131014113
1 1131014113 1131014113
17 1131014113 1131014113
9 1131014109 1131014672
15 1131014109 1131014675
7587 1131014675 1131014675
17 1131015246 1131015845
19 1131015246 1131015845
7587 1131016392 1131016392
3010 1131011262 1131016981
9 1131016392 1131016981
10 1131014104 1131017567
14 1131015246 1131017567
1767 1131016392 1131017567
17 1131016981 1131017567
4087 1131011262 1131017571
33 1131014113 1131017571
23 1131014672 1131017571
1 1131015849 1131017571
19 1131016981 1131017571
7587 1131017571 1131017571
28 1131018774 1131018774
29 1131018774 1131019366
5878 1131018774 1131021706
8187 1131018774 1131021706
22 1131018774 1131021706
29 1131019394 1131022276
1131 1131014104 1131022852
2 1131014113 1131022852
21 1131018172 1131022852
29 1131022852 1131022852
9794 1131023427 1131024615
3 1131023427 1131024615
16 1131023427 1131025193
7587 1131025193 1131025200
36 1131025193 1131025200
20 1131025193 1131025797
8 1131025804 1131025804
54 1131026402 1131026402
54 1131028157 1131028157
3 1131025797 1131028746
2093 1131025797 1131028746
9794 1131025797 1131028746
824 1131025797 1131028746
32 1131025797 1131028746
20 1131026988 1131028746
5878 1131028746 1131028746
2108 1131089881 1131089881
1387 1131094520 1131094520
27 1131095677 1131095677
18 1131095677 1131095677
21 1131095677 1131095690
7 1131095677 1131095690
34 1131095677 1131095690
32 1131095690 1131095690
14 1131096278 1131096278
4087 1131096278 1131096278
1 1131096278 1131096278
18 1131096278 1131096278
23 1131096278 1131096278
3 1131096837 1131096837
25 1131095677 1131096843
19 1131096278 1131096843
22 1131096837 1131096843
1204 1131096278 1131096850
21 1131096843 1131096850
10 1131095677 1131097396
4 1131096837 1131097396
3010 1131096850 1131097396
6 1131097396 1131097396
15 1131096278 1131098543
18 1131097965 1131098547
34 1131097965 1131098547
21 1131098547 1131098547
25 1131097965 1131099114
2 1131099114 1131099114
23 1131096850 1131099121
3010 1131099121 1131099121
10 1131099121 1131099121
14 1131099121 1131099121
6 1131099121 1131099121
15 1131099717 1131099717
34 1131099717 1131099717
1 1131099717 1131099717
1204 1131098543 1131099723
4 1131099723 1131099723
25 1131099723 1131099723
36 1131099723 1131099723
18 1131100278 1131100278
29 1131100278 1131100278
33 1131095677 1131100823
6 1131100823 1131100823
19 1131097965 1131100827
14 1131100823 1131100827
21 1131099717 1131100833
28 1131100833 1131100833
25 1131101434 1131101434
10911 1131101434 1131101434
4 1131100827 1131101440
34 1131100833 1131101440
19 1131101440 1131101440
6 1131101440 1131101440
23 1131100278 1131101447
18 1131100833 1131101447
4087 1131096850 1131102024
20 1131099717 1131102024
15 1131100823 1131102024
27 1131101447 1131102024
28 1131102024 1131102024
7 1131102024 1131102024
10 1131100278 1131102581
33 1131101440 1131102581
1 1131101447 1131102581
21 1131102024 1131102581
19 1131102581 1131102581
4 1131102581 1131102581
6 1131102581 1131102581
34 1131102581 1131102581
33 1131104286 1131104873
16 1131104866 1131104873
7 1131105435 1131105449
11331 1131105449 1131105449
11307 1131105449 1131105449
34 1131104286 1131106009
4087 1131104866 1131106009
23 1131104866 1131106009
15 1131104866 1131106009
16 1131106009 1131106009
21 1131106002 1131106568
54 1131106568 1131106568
2093 1131106568 1131106568
15 1131106575 1131106575
34 1131106582 1131106582
36 1131107225 1131107225
2093 1131107789 1131107789
250 1131136231 1131140281
9923 1131344659 1131344659
29 1131344659 1131344659
596 1131344659 1131344666
5261 1131344659 1131344666
8071 1131345251 1131345251
29 1131347602 1131347602
596 1131347602 1131347602
11 1131347602 1131347602
17 1131348190 1131348190
19 1131348768 1131348768
30 1131349341 1131349341
4087 1131349341 1131349341
14 1131348190 1131349931
20 1131348190 1131349931
33 1131348197 1131350518
15 1131349341 1131350518
19 1131350518 1131350518
23 1131348190 1131351089
17 1131349931 1131351089
12 1131351089 1131351089
4087 1131351673 1131351673
33 1131351673 1131353954
17 1131352788 1131353954
23 1131353954 1131353961
12 1131355095 1131355095
4087 1131354551 1131355109
17 1131355095 1131355109
18 1131351673 1131355711
23 1131355102 1131355711
12 1131355711 1131355725
19 1131355725 1131355725
33 1131355711 1131355739
4087 1131355739 1131356294
3 1131356301 1131356301
7 1131356308 1131356308
12 1131356294 1131356315
20 1131355095 1131356856
23 1131355739 1131356856
19 1131356856 1131356856
14 1131355095 1131357447
10091 1131355095 1131357447
17 1131355725 1131357447
18 1131355732 1131357447
6 1131356856 1131357447
6189 1131357447 1131357447
33 1131357447 1131357447
4087 1131357447 1131357447
36 1131358029 1131358029
3775 1131358029 1131358029
7587 1131358029 1131358029
28 1131358029 1131358029
25 1131358621 1131358628
23 1131359841 1131359848
7 1131359848 1131359848
9373 1131364520 1131364520
