2 1130493661 1130493661
19 1130493661 1130493661
10 1130493661 1130493661
18 1130493663 1130493663
1131 1130493663 1130493663
13 1130493663 1130493663
20 1130493661 1130493666
7020 1130493663 1130493666
30 1130493661 1130494251
3010 1130494840 1130494840
35 1130493661 1130495422
9 1130493663 1130495422
5 1130493663 1130495422
23 1130493661 1130495965
3010 1130496518 1130496518
17 1130496518 1130496518
26 1130493663 1130497079
1 1130493663 1130497079
13 1130494840 1130497079
10 1130495422 1130497632
4 1130495965 1130497632
33 1130494251 1130497638
20 1130497632 1130497638
24 1130497632 1130497638
7020 1130497638 1130498189
1 1130498189 1130498189
2 1130498746 1130498746
18 1130497632 1130498750
19 1130495422 1130499324
15 1130493661 1130499882
35 1130497079 1130499882
10 1130498746 1130499882
5 1130497079 1130499893
24 1130498750 1130499893
23 1130499882 1130499893
14 1130499886 1130499893
19 1130499893 1130499893
1131 1130497632 1130500464
3010 1130498189 1130500464
26 1130498750 1130500464
7020 1130499324 1130500464
1 1130500464 1130500464
35 1130500464 1130500464
20 1130500464 1130500464
10 1130500464 1130500464
5 1130501607 1130501607
2 1130501614 1130501614
17 1130501033 1130501628
33 1130499882 1130501635
2 1130501635 1130501635
1131 1130501621 1130502228
2 1130502809 1130502809
5 1130501628 1130504007
1131 1130503392 1130504014
2 1130504014 1130504014
10106 1130504564 1130504564
13 1130504564 1130508640
3196 1130505159 1130508640
34 1130509783 1130509783
9413 1130509783 1130509783
28 1130509783 1130509783
7 1130509783 1130509783
5938 1130588657 1130588671
2269 1130590399 1130590399
858 1130640315 1130640315
858 1130647832 1130647832
858 1130649563 1130649563
5571 1130652477 1130652505
3 1130664639 1130664639
3 1130665229 1130668110
20 1130664639 1130670444
20 1130671584 1130672175
408 1130672764 1130672764
9794 1130672175 1130674435
3 1130668695 1130675016
1005 1130714518 1130714518
9 1130715162 1130715162
19 1130715766 1130715766
2 1130715162 1130715780
33 1130715780 1130715780
20 1130715773 1130715787
10 1130715766 1130716365
9 1130715780 1130716365
18 1130715162 1130716957
13 1130716964 1130716964
6189 1130715773 1130716971
2 1130716957 1130716971
33 1130716957 1130716971
10 1130716971 1130717566
20 1130716971 1130717566
18 1130717566 1130717566
33 1130718753 1130718760
15 1130718753 1130718760
10 1130719362 1130719362
13 1130718760 1130719369
9 1130719369 1130719369
19 1130718753 1130719376
10 1130719969 1130720542
15 1130719969 1130720542
19 1130721092 1130721092
6189 1130718760 1130721692
20 1130719369 1130721692
33 1130719969 1130721692
13 1130720542 1130721692
9 1130721692 1130721692
10 1130722238 1130722238
2 1130722238 1130722238
4 1130722813 1130722813
14 1130722813 1130722813
3010 1130718753 1130724525
5 1130715162 1130724532
15 1130722238 1130724532
10 1130724532 1130724532
34 1130725089 1130725089
9794 1130725089 1130725089
19 1130725089 1130725089
5878 1130725089 1130725096
3 1130725096 1130725096
4 1130725096 1130725096
18 1130725089 1130725677
20 1130725089 1130725684
10888 1130725677 1130725691
10 1130725677 1130726307
15 1130725684 1130726307
2 1130726857 1130727464
10 1130727464 1130727464
5 1130725677 1130728056
20 1130726307 1130728056
10888 1130726314 1130728056
15 1130727464 1130728056
33 1130728063 1130728063
10 1130728626 1130729182
2 1130729776 1130730336
8 1130730895 1130730895
34 1130729776 1130731515
33 1130730336 1130731515
7 1130730895 1130731515
2 1130730909 1130732123
8 1130731515 1130732123
3006 1130756495 1130756516
3083 1130759999 1130761123
10400 1130761123 1130761123
1824 1130761123 1130761725
10400 1130762283 1130762283
10400 1130763425 1130763425
1 1130803661 1130803668
4 1130803661 1130804264
14 1130804271 1130804271
3010 1130803661 1130804278
11295 1130804278 1130804278
10 1130803661 1130804850
13 1130804271 1130804850
4 1130804850 1130804850
15 1130805434 1130805434
20 1130803661 1130806038
2 1130803661 1130806038
1767 1130804271 1130806038
5878 1130806616 1130806616
13 1130806616 1130806616
3010 1130806038 1130807168
14 1130806038 1130807168
19 1130807168 1130807168
1 1130807168 1130807168
20 1130807769 1130807769
13 1130808903 1130808903
3010 1130808903 1130808903
10091 1130807168 1130808908
1767 1130807769 1130808908
15 1130807769 1130808908
1 1130808908 1130808908
7020 1130803661 1130809482
6189 1130804264 1130809482
4 1130808346 1130809482
20 1130809482 1130809482
26 1130807168 1130810615
2 1130808903 1130810615
8988 1130811211 1130811211
2717 1130811793 1130811793
5571 1130818640 1130818647
9819 1130834124 1130834138
15 1130833553 1130839252
11283 1130885526 1130885526
9 1130886109 1130887286
18 1130885526 1130887879
4087 1130887286 1130887879
2 1130887879 1130887879
30 1130887879 1130887879
19 1130887286 1130888453
5 1130885526 1130888460
4 1130889004 1130889004
3010 1130888460 1130889547
9 1130889004 1130889547
19 1130889547 1130889547
13 1130889004 1130890157
4 1130890157 1130890157
3010 1130890758 1130890765
30 1130890765 1130890765
20 1130885526 1130891365
33 1130886109 1130891365
6189 1130889004 1130891365
13 1130891365 1130891365
4 1130891365 1130891365
15 1130885526 1130892524
5 1130890150 1130892524
4087 1130892524 1130892524
23 1130892524 1130892531
17 1130892531 1130892531
19 1130892524 1130893127
14 1130893127 1130893127
2 1130892531 1130893675
4 1130892531 1130894247
4087 1130894247 1130894247
18 1130892524 1130894254
3010 1130893675 1130894254
23 1130894254 1130894261
14 1130894261 1130894261
2 1130894268 1130894268
4087 1130894268 1130894268
5 1130894247 1130894822
19 1130894261 1130894822
17 1130894822 1130894822
33 1130892531 1130894829
15 1130893675 1130894836
1 1130894261 1130894836
4 1130894822 1130894836
3010 1130894836 1130894836
14 1130894836 1130894836
18 1130894836 1130894836
14 1130896004 1130896004
5 1130896004 1130896004
18 1130896004 1130896608
1 1130896608 1130896608
4087 1130896004 1130896614
20 1130896004 1130896614
4 1130896004 1130896621
11272 1130897218 1130897218
33 1130896004 1130897770
20 1130897770 1130897770
23 1130897770 1130897770
17 1130897770 1130897770
15 1130896004 1130898313
14 1130897218 1130898313
18 1130897218 1130898313
5 1130898313 1130898313
4 1130898313 1130898313
3 1130898912 1130898912
32 1130898912 1130899474
16 1130899474 1130900079
34 1130899474 1130900086
9794 1130898912 1130900093
14 1130899474 1130900093
23 1130900079 1130900093
3 1130900086 1130900093
16 1130900659 1130900659
7520 1130907089 1130909944
5934 1130917546 1130917546
1276 1130918137 1130918137
5571 1130921093 1130924622
50 1130925746 1130925746
5056 1130925746 1130925753
7442 1130925753 1130925753
7442 1130927465 1130927479
50 1130927493 1130927493
5056 1130927465 1130929214
50 1130929207 1130929214
50 1130929857 1130929857
5056 1130929843 1130930958
3730 1130987138 1130987138
681 1131008076 1131008076
4802 1131008682 1131008682
9001 1131009283 1131009283
2469 1131008675 1131009892
7603 1131012174 1131012174
8133 1131009283 1131015033
521 1131015598 1131015598
4087 1131055422 1131055422
1204 1131055422 1131055422
1 1131055422 1131055429
15 1131055422 1131056011
18 1131056011 1131056011
19 1131056018 1131056018
1 1131056018 1131056018
20 1131055422 1131056577
18 1131056584 1131056584
1204 1131056577 1131056591
23 1131056591 1131056591
4087 1131056577 1131057756
19 1131057149 1131057756
20 1131057756 1131057756
18 1131057756 1131057756
2 1131055422 1131057763
10 1131056004 1131057763
15 1131056584 1131057763
4 1131056591 1131057763
1 1131057763 1131057763
19 1131058380 1131058380
4087 1131058380 1131058941
1204 1131058941 1131058941
20 1131058941 1131058941
3010 1131058373 1131059520
4 1131059520 1131059520
10 1131059527 1131059527
18 1131060091 1131060091
3010 1131060669 1131060669
14 1131060669 1131060669
33 1131058380 1131061256
23 1131058941 1131061256
1204 1131061256 1131061256
18 1131062425 1131062425
5 1131062425 1131063014
23 1131062425 1131063014
15 1131063014 1131063014
10 1131063021 1131063564
15 1131064148 1131064753
23 1131064148 1131064753
4087 1131064753 1131064760
1204 1131064148 1131065310
10 1131064753 1131065310
3010 1131064760 1131065310
4 1131065310 1131065310
18 1131065310 1131065310
15 1131065895 1131065902
23 1131065902 1131065902
1767 1131065895 1131065916
18 1131065916 1131065916
20 1131065310 1131066471
23 1131066471 1131066471
14 1131066471 1131066471
4087 1131065902 1131066478
5 1131064141 1131067054
14 1131067054 1131067054
20 1131067054 1131067054
10 1131065909 1131067655
18 1131067655 1131067655
33 1131065895 1131068204
1767 1131066485 1131068204
15 1131066485 1131068204
23 1131067054 1131068204
27 1131068794 1131068794
8187 1131068801 1131068801
11 1131068801 1131068808
3 1131068808 1131068808
25 1131068808 1131068808
27 1131069373 1131069387
29 1131069380 1131069394
7003 1131069953 1131069953
6673 1131070536 1131070543
294 1131075207 1131075207
7111 1131083900 1131083900
7383 1131086212 1131086212
2151 1131096761 1131096761
4211 1131096761 1131096761
5265 1131096187 1131097359
8850 1131096761 1131097359
2061 1131097352 1131097359
7789 1131103724 1131104270
518 1131104858 1131104858
3674 1131107196 1131107196
9502 1131107788 1131107788
9493 1131110057 1131110057
7830 1131136939 1131136939
489 1131139788 1131139788
10808 1131140375 1131140375
849 1131141511 1131141511
849 1131142671 1131142671
10808 1131143240 1131143240
8053 1131143240 1131143794
849 1131143794 1131143794
4333 1131143794 1131143801
8484 1131143836 1131143843
7783 1131144425 1131144425
6004 1131145038 1131145038
9096 1131145596 1131146175
7783 1131145596 1131146175
8903 1131145596 1131146175
849 1131146733 1131146733
4960 1131146733 1131146733
6802 1131146733 1131146733
5578 1131159438 1131159438
9238 1131164654 1131164661
4333 1131168633 1131168633
9238 1131168633 1131168633
10808 1131168633 1131168633
1845 1131170943 1131170943
9493 1131171497 1131171497
10808 1131172078 1131172078
10808 1131173797 1131173818
10613 1131177221 1131177221
9297 1131177221 1131177221
2806 1131177796 1131177796
5642 1131180634 1131180634
6039 1131180634 1131180634
10000 1131180634 1131180634
9558 1131180641 1131180641
6749 1131181186 1131181186
4442 1131181186 1131181193
5642 1131181774 1131181774
2095 1131181774 1131182342
8441 1131182342 1131183489
9558 1131183489 1131183489
2095 1131183496 1131184054
3990 1131182342 1131184631
8441 1131184631 1131184631
5428 1131186391 1131186391
7382 1131186391 1131186391
10513 1131186987 1131186987
6086 1131186987 1131186994
2196 1131186987 1131187601
4886 1131187601 1131187601
7830 1131187601 1131187601
8053 1131187601 1131187601
10808 1131186987 1131187606
2827 1131187601 1131187606
4960 1131187601 1131187606
7982 1131187606 1131187606
3426 1131187606 1131187606
6708 1131187606 1131187606
3674 1131187606 1131187606
1346 1131186987 1131188156
4333 1131188156 1131188156
3115 1131188156 1131188156
7192 1131188156 1131188156
6079 1131186994 1131188160
4545 1131188156 1131188160
533 1131188156 1131188160
7426 1131188156 1131188160
1616 1131188160 1131188160
999 1131188721 1131188721
10513 1131188721 1131188721
6086 1131188721 1131188721
2488 1131188721 1131188721
7699 1131188160 1131188726
5418 1131188160 1131188726
4960 1131188721 1131188726
9493 1131188721 1131188733
7982 1131188726 1131188733
6004 1131188721 1131189293
3426 1131189293 1131189293
7830 1131189293 1131189293
8053 1131189293 1131189293
10425 1131189293 1131189293
2999 1131188733 1131189298
2708 1131189298 1131189298
10696 1131189298 1131189298
6086 1131189298 1131189298
2488 1131189298 1131189298
6507 1131189293 1131189301
7982 1131189301 1131189301
4811 1131189301 1131189301
9087 1131189301 1131189301
1346 1131189301 1131189301
489 1131189867 1131189867
7651 1131189867 1131189867
8471 1131189867 1131189867
3930 1131190459 1131190459
6086 1131190459 1131190459
6079 1131188733 1131190464
3674 1131189301 1131190464
7699 1131189867 1131190464
4960 1131190459 1131190464
7192 1131190464 1131190464
2196 1131188160 1131191050
8053 1131190459 1131191050
9493 1131191050 1131191050
2708 1131191050 1131191050
4545 1131191050 1131191050
10808 1131189293 1131191618
2488 1131190459 1131191618
2999 1131190464 1131191618
489 1131191050 1131191618
6086 1131191618 1131191618
7192 1131192173 1131192173
2708 1131192173 1131192173
7699 1131193936 1131193936
9493 1131193936 1131193950
3674 1131196820 1131196827
4333 1131225178 1131225178
9214 1131261825 1131261846
10905 1131267049 1131267049
1767 1131310692 1131310692
10091 1131310692 1131310692
3 1131311268 1131311268
17 1131311847 1131311847
25 1131311847 1131311847
20 1131311847 1131311847
14 1131311854 1131311854
1767 1131311854 1131311854
19 1131310692 1131312436
17 1131312436 1131312436
29 1131312443 1131312443
13 1131310692 1131312450
15 1131310692 1131312450
1767 1131312443 1131312450
21 1131313019 1131313019
6189 1131310692 1131313026
20 1131313019 1131314224
19 1131314224 1131315372
14 1131314770 1131315969
6189 1131315365 1131315969
15 1131315365 1131316563
21 1131316563 1131316563
25 1131316563 1131316563
20 1131316563 1131316563
33 1131318216 1131318216
17 1131318216 1131318216
19 1131317674 1131318230
18 1131318230 1131318230
9794 1131318216 1131318237
23 1131318237 1131318237
6189 1131318237 1131318237
25 1131318223 1131318833
4087 1131318223 1131318833
13 1131318833 1131318833
17 1131318833 1131318833
7 1131318833 1131319413
3 1131319413 1131319413
6189 1131319420 1131319420
25 1131319434 1131319434
3 1131319434 1131319434
15 1131318216 1131319441
19 1131319420 1131319441
21 1131319427 1131319441
7 1131319434 1131319441
6189 1131321206 1131321206
33 1131321206 1131321206
18 1131321206 1131321213
19 1131321206 1131321220
34 1131321220 1131321220
3 1131321220 1131321220
25 1131321206 1131321227
6189 1131321227 1131321227
13 1131321788 1131321788
9794 1131321781 1131322357
4087 1131322357 1131322357
19 1131322357 1131322919
6189 1131322919 1131322919
34 1131322919 1131322919
10091 1131320644 1131322926
3 1131322926 1131322926
20 1131322926 1131322926
5 1131322926 1131322926
25 1131322926 1131322926
1767 1131322919 1131322933
9794 1131322933 1131322933
9794 1131324068 1131324068
3 1131324068 1131324068
824 1131324656 1131324656
13 1131324614 1131327603
6189 1131324614 1131327603
811 1131332270 1131332270
3775 1131332284 1131332284
382 1131332284 1131332284
34 1131333515 1131334665
10393 1131349220 1131349220
2283 1131349220 1131349220
2281 1131351011 1131351011
2283 1131351004 1131352167
10652 1131352727 1131355050
