9794 1130494408 1130494408
17 1130494408 1130494415
7020 1130494415 1130494415
13 1130494408 1130494422
18 1130494415 1130494422
5 1130495596 1130495596
9794 1130495596 1130496721
18 1130496721 1130496721
33 1130497274 1130497274
24 1130497835 1130497835
22 1130497835 1130497835
32 1130497835 1130497835
21 1130497835 1130497835
7020 1130496721 1130498388
3 1130496721 1130498388
5878 1130498395 1130498395
16 1130498395 1130498395
12 1130497835 1130498946
18 1130498388 1130498946
36 1130497274 1130499503
25 1130497835 1130499503
7020 1130499503 1130499503
28 1130498946 1130500082
3 1130499503 1130500082
22 1130499508 1130500082
1131 1130498395 1130500640
18 1130500082 1130500640
32 1130498946 1130500643
21 1130499508 1130500643
36 1130500640 1130500646
7020 1130500646 1130500646
28 1130501217 1130501217
22 1130501217 1130501217
3 1130501217 1130501217
5878 1130499508 1130501786
11 1130501217 1130501786
11420 1130502360 1130502360
12 1130500640 1130502365
28 1130502365 1130502365
21 1130501786 1130502380
34 1130498388 1130502966
25 1130500643 1130502971
32 1130501786 1130503552
12 1130502380 1130503552
28 1130503552 1130503552
29 1130501217 1130504128
22 1130502377 1130504128
9794 1130498388 1130504135
36 1130502360 1130504135
3 1130502365 1130504135
11 1130502371 1130504135
5878 1130504128 1130504135
5 1130504743 1130504757
34 1130504743 1130504757
2 1130507001 1130507001
1131 1130507001 1130507001
34 1130506458 1130508757
12 1130508166 1130508757
382 1130508757 1130508757
36 1130508757 1130509369
3 1130509376 1130509376
30 1130507600 1130509955
36 1130509949 1130509955
6 1130509949 1130509955
12 1130509949 1130509955
382 1130509949 1130510525
9413 1130504743 1130511124
11329 1130511124 1130511124
9794 1130506458 1130511724
34 1130509949 1130511724
36 1130511724 1130512284
382 1130512858 1130513465
3 1130513465 1130513465
17 1130513465 1130513465
9794 1130513465 1130513465
34 1130512858 1130514060
28 1130504743 1130514067
12 1130511724 1130514067
9794 1130514067 1130514067
17 1130514067 1130514067
382 1130514067 1130514067
9794 1130515237 1130515237
12 1130515237 1130515237
382 1130515237 1130515832
34 1130515230 1130517005
382 1130517005 1130517595
9794 1130517595 1130517595
3 1130517595 1130517595
28 1130515230 1130518147
34 1130518708 1130518708
5750 1130535562 1130535562
1140 1130535562 1130535562
1140 1130536721 1130536728
1140 1130537883 1130537883
5750 1130537883 1130537883
3748 1130539613 1130539613
8293 1130539613 1130539613
7656 1130539613 1130540200
1958 1130540797 1130540797
4122 1130541398 1130541398
3748 1130541398 1130541962
7656 1130541962 1130541962
8756 1130539613 1130542549
5750 1130541398 1130542549
4448 1130542549 1130542549
7962 1130539613 1130543150
5725 1130541398 1130543157
8293 1130542549 1130543157
9640 1130539613 1130543702
8343 1130543157 1130543702
8756 1130543702 1130543702
1140 1130543702 1130543702
7184 1130543702 1130543702
5946 1130542549 1130544271
7800 1130540200 1130544873
4507 1130585375 1130585375
348 1130585944 1130585944
4448 1130585944 1130586518
9640 1130586518 1130587061
7184 1130586518 1130587061
1373 1130586518 1130587068
3220 1130601525 1130601525
1373 1130609129 1130610312
1373 1130617905 1130617947
7656 1130630851 1130631450
7656 1130632569 1130632569
1373 1130629687 1130633170
4448 1130676057 1130676057
1373 1130676057 1130676626
9640 1130676626 1130676626
1552 1130676626 1130676626
11019 1130697637 1130697644
3591 1130697637 1130698225
1373 1130697637 1130698225
1552 1130698225 1130698225
4080 1130710003 1130710555
1552 1130710003 1130710555
7184 1130710555 1130710555
9640 1130710555 1130710555
8756 1130711733 1130711733
10630 1130748478 1130748478
5 1130749063 1130749063
33 1130752562 1130752562
18 1130752562 1130753178
18 1130753199 1130754366
5878 1130754366 1130754984
22 1130754970 1130754984
28 1130754977 1130754984
18 1130754984 1130754984
14 1130752569 1130755571
54 1130755571 1130755571
6691 1130755571 1130755571
16 1130755571 1130755571
3010 1130755571 1130755578
18 1130756161 1130756161
28 1130756161 1130756715
34 1130756715 1130756715
36 1130756715 1130757319
22 1130756715 1130757319
32 1130756161 1130757923
18 1130757923 1130757923
28 1130758473 1130758473
5878 1130756161 1130759066
18 1130759631 1130759631
36 1130759066 1130759634
9413 1130759631 1130759634
3 1130755571 1130760178
16 1130757923 1130760182
22 1130759066 1130760776
25 1130756161 1130761342
29 1130760182 1130761342
34 1130760182 1130761347
21 1130756161 1130761943
32 1130759631 1130761943
11 1130760178 1130761943
20 1130761943 1130761943
16 1130761943 1130761943
9794 1130755571 1130762518
28 1130759634 1130762518
5878 1130760182 1130762518
18 1130760776 1130762518
3 1130761347 1130762518
22 1130762518 1130762518
36 1130762518 1130762518
33 1130764198 1130764226
7587 1130764198 1130764818
28 1130764198 1130764825
34 1130765935 1130765935
8 1130765368 1130765942
33 1130765368 1130765949
6 1130765935 1130765949
2 1130765935 1130765949
10888 1130767135 1130767135
9966 1130767135 1130768289
824 1130768296 1130768844
9966 1130769436 1130769436
3196 1130770542 1130773385
5 1130773929 1130773936
9061 1130783259 1130783259
5489 1130783825 1130783825
11019 1130783825 1130783832
1373 1130783825 1130783832
22 1130832588 1130833217
22 1130833238 1130833788
5878 1130832588 1130834891
16 1130834339 1130836063
16 1130836645 1130836645
25 1130837839 1130837839
3 1130837839 1130837839
21 1130837839 1130837839
32 1130837839 1130837844
28 1130837839 1130837849
16 1130837844 1130837856
34 1130837844 1130837856
27 1130837839 1130838425
7020 1130837862 1130838425
32 1130837862 1130838429
7171 1130838429 1130838429
3 1130837862 1130838433
11314 1130838982 1130838982
28 1130838425 1130838986
36 1130834339 1130839592
5878 1130835491 1130840150
7020 1130840150 1130840150
21 1130838429 1130840753
32 1130838986 1130841298
28 1130839586 1130841298
34 1130838433 1130841303
16 1130841303 1130841303
25 1130837856 1130841308
20 1130841308 1130841308
21 1130841308 1130841879
28 1130841879 1130841884
32 1130841884 1130841884
6189 1130842468 1130842468
1767 1130841298 1130843024
5878 1130841879 1130843024
20 1130842468 1130843024
16 1130843024 1130843024
27 1130838982 1130843596
3010 1130843596 1130843596
7020 1130843024 1130843600
25 1130843600 1130843600
22 1130834891 1130844796
16 1130844796 1130844796
32 1130843600 1130845360
11 1130845360 1130845360
25 1130845360 1130845360
36 1130841303 1130845966
5878 1130845360 1130845966
22 1130845966 1130845966
9794 1130837839 1130846536
3 1130838991 1130846536
21 1130843024 1130846536
32 1130846536 1130846536
16 1130846536 1130846536
25 1130847135 1130847135
6189 1130847142 1130847142
34 1130842468 1130847149
28 1130843600 1130847149
16 1130847149 1130847149
216 1130848306 1130848306
9421 1130848869 1130848869
11054 1130848869 1130848869
5375 1130849458 1130849458
8545 1130850019 1130850026
8983 1130867372 1130867386
4448 1130867970 1130867970
10703 1130867970 1130868585
7184 1130868578 1130868585
5750 1130868578 1130868592
1140 1130867379 1130869171
3591 1130867372 1130869178
3592 1130868578 1130869178
9640 1130869171 1130869178
1373 1130867970 1130869770
568 1130869770 1130869770
5878 1130917816 1130918379
22 1130917816 1130918379
22 1130920726 1130920726
27 1130922421 1130922421
3010 1130922421 1130922428
952 1130925269 1130925269
18 1130925269 1130925276
16 1130925858 1130925858
14 1130922421 1130925865
34 1130925858 1130925872
434 1130925872 1130925872
32 1130927072 1130927072
33 1130927072 1130927072
34 1130927075 1130927075
16 1130927075 1130927075
18 1130927075 1130927075
22 1130926474 1130927649
3 1130926474 1130928237
22 1130928232 1130929424
32 1130927654 1130930023
36 1130925858 1130930575
16 1130928232 1130930575
3 1130930023 1130930580
25 1130926474 1130931185
11 1130930575 1130931185
33 1130931185 1130931185
34 1130928226 1130931742
16 1130931742 1130931742
27 1130926474 1130932305
5878 1130926474 1130932305
22 1130930580 1130932305
36 1130931742 1130932305
18 1130932305 1130932305
21 1130925858 1130932899
9794 1130926474 1130932899
32 1130931185 1130932899
6189 1130932899 1130932899
3 1130932899 1130932899
25 1130932899 1130932899
1373 1130935247 1130935814
9640 1130936375 1130936382
6946 1130939948 1130939948
8983 1130951911 1130951911
3591 1130951911 1130951911
1373 1130951911 1130951911
3592 1130952457 1130952457
1373 1130953007 1130953014
3591 1130953628 1130953635
36 1131003598 1131003612
34 1131003598 1131003640
8187 1131003009 1131003647
36 1131003633 1131003647
22 1131003598 1131004761
34 1131004761 1131004761
16 1131004761 1131004761
12 1131004196 1131004768
36 1131004768 1131004775
11 1131004761 1131005367
36 1131005916 1131005916
32 1131005923 1131005923
22 1131005916 1131005928
34 1131005909 1131006507
29 1131005923 1131006507
8187 1131006507 1131006507
5878 1131003598 1131006513
21 1131004196 1131006513
11 1131006513 1131007056
12 1131005909 1131007602
28 1131007056 1131007602
8187 1131007602 1131007602
11186 1131007602 1131007602
34 1131007602 1131007602
427 1131008190 1131008190
3 1131008190 1131008190
36 1131006507 1131008195
32 1131008190 1131008195
20 1131008190 1131008195
1131 1131008195 1131008195
16 1131006513 1131008768
9794 1131008190 1131009375
12 1131008768 1131009389
36 1131009382 1131009389
34 1131008768 1131009945
28 1131009375 1131009945
27 1131004196 1131009951
8187 1131009389 1131009951
16 1131009951 1131009951
32 1131009951 1131009951
25 1131004196 1131010525
36 1131010525 1131010525
9794 1131009945 1131011117
29 1131011124 1131011124
32 1131011124 1131011124
16 1131011124 1131011124
22 1131007056 1131012822
28 1131011117 1131012822
27 1131012274 1131012822
36 1131012274 1131012826
16 1131012826 1131012826
21 1131008768 1131012830
12 1131010525 1131012830
9794 1131012274 1131013373
3 1131009382 1131013378
28 1131013373 1131013939
36 1131013939 1131013939
22 1131013373 1131014516
32 1131013378 1131014527
9794 1131014516 1131014527
22 1131014532 1131014532
28 1131014532 1131014532
8187 1131011124 1131015091
3 1131014532 1131015091
34 1131011679 1131015096
29 1131014521 1131015096
11279 1131015096 1131015096
32 1131015096 1131015096
5878 1131011679 1131015667
27 1131013373 1131015667
28 1131015667 1131015667
11 1131014527 1131016269
9794 1131015096 1131016269
8187 1131016266 1131016269
5878 1131016812 1131017401
12 1131013939 1131017987
29 1131016269 1131017987
34 1131016812 1131017987
21 1131013939 1131017994
16 1131013939 1131017994
3 1131016266 1131017994
22 1131016812 1131017994
36 1131016812 1131017994
28 1131017401 1131017994
11 1131017994 1131017994
27 1131017994 1131017994
10 1131018595 1131018595
3657 1131019796 1131019796
4361 1131019803 1131019803
3174 1131022706 1131022706
7675 1131023268 1131023275
2296 1131023275 1131023275
3483 1131027411 1131027411
1373 1131037886 1131039049
10703 1131039049 1131039049
1960 1131045411 1131045411
3322 1131088542 1131088542
19 1131089140 1131089140
27 1131092610 1131092617
16 1131092617 1131092617
34 1131092617 1131092617
27 1131093782 1131093789
16 1131093789 1131093789
20 1131093190 1131094375
36 1131093782 1131094375
32 1131093190 1131094943
25 1131093782 1131095491
34 1131093782 1131095498
36 1131095498 1131095498
7653 1131096702 1131097267
22 1131097267 1131097267
8187 1131097273 1131097273
11300 1131097273 1131097273
21 1131092610 1131097819
32 1131097267 1131098388
36 1131096114 1131098966
8187 1131098966 1131098966
7653 1131098966 1131098966
3 1131096702 1131098973
22 1131098388 1131099540
7653 1131099547 1131099547
16 1131099547 1131099547
25 1131096107 1131100704
28 1131097261 1131100704
16 1131100704 1131100704
9413 1131101249 1131101249
11 1131100143 1131101259
3 1131100149 1131101259
7653 1131101259 1131101259
28 1131101860 1131101860
25 1131101860 1131101866
34 1131096114 1131102450
28 1131102450 1131102450
3 1131102450 1131102450
27 1131095498 1131103007
21 1131098973 1131103007
32 1131099540 1131103007
29 1131100143 1131103007
36 1131100143 1131103007
22 1131101254 1131103007
11 1131102450 1131103007
25 1131103007 1131103007
33 1131103557 1131103557
15 1131103557 1131103557
28 1131104712 1131104712
17 1131104136 1131105292
21 1131105292 1131105292
20 1131105299 1131105306
33 1131105306 1131105306
5 1131105861 1131105868
15 1131105875 1131105875
34 1131105868 1131106428
5 1131106435 1131106435
23 1131106428 1131106987
4087 1131106435 1131106987
21 1131105861 1131107015
3 1131106987 1131107015
16 1131107623 1131107623
23 1131107623 1131107623
28 1131107623 1131107630
16 1131107644 1131107651
23 1131107644 1131107658
16 1131108222 1131108222
11304 1131108222 1131108222
2424 1131106987 1131109384
36 1131107630 1131109384
28 1131108215 1131109384
23 1131109384 1131109384
17 1131109985 1131109992
4087 1131107623 1131111168
28 1131111772 1131111772
3 1131109992 1131112927
36 1131111168 1131112927
32 1131112379 1131112927
34 1131106994 1131115243
28 1131115243 1131115243
36 1131114658 1131115813
21 1131112379 1131116381
36 1131116381 1131116381
25 1131109377 1131116939
2424 1131110565 1131116939
4 1131111772 1131116939
32 1131114658 1131116939
8983 1131122066 1131122066
11019 1131122659 1131122666
3591 1131122659 1131123238
10703 1131123231 1131123238
4448 1131123238 1131123238
9508 1131132565 1131132565
3748 1131133143 1131133143
2335 1131133705 1131133712
9640 1131133705 1131133712
7800 1131133705 1131134310
5750 1131134310 1131134310
1373 1131134853 1131134860
4122 1131134853 1131134860
1373 1131137227 1131137805
4122 1131137805 1131137805
11019 1131137227 1131137809
5489 1131137805 1131137809
6165 1131137805 1131137809
1140 1131137805 1131137809
3824 1131137805 1131137809
1892 1131137805 1131137809
9640 1131137805 1131137809
5750 1131137809 1131138369
7656 1131141265 1131141864
1552 1131184928 1131184928
1552 1131207000 1131207007
3591 1131207000 1131207014
9814 1131207000 1131207014
4448 1131207000 1131207579
11019 1131207572 1131207579
4721 1131210567 1131210567
10214 1131210567 1131210567
1386 1131210567 1131210567
5723 1131211147 1131211147
9105 1131211147 1131211154
422 1131211154 1131211154
5510 1131211154 1131211154
5809 1131211154 1131211154
10875 1131211154 1131211154
5011 1131211709 1131211709
5604 1131211709 1131211709
10888 1131211709 1131211709
4010 1131211709 1131211715
7952 1131211709 1131211715
9071 1131211709 1131211715
9946 1131211709 1131212264
6282 1131211709 1131212264
333 1131211715 1131212264
2072 1131212264 1131212264
6756 1131212264 1131212264
871 1131212264 1131212264
2220 1131212264 1131212264
1301 1131212264 1131212264
6076 1131212869 1131212869
10025 1131213449 1131213449
9814 1131271288 1131271288
1373 1131271281 1131271855
7800 1131272446 1131272446
3199 1131273001 1131273001
5285 1131286134 1131286134
10609 1131286134 1131286134
3591 1131292375 1131292382
1373 1131292984 1131294096
28 1131342804 1131343928
22 1131343928 1131343928
11 1131343928 1131343928
9794 1131344510 1131344510
21 1131344510 1131345081
12 1131344510 1131345081
6189 1131345081 1131345081
36 1131344510 1131345086
11 1131345086 1131345086
16 1131344510 1131345671
3 1131344510 1131345671
28 1131345671 1131345671
8187 1131343928 1131345674
6 1131346238 1131346238
6189 1131346238 1131346238
34 1131344510 1131346798
32 1131345086 1131346804
3 1131346798 1131346804
9794 1131345674 1131346810
29 1131345081 1131347399
11 1131346810 1131347405
12 1131345674 1131347411
6189 1131347399 1131347417
16 1131346798 1131348013
8187 1131348013 1131348601
21 1131346238 1131348606
32 1131347405 1131349177
22 1131345671 1131350340
3 1131348013 1131350340
12 1131348601 1131350927
16 1131349177 1131350927
8187 1131350927 1131350927
32 1131350927 1131351491
25 1131344510 1131352079
8187 1131352079 1131352647
36 1131346804 1131353755
34 1131349750 1131354360
22 1131351495 1131354955
32 1131353194 1131354955
28 1131347399 1131355499
29 1131355499 1131355510
11 1131355504 1131355510
21 1131350927 1131356116
8187 1131355504 1131356116
11 1131356119 1131356119
22 1131356112 1131356122
28 1131356112 1131356122
25 1131353755 1131356127
8187 1131356682 1131356682
28 1131356687 1131356687
11 1131356682 1131356693
21 1131356127 1131357238
22 1131356693 1131357238
25 1131356697 1131357238
9794 1131348013 1131357829
3 1131351495 1131357829
12 1131352079 1131357829
36 1131354955 1131357829
32 1131356116 1131357829
29 1131356127 1131357829
11 1131357829 1131357829
3775 1131358411 1131358411
7587 1131358989 1131358996
28 1131357238 1131359617
817 1131358989 1131359617
3775 1131359003 1131359617
25 1131360223 1131360230
23 1131360223 1131360230
34 1131355499 1131360803
3010 1131360223 1131360803
22 1131360803 1131360803
3 1131360223 1131361356
9794 1131360223 1131361929
6 1131361929 1131361929
6189 1131361929 1131361929
13 1131361929 1131361929
32 1131361929 1131361929
2093 1131362530 1131362530
2093 1131363710 1131363710
10361 1131363724 1131363724
824 1131361929 1131364319
3010 1131362530 1131364902
27 1131362537 1131364902
54 1131365448 1131365448
31 1131369457 1131369457
27 1131367709 1131370064
7184 1131378177 1131378184
4790 1131378177 1131378184
5000 1131378177 1131378184
1552 1131378184 1131378184
1960 1131378775 1131378775
3592 1131378775 1131378782
1373 1131378782 1131379342
7184 1131379342 1131379342
1373 1131385735 1131385735
1552 1131386908 1131388045
1552 1131389172 1131389172
1373 1131388601 1131391524
9640 1131392071 1131392629
1373 1131393788 1131394939
9640 1131394939 1131394939
