31 1130500261 1130500275
7777 1130503127 1130503127
7777 1130505363 1130505363
7777 1130508223 1130508251
2258 1130509425 1130509425
5500 1130509425 1130509425
1983 1130509425 1130509425
5739 1130509425 1130509425
7792 1130509425 1130509425
10884 1130510001 1130510001
1707 1130510001 1130510001
1822 1130510001 1130510001
5739 1130510616 1130510630
10893 1130511180 1130511775
3291 1130511180 1130513473
10893 1130513473 1130513473
1059 1130514039 1130514039
4384 1130514039 1130514039
8922 1130514039 1130514039
2658 1130518732 1130518732
8696 1130519339 1130519339
9887 1130519339 1130519339
4624 1130519339 1130519339
9034 1130519339 1130519339
7338 1130519339 1130519339
9284 1130519339 1130519339
3609 1130519339 1130519339
2328 1130519339 1130519339
8825 1130519927 1130519927
1609 1130519927 1130519927
1116 1130519927 1130519927
4821 1130519927 1130519927
6693 1130519927 1130519932
6852 1130519927 1130519932
3841 1130519927 1130519932
7870 1130519932 1130519932
2360 1130519927 1130519934
8121 1130519932 1130519934
9668 1130519932 1130519934
7318 1130519932 1130519934
3962 1130519934 1130519934
1478 1130519934 1130519934
1672 1130519934 1130519934
4862 1130519934 1130519934
8330 1130520489 1130520489
8596 1130520489 1130520489
8284 1130520489 1130520496
10616 1130520489 1130520496
9305 1130520496 1130520496
4991 1130520496 1130520496
7601 1130520489 1130520503
5620 1130520489 1130520503
10586 1130520489 1130520503
9562 1130521097 1130521097
3832 1130521097 1130521104
7410 1130676161 1130676161
7201 1130676161 1130676161
6944 1130676168 1130676168
3439 1130676750 1130676750
9998 1130676750 1130676750
9926 1130676750 1130676750
6593 1130676750 1130676750
605 1130676750 1130676750
6071 1130676750 1130676750
6674 1130676750 1130676750
5606 1130677306 1130677306
6381 1130677306 1130677306
9181 1130677306 1130677306
6502 1130677306 1130677306
2467 1130677306 1130677306
4468 1130677306 1130677873
4243 1130677873 1130677873
1750 1130677873 1130677873
2640 1130677873 1130677873
2588 1130676750 1130677878
652 1130677306 1130677878
289 1130677873 1130677878
7124 1130677873 1130677885
4593 1130677873 1130677885
7085 1130678448 1130679589
7085 1130680698 1130680698
5076 1130681922 1130681922
7085 1130682491 1130682491
603 1130684306 1130686016
4398 1130686594 1130686594
9079 1130752086 1130752086
2093 1130755506 1130755506
10361 1130756065 1130756065
10361 1130759615 1130759615
7 1130765496 1130765496
2 1130764931 1130765503
34 1130764931 1130765503
33 1130764931 1130766054
6 1130764931 1130766054
34 1130766648 1130768953
2 1130766648 1130768953
303 1130770072 1130771809
303 1130772429 1130772429
8350 1130773559 1130773559
2846 1130774711 1130774711
6924 1130775310 1130775310
6913 1130775310 1130775310
4310 1130775310 1130775310
8158 1130775310 1130775310
3864 1130775310 1130775310
5299 1130775310 1130775868
5275 1130776416 1130776416
7886 1130776416 1130776416
9414 1130840758 1130840779
10888 1130841365 1130841365
10888 1130843741 1130843741
16 1130850702 1130850702
27 1130850702 1130850702
22 1130849499 1130851875
13 1130851875 1130851875
28 1130851266 1130853044
6189 1130851266 1130853051
13 1130853051 1130853051
22 1130853058 1130853065
1767 1130853065 1130853065
16 1130853065 1130853661
27 1130851875 1130854222
22 1130854778 1130854778
6189 1130853661 1130855367
13 1130855367 1130855367
28 1130853661 1130855935
16 1130855367 1130855935
34 1130854778 1130856476
6189 1130856476 1130856488
22 1130856488 1130856488
16 1130856488 1130856495
27 1130855935 1130857083
34 1130857083 1130857083
22 1130858801 1130858801
27 1130858801 1130858808
32 1130849499 1130859353
5215 1130849499 1130859353
21 1130851266 1130859353
25 1130851266 1130859353
34 1130858808 1130859353
5878 1130859353 1130859353
16 1130859353 1130859353
813 1130931765 1130932381
810 1130931765 1130932381
535 1130932979 1130932979
2591 1130932979 1130932979
7487 1130932979 1130932986
10715 1130932979 1130932986
6372 1130932986 1130932986
5022 1130932986 1130932986
3959 1130932986 1130932986
6883 1130932986 1130932986
10681 1130933560 1130933560
8618 1130933560 1130933560
9023 1130933560 1130933567
5254 1130933567 1130933567
7033 1130934139 1130934153
8217 1130934146 1130934153
6163 1130934153 1130934153
9137 1130934139 1130935333
91 1130935333 1130935333
3306 1130935333 1130935340
6425 1130935333 1130935340
3172 1130935939 1130935939
7050 1130936491 1130936491
10667 1130937660 1130937660
3074 1130937660 1130937660
3072 1130937660 1130937660
7064 1130939401 1130939401
6779 1130940004 1130940004
4419 1130940574 1130941179
791 1130941165 1130941179
790 1130941165 1130941179
5154 1130941179 1130941179
9561 1130941732 1130941732
9414 1131007208 1131007208
25 1131007765 1131007765
8658 1131020448 1131022212
31 1131022205 1131022212
5 1131025753 1131025753
7812 1131028635 1131028635
9794 1131028642 1131028642
824 1131028642 1131028642
20 1131028642 1131028642
2093 1131028642 1131028649
54 1131028649 1131028649
5 1131028649 1131028649
9794 1131029793 1131029793
32 1131029793 1131030981
3 1131029793 1131030981
9794 1131030974 1131030981
2108 1131032163 1131032163
1031 1131032170 1131032170
3211 1131032768 1131032768
6992 1131032768 1131032768
399 1131032768 1131032768
879 1131032768 1131032768
1036 1131104911 1131104918
10695 1131107810 1131107810
10687 1131107817 1131107817
10523 1131106088 1131108958
7846 1131109508 1131109508
3493 1131110087 1131110087
2563 1131110087 1131110087
7260 1131111243 1131111257
16 1131111812 1131111812
38 1131111812 1131111819
4987 1131111812 1131111826
2753 1131112379 1131112379
38 1131112386 1131112386
6718 1131112386 1131112386
8678 1131112938 1131112938
5610 1131112938 1131112945
7881 1131112938 1131112952
7752 1131112938 1131112966
9160 1131112938 1131112966
8678 1131112966 1131112966
2 1131112966 1131112966
596 1131348162 1131348169
823 1131348162 1131348759
823 1131350465 1131351043
596 1131348204 1131352773
596 1131353376 1131354574
412 1131356308 1131356308
412 1131358618 1131358618
6189 1131358618 1131359165
10361 1131361472 1131361472
6189 1131362095 1131362095
32 1131362088 1131362102
10361 1131362102 1131362102
6189 1131362116 1131362116
32 1131362671 1131362671
7 1131362671 1131362671
3010 1131363824 1131363824
3 1131362088 1131364998
9794 1131362095 1131365005
32 1131362692 1131365005
6958 1131368525 1131368525
596 1131437594 1131439336
596 1131440478 1131440478
2272 1131443468 1131443475
3824 1131443468 1131443475
4763 1131443475 1131443475
864 1131443475 1131443475
6183 1131443475 1131443475
33 1131445174 1131445188
2021 1131445174 1131445188
6682 1131445174 1131445188
11075 1131445181 1131445188
200 1131445746 1131445746
3106 1131445746 1131445746
39 1131446301 1131446301
498 1131446301 1131446308
413 1131450451 1131450451
5857 1131451577 1131451577
138 1131451577 1131451577
