15 1130493408 1130493408
19 1130493408 1130493408
10 1130493408 1130493413
7020 1130493408 1130493413
2 1130493408 1130493418
6 1130493408 1130493418
18 1130493413 1130493418
35 1130493408 1130494003
23 1130493413 1130494003
26 1130494003 1130494003
30 1130493408 1130494592
1 1130493418 1130494592
19 1130494003 1130494592
3010 1130494592 1130494592
4 1130495174 1130495174
20 1130495174 1130495174
10 1130494592 1130495717
6 1130495174 1130495717
23 1130495717 1130496270
54 1130496270 1130496270
5 1130493413 1130496831
15 1130494003 1130496831
33 1130494003 1130496831
19 1130496831 1130496831
20 1130496831 1130496831
9794 1130496831 1130496831
26 1130495717 1130497384
1495 1130497384 1130497384
7812 1130497384 1130497391
500 1130497942 1130497942
17 1130496270 1130498506
11124 1130498499 1130498506
13 1130494592 1130499080
5215 1130499080 1130499080
8695 1130501366 1130501366
2479 1130501380 1130501394
8695 1130501394 1130501394
5694 1130501980 1130501980
926 1130502568 1130502568
8540 1130502568 1130502568
9786 1130503144 1130503151
822 1130503759 1130503773
8843 1130505474 1130505474
8321 1130505474 1130505474
6961 1130506017 1130506017
6313 1130506017 1130506017
7162 1130506017 1130506017
5700 1130506017 1130506017
7225 1130506017 1130506017
9982 1130506616 1130506616
822 1130510141 1130514849
33 1130520094 1130520094
5052 1130518926 1130523009
822 1130527068 1130529373
4831 1130533379 1130533393
10244 1130535745 1130536342
7102 1130535738 1130536900
7102 1130538630 1130538630
1192 1130538630 1130538630
17 1130542093 1130542093
19 1130542654 1130542654
20 1130542654 1130542654
9794 1130542654 1130542654
13 1130540415 1130540415
822 1130542786 1130542786
822 1130549592 1130550180
822 1130582191 1130583357
3125 1130585091 1130585091
3603 1130585098 1130585105
1058 1130585691 1130585691
2342 1130588591 1130588591
8195 1130589178 1130589178
1180 1130589178 1130589178
8743 1130589786 1130589786
822 1130591502 1130592106
822 1130593253 1130594409
822 1130603125 1130603741
822 1130604890 1130604890
822 1130611182 1130612358
822 1130614082 1130614082
5052 1130615245 1130615245
10676 1130617549 1130617549
6379 1130617549 1130617549
10654 1130617549 1130617549
6346 1130616376 1130617556
5052 1130617556 1130618126
6329 1130616376 1130618140
6346 1130618704 1130619310
5052 1130618711 1130620460
6329 1130621031 1130621031
6346 1130621024 1130621600
6329 1130622191 1130622191
6346 1130622191 1130622191
6346 1130623890 1130623890
7102 1130617549 1130624451
6329 1130625032 1130625032
6346 1130625593 1130625593
5585 1130615793 1130626153
4831 1130625586 1130626153
821 1130629066 1130629066
821 1130630239 1130630239
822 1130629651 1130638797
822 1130666987 1130666987
822 1130669378 1130671708
7793 1130673410 1130673410
4256 1130674541 1130674541
33 1130674541 1130674548
822 1130675693 1130675714
10682 1130677480 1130677480
9319 1130677480 1130677480
2669 1130678072 1130678079
9180 1130678072 1130678079
822 1130680911 1130681531
822 1130687962 1130689688
822 1130690823 1130693145
822 1130695515 1130696091
4831 1130697831 1130697838
4618 1130698403 1130698410
6329 1130698403 1130698996
10244 1130698403 1130700735
6346 1130698996 1130700742
7102 1130699564 1130701311
6329 1130701311 1130701311
5052 1130698996 1130701904
3182 1130710015 1130710015
3182 1130712889 1130712889
3182 1130715219 1130715219
822 1130715219 1130726186
822 1130745439 1130746025
7793 1130746601 1130746615
15 1130748976 1130748976
4 1130748976 1130748976
19 1130748976 1130749586
6189 1130749581 1130749598
14 1130749586 1130749604
15 1130749593 1130749604
13 1130749581 1130749614
15 1130750208 1130750208
19 1130750218 1130750218
10 1130749581 1130750804
6 1130749586 1130750804
20 1130750208 1130750804
11309 1130751351 1130751351
11299 1130751351 1130751351
5 1130748976 1130751355
13 1130750218 1130751355
18 1130749581 1130751966
2 1130749581 1130751966
30 1130751966 1130751966
15 1130751355 1130752544
19 1130751362 1130752544
3010 1130753102 1130753102
6 1130753102 1130753102
20 1130751362 1130753661
5 1130752544 1130753661
15 1130754264 1130754264
19 1130753668 1130754271
6 1130754264 1130754277
33 1130749581 1130755433
10 1130751362 1130755433
3010 1130754264 1130755433
5 1130754271 1130755433
20 1130754271 1130755433
15 1130755433 1130755433
19 1130755433 1130755433
6189 1130749614 1130756037
13 1130752544 1130756037
13 1130757768 1130757768
6189 1130757768 1130757768
4831 1130762364 1130762364
54 1130769773 1130769773
33 1130766365 1130769780
822 1130771493 1130771507
822 1130775562 1130776696
822 1130777814 1130777814
822 1130777835 1130778398
822 1130782448 1130782448
822 1130784683 1130785256
822 1130801582 1130801582
822 1130802183 1130802183
822 1130805678 1130829280
20 1130840759 1130840759
3010 1130840759 1130840759
6 1130841366 1130841366
14 1130840759 1130841949
19 1130840766 1130841949
20 1130841949 1130841949
10091 1130841366 1130843128
15 1130841949 1130843128
19 1130843128 1130843128
3010 1130843128 1130843128
7020 1130840759 1130843676
26 1130841366 1130843676
1767 1130841366 1130843676
4 1130842525 1130843676
6 1130842532 1130843676
2 1130843676 1130843676
13 1130841366 1130844262
6189 1130841366 1130844269
7160 1130846609 1130846609
822 1130847772 1130847772
9072 1130850654 1130850654
822 1130857674 1130861126
822 1130863426 1130863433
822 1130870488 1130870488
822 1130872283 1130872283
822 1130872304 1130875755
4831 1130876319 1130876319
7102 1130876319 1130876319
8856 1130876890 1130876890
6346 1130876890 1130876890
6346 1130877488 1130877495
9794 1130881519 1130881519
1011 1130882684 1130882705
8936 1130884467 1130884467
1011 1130884467 1130884467
10884 1130883266 1130884481
5138 1130883856 1130884481
6454 1130883266 1130884488
1011 1130885058 1130885614
10884 1130885628 1130885628
8936 1130885065 1130886222
9264 1130886236 1130886236
8936 1130886794 1130886794
10884 1130886794 1130887397
1011 1130885635 1130887942
7846 1130882684 1130887956
7120 1130883856 1130887956
6454 1130885621 1130887956
822 1130915827 1130916426
19 1130919343 1130919343
2 1130919909 1130919909
14 1130920508 1130920508
17 1130921113 1130921113
4 1130921113 1130921706
18 1130919343 1130921710
2 1130921710 1130921710
6 1130919343 1130922264
4 1130922807 1130922807
19 1130921706 1130922812
20 1130919343 1130923358
13 1130922807 1130923358
11245 1130923358 1130923358
11283 1130923358 1130923358
30 1130920508 1130923921
11270 1130923921 1130923921
4 1130923921 1130923921
3010 1130922812 1130923926
6 1130923926 1130923926
20 1130923932 1130923932
33 1130919343 1130923946
13 1130923932 1130923953
6 1130923946 1130924546
3010 1130923953 1130924546
4087 1130924546 1130924546
20 1130924546 1130925127
6 1130925701 1130925701
5 1130919343 1130925706
4 1130925127 1130925706
30 1130923953 1130925709
3010 1130925706 1130925709
20 1130925709 1130925715
1 1130925715 1130925715
4087 1130926256 1130926256
19 1130925120 1130926859
2 1130926256 1130926865
14 1130926859 1130926865
17 1130922807 1130927445
33 1130925120 1130927445
3010 1130926865 1130927445
6 1130926865 1130927445
23 1130927445 1130927445
5 1130927445 1130927445
15 1130919343 1130928048
20 1130928592 1130928592
2424 1130929151 1130929158
33 1130929158 1130929158
6189 1130922807 1130929165
13 1130925127 1130929165
5755 1130930321 1130930321
4185 1130930321 1130930321
822 1130930863 1130930870
822 1130933104 1130934816
822 1130944619 1130944619
822 1130946938 1130946938
3182 1130954538 1130954538
821 1130955141 1130955148
11216 1130955148 1130955148
822 1130949224 1130956341
822 1130958661 1130959878
821 1130959878 1130959878
822 1130970778 1130974300
822 1130999651 1131000871
822 1131003165 1131003741
821 1131007742 1131007742
6704 1131010655 1131010655
1131 1131011242 1131011242
19 1131011242 1131011823
30 1131011823 1131011823
11 1131011830 1131011830
5 1131011830 1131011830
17 1131013000 1131013000
33 1131011823 1131013007
3010 1131012411 1131013007
18 1131013000 1131013007
20 1131012411 1131013550
14 1131013007 1131014127
36 1131014127 1131014127
21 1131014127 1131014127
29 1131011242 1131014134
15 1131011242 1131014134
11 1131013007 1131014134
5 1131013007 1131014134
10 1131013550 1131014134
2 1131014134 1131014134
5 1131015296 1131015296
33 1131014739 1131015881
5 1131015894 1131015899
2 1131015894 1131016460
10 1131015881 1131016467
3010 1131014746 1131017036
4087 1131015296 1131017036
19 1131013000 1131017637
1131 1131014739 1131017637
7587 1131014739 1131017637
1767 1131015296 1131017637
5 1131016467 1131017637
1 1131017637 1131017637
36 1131018776 1131019369
36 1131019935 1131021136
33 1131015899 1131021693
3 1131022274 1131022828
16 1131022274 1131022828
31 1131022828 1131022835
9794 1131022274 1131022842
822 1131024568 1131024568
190 1131032126 1131032126
822 1131033896 1131033903
822 1131035062 1131036194
3182 1131039128 1131039128
822 1131039128 1131042646
1615 1131049069 1131049656
822 1131056034 1131056034
822 1131092646 1131097334
3182 1131106537 1131106537
822 1131111085 1131111085
17 1131114066 1131114650
33 1131113490 1131115794
6691 1131114066 1131115794
822 1131119770 1131119777
822 1131123204 1131123204
3182 1131123204 1131123204
5332 1131123779 1131123800
5052 1131123779 1131126091
822 1131126637 1131127778
822 1131131168 1131131763
821 1131133471 1131133471
822 1131145640 1131146824
822 1131174554 1131174554
822 1131175168 1131178134
3182 1131214763 1131214763
3182 1131219885 1131219885
5853 1131265966 1131265966
821 1131302164 1131303319
822 1131305047 1131306182
822 1131313250 1131316805
822 1131341354 1131342514
822 1131352826 1131352833
822 1131354573 1131354580
822 1131356246 1131357492
7582 1131362087 1131362677
7582 1131364416 1131364416
7582 1131365620 1131365620
822 1131363221 1131368000
3216 1131376754 1131376754
822 1131372618 1131377322
821 1131377322 1131377322
3216 1131379082 1131380174
822 1131379082 1131380174
821 1131383616 1131384202
821 1131385371 1131385371
3216 1131385357 1131388294
821 1131388294 1131388294
3182 1131388933 1131388933
10547 1131389548 1131389548
3773 1131389534 1131390722
2765 1131392400 1131392400
9546 1131392961 1131393521
1192 1131389534 1131394072
4831 1131389548 1131394072
3216 1131399274 1131399274
822 1131396922 1131401604
3216 1131426627 1131426627
3216 1131427185 1131427185
3216 1131427761 1131428368
822 1131434760 1131446939
822 1131452245 1131453408
7926 1131453394 1131453408
822 1131454004 1131455105
