1,23,53
2,5,8,13,14,15,16,20,27,30,31,32,35,41,43,45,46,49,50,52,53,54,55,62,68,71
4,
5,2,13,18,20,21,23,30,34,44,45,46,50,51,53,54,55,57,68
6,30,32,55,68,73
7,13,18,24,30,32,39,44,45,46,50,53,54,62,67,68,69,71
8,2,24,30,31,41,43,49,53,54,57,58,63,69
13,2,5,7,14,16,18,19,20,28,30,31,32,35,41,43,50,51,53,54,55,63,68,69,71
14,2,13,15,31,34,35,43,46,53,54,55
15,2,14,16,18,19,20,31,32,34,35,43,45,46,53,54,55,68,71
16,2,13,15,31,34,35,41,43,46,54,55,68
17,
18,5,7,13,15,55,69
19,2,13,15,31,34,35,41,43,46,54,55,68
20,2,5,13,15,30,31,35,50,53,54,55,63,68
21,5,30,34,35,46,51,53,68
23,1,5,23
24,7,8,30,31,39,41,42,43,58,63,69
25,
27,2,3,50,57,63
28,13,31,34,50
30,2,5,6,7,8,13,20,21,24,27,31,32,34,35,39,43,44,49,50,51,52,53,55,60,62,63,67,68,69,71,73
31,2,8,13,14,15,16,19,20,24,28,30,32,34,35,43,44,45,46,50,52,53,54,55,57,62,63,68,69,71
32,2,6,7,13,15,30,31,41,51,53,54,55,57,63,68
34,5,14,15,16,19,21,28,30,31,35,45,46,53,54,55,67,68,73
35,2,13,14,15,16,19,20,21,30,31,34,42,43,45,46,51,52,53,54,55,62,63,68,71
39,7,24,30,42,49,50,52,53,54,68,73
40,
41,2,8,13,16,19,24,32,43,44,45,50,53,54,60,62,68
42,24,35,39,58,63
43,2,8,13,14,15,16,19,24,30,31,35,41,44,45,46,53,54,55,62,63,68,69,71
44,5,7,30,31,41,43,53,54,57,63
45,2,5,7,15,31,34,35,41,43,50,51,54,55,63,68
46,2,5,7,14,15,16,19,21,31,34,35,43,50,52,53,54,60,62,68,71
47,
49,2,3,8,30,39,50,51,52,54,62,67,71
50,2,5,7,13,20,27,28,30,31,39,41,45,46,49,52,53,54,55,62,68,71
51,5,13,21,23,30,32,35,45,49,53,54,55,57,62,68,69
52,2,3,30,31,35,39,46,49,50
53,1,2,5,7,8,13,14,15,20,21,23,30,31,32,34,35,39,41,43,44,46,50,51,54,55,57,62,63,68,69,71
54,2,5,7,8,13,14,15,16,19,20,31,32,34,35,39,41,43,44,45,46,49,50,51,53,55,57,62,63,69,71
55,2,5,6,13,14,15,16,18,19,20,30,31,32,34,35,43,45,50,51,53,54,56,60,62,63,71
56,55,68
57,5,8,27,31,32,44,51,53,54,63,68
58,8,24,42,63,69
60,30,41,46,55
62,2,7,30,31,35,41,43,46,49,50,51,53,54,55,68
63,8,13,20,24,27,30,31,32,35,42,43,44,45,53,54,55,57,58,68
64,
67,7,30,34,49,68
68,2,5,6,7,13,15,16,19,20,21,30,31,32,34,35,39,41,43,45,46,50,51,53,56,57,62,63,67,71,73
69,7,8,13,18,24,30,31,43,51,53,54,58,63
71,2,7,13,15,30,31,35,43,46,49,50,53,54,55,68
72,
73,6,30,34,39,68
