9546 1130504701 1130504701
10536 1130505044 1130505044
4649 1130506372 1130506372
7490 1130506608 1130506615
5905 1130506851 1130506851
8996 1130506851 1130506858
1431 1130506970 1130506970
5639 1130507327 1130507327
6883 1130508255 1130508255
6540 1130508606 1130508613
6540 1130509221 1130509472
4556 1130510601 1130510721
2686 1130512018 1130512018
9022 1130512018 1130512132
3009 1130512132 1130512132
2855 1130512597 1130512597
10239 1130514310 1130514310
5905 1130515017 1130515017
5415 1130515263 1130515263
5415 1130515881 1130515881
8797 1130516473 1130516473
6154 1130517405 1130517405
7064 1130518640 1130518640
2379 1130519124 1130519124
348 1130519007 1130519356
29 1130521226 1130521226
10707 1130521354 1130521354
8977 1130521481 1130521481
6926 1130521596 1130521596
8463 1130525793 1130525793
9966 1130526521 1130526521
1529 1130530269 1130530269
9046 1130534243 1130534243
1658 1130536025 1130536025
2594 1130537133 1130537133
2148 1130540237 1130540244
3827 1130540887 1130540887
9069 1130542588 1130542588
6941 1130545260 1130545260
5766 1130570531 1130570531
10877 1130573569 1130573569
8241 1130575449 1130575449
7553 1130575212 1130575584
8885 1130578048 1130578048
2622 1130579031 1130579031
7468 1130579151 1130579151
2060 1130581905 1130581905
2093 1130582937 1130582937
10013 1130583440 1130583447
2833 1130583933 1130583933
7191 1130584657 1130584657
8559 1130585025 1130585025
3835 1130585142 1130585142
6928 1130585401 1130585401
5056 1130585860 1130585860
512 1130585867 1130585867
11056 1130586256 1130586256
1337 1130587928 1130587928
2431 1130588049 1130588049
3824 1130589892 1130589892
8939 1130589892 1130589892
911 1130590015 1130590015
8957 1130590131 1130590131
5619 1130591068 1130591068
6090 1130591178 1130591178
774 1130591987 1130591987
8242 1130591987 1130591987
268 1130591625 1130592105
1120 1130592224 1130592224
774 1130592565 1130592565
2067 1130592451 1130592693
92 1130592451 1130592693
9138 1130592105 1130592806
7872 1130593035 1130593035
1 1130593035 1130593154
5427 1130593398 1130593398
1 1130593405 1130593405
1278 1130593779 1130593779
9124 1130594621 1130594628
4188 1130594740 1130594740
2672 1130594978 1130594978
9942 1130595090 1130595090
11145 1130595209 1130595209
8939 1130594740 1130595558
7164 1130595558 1130595558
5709 1130595680 1130595680
9385 1130595802 1130595802
8893 1130596031 1130596031
10500 1130596038 1130596038
6597 1130596781 1130596781
1120 1130597249 1130597376
5725 1130597506 1130597506
7952 1130597624 1130597624
2874 1130597738 1130597738
8951 1130597738 1130597738
8773 1130597861 1130597861
3463 1130598347 1130598347
8893 1130598347 1130598580
9263 1130598580 1130598580
10013 1130598701 1130598701
8893 1130599069 1130599069
10888 1130599069 1130599069
4006 1130599934 1130599934
3789 1130599688 1130600061
644 1130600061 1130600061
5960 1130600061 1130600061
7760 1130600173 1130600173
1237 1130600437 1130600437
2108 1130600570 1130600577
8482 1130601318 1130601318
7765 1130601580 1130601580
2164 1130603742 1130603742
6022 1130603273 1130603865
9246 1130603865 1130603865
7047 1130604096 1130604096
6022 1130604329 1130604329
10832 1130605888 1130605895
1120 1130606512 1130606512
8082 1130606863 1130607110
10 1130607110 1130607110
9946 1130608314 1130608428
10022 1130608786 1130608786
1248 1130608905 1130608905
3295 1130609144 1130609144
2936 1130609263 1130609263
4739 1130617636 1130617636
6739 1130622410 1130622410
6870 1130624322 1130624322
10256 1130624329 1130624329
6014 1130625514 1130625514
1223 1130628118 1130628118
1642 1130628734 1130628734
4398 1130629318 1130629318
5277 1130633647 1130633647
6319 1130642333 1130642333
7445 1130645845 1130645845
10403 1130663643 1130663643
1233 1130665662 1130665662
1339 1130666767 1130666767
6556 1130670259 1130670259
645 1130670866 1130670866
7019 1130671711 1130671711
10010 1130671711 1130671837
3586 1130671951 1130671951
8872 1130672326 1130672333
2835 1130672563 1130672563
19 1130672676 1130672676
19 1130672813 1130672820
6514 1130673200 1130673200
8608 1130674536 1130674536
5770 1130674656 1130674656
8608 1130675124 1130675124
6605 1130675730 1130675730
9268 1130676437 1130676437
8142 1130676437 1130676437
2710 1130676900 1130677011
3943 1130677121 1130677121
2318 1130677718 1130677718
2710 1130677479 1130677827
1931 1130678319 1130678319
9268 1130680799 1130680799
5056 1130681166 1130681166
10851 1130681173 1130681173
9783 1130681304 1130681304
7209 1130681538 1130681538
4184 1130681538 1130681538
9268 1130681768 1130681768
1023 1130682624 1130682624
7276 1130684707 1130684707
8622 1130684943 1130684943
2235 1130685071 1130685071
2300 1130685562 1130685562
2300 1130685686 1130685814
9894 1130685940 1130685940
2235 1130685428 1130686180
6033 1130686295 1130686295
3642 1130687112 1130687112
4858 1130687347 1130687347
2872 1130687587 1130687587
5688 1130687962 1130688075
7629 1130688197 1130688204
1583 1130688565 1130688565
1583 1130689290 1130689290
3532 1130689415 1130689415
6124 1130689415 1130689415
2780 1130690151 1130690151
7222 1130690759 1130690759
8769 1130690759 1130690759
9373 1130691227 1130691227
477 1130691347 1130691347
144 1130692214 1130692214
3748 1130692346 1130692346
3748 1130692704 1130692704
474 1130696192 1130696192
9637 1130698860 1130698860
6921 1130700741 1130700741
9923 1130702755 1130702755
5557 1130704636 1130704636
3911 1130711993 1130711993
7260 1130716920 1130716920
6913 1130746108 1130746108
5001 1130747324 1130747324
9137 1130750801 1130750801
9124 1130750801 1130750923
7697 1130756875 1130756875
2558 1130756875 1130756875
2103 1130757124 1130757131
4618 1130758291 1130758291
645 1130760355 1130760355
645 1130761434 1130761434
645 1130761913 1130762041
10884 1130762756 1130762756
469 1130763252 1130763252
8393 1130763976 1130763976
9182 1130765425 1130765425
10827 1130765425 1130765425
6892 1130766152 1130766152
2093 1130766625 1130766746
7654 1130766746 1130766985
10199 1130767468 1130767468
1546 1130767713 1130767713
1099 1130769895 1130769895
2636 1130771072 1130771072
7538 1130771086 1130771086
5604 1130771682 1130771682
4283 1130771910 1130771910
6697 1130772912 1130772912
475 1130773146 1130773146
8391 1130773780 1130773780
7276 1130773891 1130773891
9388 1130774243 1130774243
2335 1130774464 1130774464
1099 1130774930 1130775288
4734 1130775288 1130775288
10730 1130775897 1130775897
9135 1130776607 1130776607
1250 1130776849 1130776977
8097 1130777429 1130777429
6372 1130781892 1130781892
8978 1130782260 1130782260
124 1130783090 1130783090
124 1130783927 1130783927
3663 1130784061 1130784068
9388 1130784418 1130784418
3683 1130786811 1130786811
6899 1130788147 1130788147
1287 1130788875 1130788875
6805 1130788991 1130788991
7276 1130789487 1130789487
8888 1130791042 1130791042
9294 1130795406 1130795656
2729 1130796253 1130796253
3959 1130802621 1130802621
10689 1130820435 1130820435
9938 1130833540 1130833540
8533 1130835359 1130835359
10771 1130835601 1130835601
6827 1130836068 1130836068
7020 1130836775 1130836775
6487 1130837619 1130837619
10403 1130837745 1130837745
6076 1130840618 1130840618
10131 1130841817 1130841817
7569 1130842787 1130842787
3817 1130844147 1130844147
10350 1130844977 1130844977
9946 1130845835 1130845835
29 1130846532 1130846643
9735 1130846891 1130846898
4820 1130848092 1130848099
5851 1130848343 1130848343
1885 1130848474 1130848474
1289 1130849537 1130849537
2647 1130851213 1130851213
8992 1130851788 1130851788
10845 1130852885 1130852885
8329 1130854083 1130854202
3817 1130854195 1130854202
5261 1130854673 1130854673
8329 1130855524 1130855538
10649 1130856007 1130856007
216 1130856007 1130856007
3592 1130856631 1130856631
2968 1130857121 1130857121
9235 1130857121 1130857238
1797 1130858447 1130859274
1797 1130859751 1130859878
9534 1130859751 1130860006
10286 1130860356 1130860356
878 1130860117 1130860702
3083 1130860815 1130860815
10286 1130860702 1130861055
878 1130861055 1130861055
1797 1130861911 1130862148
2148 1130862375 1130862375
7414 1130862856 1130862863
2042 1130865850 1130865857
5589 1130869970 1130869970
377 1130872513 1130872513
8690 1130873353 1130873353
2754 1130875412 1130875412
9592 1130878162 1130878162
623 1130878988 1130878995
5506 1130883013 1130883013
8678 1130886247 1130886247
2995 1130887097 1130887097
1296 1130908053 1130908053
8040 1130914087 1130914087
10575 1130917336 1130917336
8978 1130921710 1130921710
11019 1130923663 1130923663
3932 1130924277 1130924284
7956 1130926579 1130926579
7538 1130928347 1130928347
6497 1130928354 1130928354
6874 1130929048 1130929280
7774 1130931283 1130931283
6163 1130934740 1130934740
1467 1130934978 1130934978
9122 1130935569 1130935569
5301 1130937034 1130937034
10231 1130937271 1130937271
5052 1130938593 1130938593
7793 1130938854 1130938854
1150 1130939844 1130939844
7603 1130940443 1130940443
10199 1130940443 1130940443
1106 1130942376 1130942376
7654 1130942383 1130942383
8678 1130942604 1130942604
8251 1130943425 1130943432
1073 1130943679 1130943679
8953 1130947187 1130947187
8522 1130947428 1130947428
3463 1130947917 1130947917
3663 1130948149 1130948149
1237 1130948388 1130948388
9516 1130949005 1130949005
9516 1130950488 1130950488
6452 1130950736 1130950736
3094 1130951722 1130951722
7446 1130953846 1130953846
6855 1130955059 1130955059
1820 1130955769 1130955769
6894 1130960665 1130960665
2685 1130962656 1130962656
9230 1130963139 1130963139
1956 1130965407 1130965530
8593 1130966715 1130966715
31 1130967710 1130967710
2685 1130978191 1130978191
7752 1131004263 1131004263
6248 1131005137 1131005137
8202 1131005265 1131005272
6682 1131010382 1131010382
1669 1131011852 1131011852
5921 1131012199 1131012199
1777 1131012569 1131012569
5643 1131015694 1131015694
8385 1131017119 1131017119
1708 1131017705 1131017705
8588 1131017948 1131017948
2121 1131017948 1131017948
1072 1131019279 1131019404
189 1131019879 1131019879
10267 1131020712 1131020821
3000 1131022012 1131022012
8931 1131022863 1131022863
1269 1131023103 1131023103
4340 1131023103 1131023110
1799 1131023110 1131023110
6108 1131023221 1131023346
6108 1131023597 1131023958
2107 1131023958 1131023958
2208 1131023958 1131023958
8329 1131024332 1131024332
5832 1131025994 1131025994
7885 1131026244 1131026244
7101 1131027551 1131027551
5766 1131028265 1131028265
2799 1131029318 1131029318
7323 1131029806 1131030173
7323 1131030912 1131030912
6165 1131030912 1131030912
9673 1131033458 1131033465
9832 1131034413 1131034413
3798 1131034661 1131034661
3015 1131035730 1131035730
9621 1131036686 1131036686
7896 1131039437 1131039437
5531 1131039798 1131039798
6941 1131039798 1131039798
4769 1131039926 1131039926
3992 1131041955 1131041955
2807 1131044665 1131044665
7678 1131047291 1131047291
4520 1131050772 1131050772
6073 1131058526 1131058526
7847 1131060419 1131060419
503 1131063647 1131063647
1237 1131087193 1131087193
6905 1131087692 1131087692
1336 1131087938 1131087938
4042 1131090266 1131090266
597 1131095434 1131095434
8978 1131095786 1131095786
6855 1131099671 1131099671
7569 1131099671 1131099671
5567 1131100513 1131100513
4757 1131100625 1131100625
4495 1131101458 1131101458
1373 1131101830 1131101830
5632 1131103982 1131103982
5643 1131104225 1131104225
7729 1131104483 1131104483
5310 1131107239 1131107239
1639 1131108299 1131108299
1862 1131108421 1131108421
8235 1131110444 1131110444
8978 1131110678 1131110678
7544 1131111649 1131111649
8941 1131111403 1131111764
7818 1131111764 1131111764
10877 1131112844 1131112844
6673 1131112963 1131112963
2893 1131113221 1131113221
8996 1131113221 1131113221
6710 1131113467 1131113474
283 1131113842 1131113842
8678 1131114197 1131114197
3377 1131114435 1131114435
1536 1131115643 1131115643
9315 1131115903 1131115903
6927 1131116265 1131116265
1536 1131116507 1131116620
6474 1131117097 1131117097
6178 1131117928 1131117935
9943 1131117942 1131117942
5908 1131118446 1131118446
1196 1131119620 1131119620
10292 1131119620 1131119729
5966 1131122110 1131122110
8976 1131122592 1131122592
3936 1131122724 1131122724
7862 1131124803 1131124803
4087 1131128235 1131128235
3836 1131129576 1131129576
9688 1131132583 1131132583
8863 1131134227 1131134227
8291 1131134227 1131134227
2990 1131136018 1131136018
9199 1131136137 1131136137
8553 1131136857 1131136864
11080 1131136864 1131136864
2086 1131138659 1131138659
1911 1131140012 1131140012
6200 1131140850 1131140850
6585 1131142444 1131142444
9826 1131143132 1131143132
4215 1131145795 1131145795
8230 1131146396 1131146396
5433 1131146624 1131146624
7221 1131172268 1131172268
1820 1131175149 1131175156
12 1131179160 1131179160
3911 1131182243 1131182243
9869 1131182716 1131182716
6337 1131185819 1131185819
2824 1131186420 1131186420
8887 1131186532 1131186532
5893 1131188108 1131188108
11115 1131188115 1131188115
1774 1131189191 1131189191
3617 1131190124 1131190124
1011 1131190012 1131190131
2427 1131191354 1131191354
7752 1131191354 1131191354
5551 1131191477 1131191477
10279 1131191828 1131191828
1911 1131192555 1131192555
1113 1131192669 1131192669
8960 1131192920 1131192920
8245 1131192669 1131193039
2807 1131193039 1131193039
10501 1131193302 1131193302
11149 1131193302 1131193302
8617 1131193302 1131193302
7681 1131193645 1131193890
9826 1131194005 1131194123
17 1131194244 1131194244
306 1131194501 1131194501
6194 1131194501 1131194501
10756 1131194742 1131194756
4069 1131195131 1131195131
3707 1131195131 1131195131
8979 1131195259 1131195259
1287 1131195381 1131195381
6971 1131195381 1131195381
4890 1131195628 1131195628
6488 1131195876 1131195876
8869 1131196350 1131196350
6488 1131196350 1131196350
6993 1131196350 1131196350
1475 1131196822 1131196822
2966 1131196943 1131196943
534 1131196950 1131196950
3571 1131197068 1131197068
1129 1131197184 1131197184
7801 1131197184 1131197184
6781 1131197309 1131197309
1264 1131197309 1131197309
4095 1131197418 1131197418
7230 1131197898 1131197898
10136 1131197898 1131197898
1665 1131198013 1131198013
10366 1131198013 1131198013
502 1131198721 1131198721
9187 1131198839 1131198839
5766 1131199899 1131199899
9772 1131200012 1131200026
7587 1131198476 1131200152
7587 1131200508 1131200617
5310 1131201081 1131201081
7587 1131200847 1131201456
9092 1131201456 1131201456
10131 1131201682 1131201682
7710 1131201682 1131201696
604 1131201939 1131201939
7587 1131201689 1131202426
7480 1131202895 1131202895
1855 1131203392 1131203392
4046 1131204487 1131204487
9884 1131208357 1131208357
10336 1131208719 1131208719
7923 1131209415 1131209415
1366 1131210991 1131210991
8921 1131210991 1131210991
1279 1131213024 1131213024
1762 1131216733 1131216733
3773 1131217087 1131217087
10528 1131218554 1131218554
9009 1131218672 1131218672
9223 1131219711 1131219711
597 1131224518 1131224518
9295 1131225228 1131225228
8192 1131225600 1131225600
2159 1131225600 1131225600
8236 1131227084 1131227084
6957 1131245028 1131245028
8945 1131256084 1131256084
1813 1131258949 1131258949
2363 1131259424 1131259424
5833 1131263035 1131263035
8721 1131264568 1131264568
2149 1131264804 1131264804
8538 1131266495 1131266495
7094 1131266619 1131266619
10367 1131266619 1131266619
1647 1131269814 1131269814
1355 1131269814 1131269821
1355 1131270075 1131270075
6964 1131271407 1131272377
6964 1131272867 1131272994
5084 1131273480 1131273480
1578 1131274320 1131274320
3684 1131274568 1131274678
9702 1131275774 1131275774
2622 1131276127 1131276127
8173 1131276259 1131276259
6460 1131276259 1131276259
1356 1131276818 1131276818
1897 1131276589 1131276932
10157 1131276932 1131276932
10855 1131277168 1131277168
9908 1131277168 1131277168
2896 1131278121 1131278121
9592 1131278937 1131278937
8679 1131280980 1131280980
1356 1131281108 1131281108
3027 1131283268 1131283268
1636 1131284945 1131284945
2868 1131287094 1131287094
2819 1131288204 1131288204
1889 1131290932 1131290932
6855 1131294946 1131294946
1233 1131295073 1131295073
563 1131295923 1131295930
9637 1131306775 1131306775
8977 1131309159 1131309159
4807 1131311777 1131311777
1237 1131343144 1131343144
9223 1131344659 1131344659
9023 1131344890 1131344890
9060 1131348274 1131348274
787 1131353727 1131353727
1380 1131354224 1131354224
1900 1131354566 1131354566
10593 1131354820 1131355165
10593 1131355733 1131355733
1857 1131359206 1131359206
1220 1131359563 1131359563
12 1131360167 1131360167
4930 1131360289 1131360289
1857 1131360747 1131360747
615 1131361237 1131361237
8977 1131361472 1131361472
1857 1131361472 1131361472
6892 1131361588 1131361588
12 1131361588 1131361715
8105 1131362570 1131362577
3463 1131364399 1131364399
9832 1131364630 1131364630
1092 1131365253 1131365253
7954 1131365483 1131365483
3959 1131366525 1131366525
3913 1131366641 1131366641
1900 1131367640 1131367640
7989 1131367647 1131367647
8029 1131367778 1131367785
3824 1131367904 1131367904
138 1131369088 1131369088
2148 1131369431 1131369431
1900 1131367778 1131369794
9517 1131369431 1131369794
9373 1131369915 1131369915
1900 1131370265 1131370265
3361 1131370265 1131370265
2748 1131371112 1131371112
1900 1131371112 1131371112
6855 1131371469 1131371469
10947 1131371825 1131371832
6839 1131371946 1131371946
3767 1131372060 1131372060
1900 1131372060 1131372060
1900 1131372534 1131372534
1900 1131373252 1131373378
1900 1131373631 1131373631
10131 1131373882 1131373882
5407 1131376688 1131376688
6768 1131380321 1131380321
20 1131385568 1131385568
10707 1131389162 1131389162
5001 1131427959 1131427959
7312 1131432410 1131432410
7784 1131432656 1131432656
2995 1131433008 1131433008
260 1131433367 1131433367
9922 1131433735 1131433735
7988 1131437952 1131437952
3824 1131440222 1131440222
9008 1131440467 1131440467
8988 1131441275 1131441864
1871 1131442108 1131442108
4488 1131442809 1131442809
955 1131442816 1131442816
9922 1131443773 1131443773
7752 1131444015 1131444015
3824 1131444243 1131444243
1900 1131446623 1131446748
10398 1131445182 1131446881
10398 1131447347 1131447468
5688 1131448664 1131448664
3824 1131448664 1131448773
6165 1131448664 1131448773
7713 1131449600 1131449600
2995 1131449600 1131449600
5754 1131450091 1131450091
1522 1131449841 1131450563
1522 1131450909 1131450930
5121 1131452379 1131452379
4583 1131453358 1131453704
5171 1131453831 1131453831
2995 1131454554 1131454554
4583 1131454334 1131455041
4583 1131455666 1131455795
9861 1131456615 1131456615
3099 1131456258 1131456730
3869 1131457195 1131457195
9212 1131458378 1131458378
9738 1131458494 1131458494
4740 1131458845 1131458845
6812 1131460915 1131460915
5589 1131462576 1131462576
5589 1131466152 1131466152
187 1131466392 1131466392
7019 1131473228 1131473228
9023 1131474572 1131474572
61 1131476626 1131476626
6529 1131477116 1131477116
10877 1131480331 1131480331
1192 1131487104 1131487104
1649 1131495659 1131495659
9019 1131505608 1131505608
7857 1131509592 1131509592
5084 1131513477 1131513477
6673 1131514084 1131514084
3322 1131518269 1131518269
792 1131518880 1131518880
9203 1131521459 1131521459
4488 1131522062 1131522062
9561 1131522435 1131522442
1820 1131522786 1131522786
6136 1131523902 1131523902
8631 1131523909 1131523916
8999 1131524041 1131524041
3679 1131524041 1131524041
2923 1131525020 1131525020
8999 1131526123 1131526123
5589 1131526504 1131526504
5001 1131526977 1131526977
2666 1131527096 1131527096
9372 1131528898 1131528898
3088 1131529619 1131529619
5643 1131529744 1131529744
3840 1131530343 1131530343
9203 1131530812 1131530812
2607 1131530937 1131530937
8046 1131531526 1131531526
5716 1131535460 1131535460
3490 1131536156 1131536156
8424 1131536156 1131536156
6416 1131536960 1131536960
930 1131537198 1131537198
11095 1131537198 1131537198
6416 1131537198 1131537198
2753 1131538640 1131538640
7214 1131539389 1131539396
8936 1131540259 1131540259
1163 1131540610 1131540610
1522 1131541073 1131541073
7727 1131542131 1131542131
2600 1131542131 1131542131
1522 1131542253 1131542260
10339 1131542609 1131542609
3521 1131542836 1131542843
6639 1131543456 1131543456
8992 1131543680 1131543680
2607 1131543803 1131544036
866 1131544036 1131544036
2607 1131544280 1131544287
866 1131544520 1131544772
7727 1131544779 1131544779
866 1131545013 1131545256
866 1131546080 1131546686
1820 1131547167 1131547167
6931 1131549651 1131549651
7323 1131550242 1131550242
5916 1131554314 1131554314
8978 1131556259 1131556259
1889 1131557589 1131557589
3361 1131560965 1131560965
9638 1131562419 1131562419
5099 1131562426 1131562426
1729 1131593313 1131593313
3679 1131594428 1131594428
10690 1131596234 1131596234
10805 1131600504 1131600504
2874 1131601569 1131601569
8202 1131601933 1131601933
5754 1131602664 1131602664
7784 1131603388 1131603388
2164 1131604463 1131604463
9110 1131607326 1131607326
539 1131608177 1131608177
4471 1131608288 1131608288
9832 1131609901 1131609901
4563 1131611713 1131611720
8450 1131611844 1131611844
3913 1131612232 1131612232
4025 1131612482 1131612482
5084 1131614308 1131614308
4635 1131614432 1131614432
1458 1131614439 1131614439
8412 1131614931 1131614931
2579 1131615549 1131615549
2579 1131615918 1131615918
8678 1131615932 1131615932
9388 1131617265 1131617265
1260 1131617738 1131617738
3874 1131617990 1131617990
3548 1131618354 1131618354
3274 1131618472 1131618472
11380 1131618832 1131618832
5434 1131619692 1131619692
10077 1131619929 1131619929
1458 1131620422 1131620785
7883 1131620533 1131620785
8412 1131621283 1131621283
7683 1131621411 1131621411
1103 1131621411 1131621411
7020 1131623671 1131623671
8358 1131624029 1131624029
8116 1131624029 1131624029
9677 1131625369 1131625369
1436 1131626932 1131626932
9056 1131627167 1131627167
9612 1131628285 1131628758
1016 1131630084 1131630084
9302 1131634712 1131634712
9056 1131636756 1131636756
2626 1131637878 1131637998
8644 1131639060 1131639060
2874 1131640151 1131640151
3110 1131642629 1131642629
3846 1131642629 1131642629
3767 1131648945 1131648945
957 1131651006 1131651006
2860 1131651122 1131651122
5650 1131652429 1131652429
7847 1131658778 1131658778
6380 1131689027 1131689034
6380 1131689647 1131689781
7457 1131690132 1131690132
2273 1131690494 1131690494
4227 1131690611 1131691552
4227 1131691785 1131692009
9404 1131692495 1131692495
4227 1131692607 1131692607
9524 1131692967 1131692967
9524 1131693583 1131693583
9388 1131693583 1131693583
6855 1131694337 1131694337
1703 1131695305 1131695305
7752 1131696472 1131696472
2033 1131696827 1131696827
7580 1131699708 1131699708
10212 1131700414 1131700414
3881 1131700664 1131700664
10389 1131700664 1131700664
3571 1131701369 1131701369
7593 1131701717 1131701724
5851 1131702082 1131702082
10244 1131702311 1131702311
3663 1131702891 1131702891
4813 1131703025 1131703025
6458 1131703147 1131703147
5308 1131703621 1131703621
4693 1131704871 1131704871
9832 1131705367 1131705367
6909 1131705857 1131705857
10212 1131707329 1131707472
10471 1131708324 1131708447
9723 1131708569 1131708569
7587 1131709810 1131709810
7028 1131710526 1131710526
8936 1131710526 1131710540
7028 1131710660 1131710660
7934 1131710773 1131710773
1911 1131710773 1131710773
208 1131711008 1131711008
1820 1131714841 1131714841
1271 1131714841 1131714841
5099 1131719944 1131719944
10845 1131719944 1131719944
7276 1131720686 1131720686
3896 1131720801 1131720801
10877 1131724624 1131724631
1015 1131725828 1131725828
86 1131727261 1131727261
4736 1131728693 1131728693
8092 1131729052 1131729052
1537 1131733533 1131733533
9637 1131733646 1131733646
1537 1131733997 1131733997
7804 1131734226 1131734226
5532 1131734801 1131734801
144 1131736586 1131736586
1537 1131737318 1131737318
1537 1131739071 1131739071
11020 1131740293 1131740293
8978 1131741044 1131741044
1537 1131741169 1131741289
1537 1131742378 1131742378
9960 1131744211 1131744211
1537 1131745057 1131745057
1798 1131748681 1131748681
1690 1131769820 1131769820
284 1131772782 1131772782
6691 1131773140 1131773140
2173 1131777042 1131777042
5400 1131777786 1131777907
10307 1131778492 1131778492
7958 1131779435 1131779435
6042 1131779789 1131779789
6922 1131780032 1131780032
7846 1131780262 1131780262
6297 1131779917 1131780391
9227 1131781097 1131781097
6611 1131781211 1131781211
7260 1131781458 1131781458
2697 1131781942 1131781942
3645 1131782176 1131782183
8430 1131782781 1131782781
3835 1131783120 1131783120
1092 1131783616 1131783616
7555 1131783965 1131783965
2899 1131784216 1131784838
3954 1131785210 1131785210
2899 1131785448 1131785448
1846 1131785572 1131785572
6990 1131786066 1131786066
3894 1131786884 1131786884
10722 1131787226 1131787226
3251 1131787586 1131787586
10210 1131788553 1131788553
10410 1131788920 1131788920
7921 1131789150 1131789150
10204 1131789150 1131789150
9872 1131789271 1131789278
162 1131789278 1131789278
6829 1131789415 1131789415
277 1131789548 1131789548
6486 1131789782 1131789782
277 1131790243 1131790243
277 1131790720 1131790720
111 1131791668 1131791668
1391 1131792129 1131792129
7002 1131792240 1131792240
290 1131792362 1131792362
7752 1131792599 1131792599
8972 1131792599 1131792599
10782 1131792727 1131792727
7139 1131792727 1131792727
8997 1131792840 1131792840
1790 1131792840 1131792840
5213 1131792963 1131792963
3978 1131793193 1131793207
267 1131793214 1131793214
273 1131793566 1131793566
7887 1131793682 1131793682
3143 1131794070 1131794070
1183 1131794323 1131794323
71 1131794802 1131794802
1867 1131795400 1131795400
10645 1131795516 1131795516
6486 1131795743 1131795743
2656 1131795743 1131795743
3251 1131795042 1131795883
7059 1131796001 1131796001
7825 1131796956 1131796956
2259 1131797200 1131797200
9941 1131797439 1131797439
4295 1131798292 1131798292
6486 1131800323 1131800323
7904 1131800442 1131800442
9836 1131800587 1131800587
636 1131800941 1131800941
10065 1131801184 1131801184
7712 1131803237 1131803237
9662 1131804336 1131804336
2912 1131805733 1131805733
2873 1131805968 1131805968
2011 1131808004 1131808004
6550 1131810756 1131810756
9232 1131811495 1131811495
6165 1131812740 1131812740
3824 1131812740 1131812740
6848 1131813097 1131813097
4374 1131813332 1131813332
7934 1131815157 1131815157
7097 1131815157 1131815157
2723 1131816919 1131816919
3423 1131817862 1131817869
10590 1131819414 1131819414
3649 1131821664 1131821664
2583 1131823434 1131823434
8954 1131828594 1131828594
6897 1131857265 1131857265
2164 1131859389 1131859389
6068 1131860109 1131860123
2030 1131861839 1131861839
5929 1131861950 1131861950
4042 1131861950 1131861950
8344 1131863444 1131863444
8046 1131864892 1131864892
450 1131865376 1131865376
3845 1131865501 1131865501
6407 1131866191 1131866191
6901 1131866649 1131866649
6294 1131866649 1131866649
6995 1131866649 1131866649
4198 1131866891 1131866891
564 1131868202 1131868202
4156 1131869066 1131869066
2033 1131869292 1131869292
3821 1131869910 1131870028
1752 1131870028 1131870028
1303 1131870388 1131870388
7310 1131872312 1131872312
2589 1131872435 1131872435
6309 1131872926 1131872926
2914 1131873541 1131873541
558 1131874230 1131874230
7853 1131874725 1131874847
5466 1131875093 1131875100
3449 1131875697 1131875697
558 1131875940 1131875940
8409 1131876520 1131876520
7593 1131877950 1131877950
5411 1131878426 1131878542
9764 1131878535 1131878542
8001 1131879022 1131879022
6578 1131879253 1131879253
9945 1131879717 1131879717
5730 1131880200 1131880200
4798 1131880426 1131880783
9952 1131881141 1131881148
9928 1131881746 1131881746
623 1131882111 1131882111
8854 1131882461 1131882461
6050 1131883695 1131883695
9723 1131883695 1131883695
9373 1131883937 1131883937
1820 1131886026 1131886026
10707 1131887462 1131887462
8978 1131892672 1131892791
10631 1131901313 1131901313
7234 1131903004 1131903004
5254 1131906633 1131906640
8021 1131932721 1131932721
10257 1131936852 1131936852
696 1131944536 1131944536
7295 1131945009 1131945009
6491 1131953201 1131953201
5001 1131953940 1131953940
2523 1131954910 1131954910
8310 1131955034 1131955034
7899 1131955758 1131955758
9508 1131955875 1131955875
7352 1131956232 1131956232
11060 1131957076 1131957083
8002 1131958033 1131958033
9922 1131958851 1131958851
3300 1131958851 1131958851
4451 1131958978 1131958978
3268 1131959342 1131959342
1149 1131959465 1131959465
4114 1131959834 1131959944
2255 1131960527 1131960527
7049 1131961222 1131961222
9316 1131961459 1131961459
4114 1131962646 1131962646
2306 1131964159 1131964159
957 1131964661 1131964661
9525 1131965127 1131965127
9316 1131966205 1131966205
1820 1131966824 1131966824
8181 1131967899 1131967899
10338 1131968384 1131968384
2696 1131968613 1131968744
2696 1131968977 1131969091
5056 1131969683 1131969683
2696 1131969683 1131969683
7097 1131969809 1131969809
8996 1131969809 1131969809
2696 1131970181 1131970421
9723 1131971824 1131971824
10130 1131977882 1131977882
444 1131977882 1131977882
245 1131978264 1131978264
316 1131978264 1131978271
3484 1131979202 1131979202
10146 1131980298 1131980298
2648 1131980559 1131980559
7117 1131981893 1131981893
3359 1131984906 1131984906
8814 1131990738 1131990738
9038 1132001011 1132001011
9496 1132023232 1132023232
5851 1132025344 1132025344
4583 1132025569 1132025569
3893 1132028592 1132028592
3893 1132029079 1132029079
2533 1132029322 1132029322
7529 1132031957 1132031957
10887 1132033919 1132033919
6594 1132034623 1132034623
6530 1132035949 1132035949
7312 1132036308 1132036308
10068 1132036539 1132036539
7020 1132037364 1132037364
5851 1132037852 1132037866
3013 1132037866 1132037866
619 1132039072 1132039072
7204 1132039919 1132039919
7752 1132040033 1132040033
11384 1132040161 1132040161
211 1132040161 1132040161
225 1132042579 1132042579
8824 1132042689 1132042689
1969 1132042801 1132042801
1805 1132043646 1132043646
5203 1132043646 1132043646
10127 1132043773 1132043773
5203 1132044231 1132044231
7974 1132045082 1132045082
3893 1132046883 1132046883
9861 1132046999 1132046999
9510 1132047261 1132047261
9373 1132048879 1132048879
2562 1132049005 1132049005
8074 1132050795 1132050928
5056 1132050928 1132050928
8074 1132051160 1132051402
8074 1132051898 1132051898
8074 1132052272 1132052272
5685 1132055377 1132055377
3015 1132056927 1132056927
1711 1132056927 1132056927
5056 1132060059 1132060059
8559 1132066302 1132066302
2810 1132066554 1132066554
3663 1132067401 1132067401
8976 1132067644 1132067644
5493 1132068587 1132068587
9861 1132070616 1132070616
8954 1132070864 1132070864
9637 1132071485 1132071485
557 1132071492 1132071492
9056 1132072571 1132072571
5493 1132075803 1132076151
10012 1132082603 1132082610
9637 1132084848 1132084848
1336 1132109201 1132109208
3824 1132110307 1132110307
9223 1132110545 1132110545
9137 1132112203 1132112203
8297 1132112805 1132112927
9819 1132117071 1132117319
8535 1132118875 1132118875
9014 1132118999 1132118999
2020 1132119841 1132119841
10350 1132121652 1132121652
1485 1132124310 1132124310
619 1132124780 1132124780
9038 1132125016 1132125016
5560 1132125718 1132125718
8976 1132128347 1132128347
9893 1132130137 1132130265
8976 1132131232 1132131232
928 1132131117 1132131239
4329 1132131624 1132131870
2120 1132132128 1132132128
4329 1132132367 1132132367
4329 1132132840 1132132840
2705 1132133175 1132134760
8570 1132135362 1132135362
9951 1132144708 1132144708
7806 1132145179 1132145179
10737 1132147142 1132147142
2753 1132147982 1132147982
10620 1132148700 1132148700
4438 1132148934 1132148934
8943 1132152386 1132152386
4885 1132153246 1132153246
9454 1132155679 1132155679
1336 1132158806 1132158806
2376 1132162771 1132162771
3730 1132164204 1132164204
2164 1132165138 1132165138
9388 1132169204 1132169204
6272 1132169900 1132169900
4166 1132178886 1132178886
7064 1132194529 1132194529
2559 1132196322 1132196322
1055 1132197526 1132197533
8599 1132199980 1132199980
3824 1132203235 1132203235
7028 1132205479 1132205479
6050 1132205605 1132205605
8581 1132207270 1132207270
10816 1132209256 1132209256
9012 1132209725 1132209725
5113 1132210694 1132210694
2148 1132211374 1132211857
10946 1132212826 1132212826
9129 1132213443 1132213443
7797 1132215587 1132215587
11033 1132216450 1132216457
4226 1132217192 1132217199
1889 1132217199 1132217199
2518 1132218028 1132218028
9956 1132218155 1132218155
112 1132218155 1132218282
112 1132218525 1132218637
112 1132218890 1132219012
112 1132219254 1132219491
112 1132219845 1132220084
2606 1132220084 1132220084
112 1132220556 1132221296
8041 1132221547 1132221547
6643 1132221675 1132221675
112 1132221540 1132222170
112 1132222417 1132223028
112 1132223366 1132223494
2879 1132225399 1132225399
2879 1132227566 1132227566
10897 1132228749 1132228749
1642 1132235720 1132235720
10108 1132235845 1132235845
9516 1132235958 1132235958
9911 1132238023 1132238037
1062 1132238030 1132238044
3244 1132239481 1132239481
1642 1132239838 1132239838
8154 1132244254 1132244254
7806 1132246975 1132246975
7780 1132247450 1132247450
7784 1132249018 1132249018
5532 1132250352 1132250359
6322 1132257603 1132257603
9072 1132260727 1132260727
10690 1132277376 1132277376
3869 1132280417 1132280417
7097 1132280651 1132280658
2995 1132281003 1132281003
8599 1132282089 1132282089
3927 1132284267 1132284390
6262 1132284634 1132284881
6262 1132285365 1132285365
7341 1132285728 1132285728
9137 1132286339 1132286339
6262 1132285610 1132286809
9060 1132287514 1132287514
4549 1132287871 1132287871
630 1132289070 1132289070
8537 1132289672 1132289672
11081 1132290046 1132290046
5545 1132290889 1132290896
2428 1132290896 1132290896
6855 1132292709 1132292709
2844 1132293339 1132293476
8643 1132293476 1132293476
207 1132293838 1132293838
3824 1132294533 1132294540
10814 1132294767 1132294767
4350 1132295004 1132295004
297 1132295731 1132295731
2254 1132295965 1132295972
5071 1132296198 1132296198
3668 1132296198 1132296198
3668 1132296566 1132296566
6673 1132297977 1132297977
10050 1132297977 1132297977
5367 1132297860 1132297984
5367 1132298588 1132298588
7607 1132299270 1132299270
8976 1132299608 1132299608
1556 1132299972 1132299972
1556 1132300231 1132300231
3370 1132300462 1132300462
6624 1132300707 1132301431
6624 1132302272 1132302279
10195 1132302525 1132302525
7730 1132302861 1132302861
186 1132303105 1132303105
9922 1132303675 1132303675
521 1132303921 1132303921
6575 1132304041 1132304041
6575 1132304388 1132304388
4003 1132304388 1132304388
6575 1132304886 1132304886
5851 1132305001 1132305001
5829 1132305366 1132305366
6575 1132305484 1132305852
5196 1132307136 1132307136
10971 1132307136 1132307366
4042 1132307486 1132307486
5261 1132307834 1132307834
6695 1132308915 1132308915
11027 1132309153 1132309153
7435 1132309416 1132309416
11027 1132309281 1132309549
965 1132309809 1132309809
9936 1132310922 1132311042
1047 1132313257 1132313257
9886 1132313616 1132313616
2625 1132313852 1132313852
7896 1132314091 1132314091
6810 1132314932 1132314932
1371 1132314932 1132314932
534 1132314932 1132314932
3047 1132315891 1132315891
61 1132316599 1132316599
9394 1132317905 1132317905
7007 1132319368 1132319368
2989 1132322128 1132322135
7016 1132324073 1132324073
7340 1132324212 1132324212
10344 1132326001 1132326001
7016 1132326709 1132326709
7181 1132326819 1132326819
3324 1132330334 1132330334
5040 1132330813 1132330813
4723 1132331039 1132331039
9980 1132331887 1132331887
1461 1132340006 1132340006
7016 1132341922 1132341922
10399 1132357488 1132357488
8329 1132366611 1132366611
307 1132371888 1132371888
9304 1132372487 1132372487
5521 1132372487 1132372487
3600 1132372615 1132372615
470 1132372487 1132372622
5208 1132373091 1132373098
470 1132372981 1132373343
10971 1132373454 1132373454
8559 1132375127 1132375254
8747 1132375364 1132375364
2605 1132375483 1132376088
8559 1132376469 1132376469
8496 1132377058 1132377058
310 1132377670 1132377670
7957 1132378027 1132378027
3739 1132378027 1132378034
10316 1132378653 1132378653
8592 1132378774 1132378774
8481 1132379376 1132379376
5551 1132379494 1132379494
7262 1132379846 1132379846
8584 1132380070 1132380070
6235 1132380691 1132380691
3049 1132380918 1132381050
3256 1132381288 1132381288
6729 1132381288 1132381288
2157 1132383093 1132383093
3750 1132383451 1132383451
9046 1132383451 1132383451
8977 1132383574 1132383574
3504 1132383915 1132383915
5860 1132384526 1132384526
2668 1132384992 1132384992
3029 1132385123 1132385123
2574 1132385123 1132385123
6555 1132385368 1132385368
3130 1132385495 1132385495
9094 1132385368 1132385990
8941 1132386240 1132386247
11110 1132386372 1132386372
6864 1132386118 1132386379
3559 1132386372 1132386379
3859 1132386379 1132386379
5841 1132386495 1132386495
6860 1132386606 1132386613
2991 1132386613 1132386613
9624 1132386845 1132386845
8434 1132387086 1132387086
4909 1132387320 1132387320
7341 1132387447 1132387447
10212 1132387320 1132387567
3019 1132387320 1132387567
1784 1132387694 1132387694
1227 1132387814 1132387814
8434 1132387927 1132387927
9851 1132387927 1132387927
2230 1132388036 1132388036
7833 1132388272 1132388272
1784 1132388272 1132388394
8943 1132388623 1132388630
8346 1132388623 1132388630
2230 1132388623 1132388757
256 1132389110 1132389110
6398 1132389110 1132389110
9791 1132389487 1132389494
6481 1132389494 1132389494
2667 1132389872 1132389872
3636 1132389995 1132389995
9733 1132390245 1132390245
3636 1132390363 1132390363
7985 1132390363 1132390363
9851 1132390485 1132390485
7153 1132390492 1132390492
4700 1132390607 1132390607
9001 1132390852 1132390852
6890 1132390975 1132390975
10390 1132391594 1132391594
10617 1132391587 1132391841
5308 1132392085 1132392085
7833 1132392204 1132392204
4634 1132392426 1132392426
8577 1132392663 1132392663
9851 1132392782 1132392782
5099 1132392782 1132392782
9510 1132393032 1132393032
10390 1132393280 1132393280
10783 1132393652 1132393769
10156 1132393652 1132393889
6801 1132393889 1132393889
5713 1132394506 1132394506
6801 1132394388 1132394750
8474 1132394636 1132394870
660 1132394988 1132394988
7170 1132395247 1132395247
5214 1132395358 1132395358
1052 1132395365 1132395365
8474 1132395598 1132395598
6801 1132394988 1132395723
7808 1132395116 1132395846
8474 1132395955 1132395962
6007 1132395962 1132395962
6801 1132396203 1132396203
4610 1132398482 1132398482
8929 1132398834 1132398834
7910 1132399061 1132399061
5555 1132399428 1132399428
1969 1132400574 1132400574
1419 1132405691 1132405691
9861 1132405691 1132405691
7340 1132406290 1132406290
6099 1132407862 1132407862
10375 1132408675 1132408675
7656 1132409647 1132409647
4099 1132418663 1132418663
10050 1132422260 1132422260
7744 1132422500 1132422500
4434 1132422500 1132422500
9723 1132423688 1132423688
5909 1132425274 1132425274
3750 1132425274 1132425274
8343 1132429288 1132429288
352 1132453185 1132453185
9335 1132455816 1132455816
6306 1132456423 1132456423
10355 1132456543 1132456543
5365 1132456671 1132456671
7328 1132456671 1132456671
11032 1132457157 1132457157
5497 1132459835 1132460085
6626 1132460212 1132460212
6835 1132461450 1132461450
7994 1132462414 1132462414
1114 1132462898 1132462898
6076 1132463147 1132463147
519 1132464191 1132464191
3750 1132464434 1132464434
10862 1132465394 1132465401
11225 1132466394 1132466394
6801 1132466034 1132466512
1568 1132466512 1132466512
2891 1132466992 1132466999
2112 1132467604 1132467604
7005 1132468313 1132468313
10057 1132468438 1132468438
10963 1132469046 1132469046
1321 1132469398 1132469398
5464 1132470103 1132470103
1042 1132470461 1132470461
4823 1132470454 1132470702
4581 1132471556 1132471556
4579 1132471563 1132471563
6318 1132472265 1132472265
77 1132472265 1132472265
1876 1132472984 1132472984
4882 1132472984 1132472984
8048 1132473228 1132473235
10862 1132473844 1132473844
8956 1132473844 1132473844
9961 1132473956 1132473956
1598 1132474804 1132474804
3906 1132476010 1132476010
3873 1132476017 1132476017
6696 1132476937 1132476937
10372 1132477064 1132477064
7624 1132479040 1132479040
5617 1132479916 1132479916
9085 1132482515 1132482515
2585 1132484290 1132484290
1969 1132485376 1132485376
8814 1132492317 1132492317
5056 1132502005 1132502005
10536 1132508268 1132508268
9637 1132508784 1132508784
8045 1132513375 1132513375
10690 1132532463 1132532463
10690 1132533084 1132533084
5853 1132533433 1132533433
8389 1132536360 1132536360
4042 1132537321 1132537321
6862 1132538512 1132538512
9744 1132539942 1132539942
7985 1132545485 1132545601
7985 1132545843 1132545843
9762 1132547143 1132547143
6855 1132547991 1132547991
9762 1132547991 1132547991
2052 1132549196 1132549322
501 1132549449 1132549449
7356 1132551832 1132551832
10052 1132551832 1132551832
4485 1132551949 1132551949
3663 1132551949 1132551949
1108 1132551949 1132551949
