848 1130497809 1130498273
1014 1130498391 1130498391
848 1130498507 1130498631
6782 1130499244 1130499244
6883 1130499480 1130499480
3527 1130497809 1130499849
848 1130499244 1130499849
7207 1130499849 1130499849
8357 1130500202 1130500202
848 1130500545 1130500886
7207 1130500886 1130501006
7753 1130501246 1130501246
848 1130501356 1130501356
9819 1130501597 1130501597
848 1130501597 1130502329
3608 1130502454 1130502454
6686 1130502959 1130502959
7107 1130503083 1130503083
7216 1130503210 1130503210
10149 1130503440 1130503447
848 1130502580 1130503829
521 1130503940 1130503947
848 1130504187 1130504187
2874 1130504543 1130504543
3603 1130504660 1130504660
848 1130504660 1130504777
7107 1130505014 1130505014
9256 1130505240 1130505240
8283 1130505351 1130505351
10342 1130505705 1130505705
848 1130506072 1130506194
8923 1130506194 1130506194
606 1130506312 1130506312
2480 1130506803 1130506803
11204 1130507174 1130507174
848 1130506689 1130507533
3527 1130502707 1130507661
242 1130507777 1130507777
848 1130507895 1130507895
9397 1130508743 1130508743
2272 1130508743 1130508743
3527 1130508008 1130508856
848 1130508856 1130508982
2276 1130509341 1130509341
2148 1130509453 1130509453
8357 1130509453 1130509453
848 1130509231 1130509581
5214 1130509581 1130509581
848 1130509811 1130509924
848 1130510395 1130511106
848 1130511350 1130511482
5580 1130511482 1130511489
3527 1130508989 1130511748
848 1130511874 1130512115
3527 1130512115 1130512969
848 1130512464 1130513339
10022 1130513339 1130513339
6202 1130513460 1130513460
848 1130514327 1130514327
7429 1130515066 1130515066
848 1130515418 1130515643
7105 1130516111 1130516111
848 1130515872 1130516220
6170 1130516342 1130516342
7176 1130516349 1130516349
7738 1130516483 1130516483
4002 1130517060 1130517060
8832 1130517294 1130517294
848 1130516356 1130517536
6413 1130517786 1130517786
2228 1130517906 1130517906
1402 1130518028 1130518028
1014 1130518155 1130518155
848 1130517906 1130518530
8188 1130518657 1130518657
8203 1130518657 1130518657
3865 1130518657 1130518657
10115 1130518657 1130518657
7120 1130518664 1130518664
6430 1130519027 1130519027
3385 1130519629 1130519636
3924 1130522037 1130522037
4292 1130522526 1130522526
10146 1130523377 1130523377
3527 1130513339 1130523504
3527 1130523767 1130524267
3527 1130524974 1130524988
9196 1130525325 1130525325
352 1130525936 1130525936
8838 1130526060 1130526060
6209 1130526186 1130526186
9780 1130527111 1130527111
9380 1130527228 1130527228
10388 1130528557 1130528557
1969 1130528789 1130528789
6349 1130529023 1130529023
8037 1130529502 1130529502
600 1130530111 1130530111
4398 1130530706 1130530706
5564 1130530706 1130530706
1365 1130531192 1130531444
2464 1130532611 1130532611
3725 1130532976 1130532976
7249 1130533099 1130533099
2865 1130533338 1130533338
3692 1130533352 1130533352
9780 1130533464 1130533464
4407 1130534960 1130534960
5545 1130535317 1130535317
4797 1130535569 1130535569
2865 1130536423 1130536423
8978 1130537031 1130537031
8522 1130537509 1130537509
7096 1130539961 1130539961
1453 1130540707 1130540707
1257 1130541636 1130541636
9196 1130543579 1130543579
1969 1130544310 1130544317
2062 1130545075 1130545075
9974 1130547216 1130547216
1453 1130548319 1130548319
6319 1130549653 1130549653
4982 1130556915 1130556915
7243 1130572641 1130572641
10098 1130572886 1130572886
1681 1130574506 1130574506
6520 1130574506 1130574506
3523 1130574630 1130574630
9429 1130575363 1130575363
7604 1130575584 1130575584
848 1130575363 1130575926
848 1130576303 1130576555
2374 1130578850 1130578850
172 1130578968 1130578975
10293 1130579364 1130579364
10720 1130579968 1130579968
321 1130581772 1130581772
7604 1130581772 1130581772
6102 1130582013 1130582013
3527 1130574630 1130582133
848 1130582743 1130582743
848 1130583000 1130583000
10302 1130584058 1130584058
5693 1130584286 1130584286
848 1130583586 1130584847
3247 1130584973 1130584973
9878 1130584973 1130584973
3527 1130582617 1130585213
4102 1130585213 1130585213
6980 1130585450 1130585559
915 1130585559 1130585559
848 1130585559 1130585673
7901 1130586255 1130586262
5545 1130586506 1130586506
743 1130586887 1130586887
6947 1130587127 1130587127
6657 1130587614 1130587614
848 1130586647 1130587729
1562 1130588439 1130588439
8863 1130588556 1130588556
848 1130588086 1130588666
10815 1130589146 1130589146
7115 1130589139 1130589153
3788 1130589385 1130589385
848 1130589139 1130589507
7127 1130589634 1130589634
11160 1130589641 1130589641
5527 1130589641 1130589641
11219 1130589764 1130589764
851 1130589764 1130589764
848 1130589764 1130590016
848 1130590357 1130590357
6949 1130590357 1130590357
11383 1130590732 1130590732
5513 1130591096 1130591096
8641 1130591212 1130591212
4883 1130591329 1130591329
848 1130590732 1130592060
5506 1130592177 1130592184
4197 1130592184 1130592191
4196 1130592438 1130592438
6836 1130592438 1130592438
9615 1130591809 1130592669
8252 1130592669 1130592669
2599 1130592796 1130592796
1382 1130592920 1130592920
848 1130592438 1130593042
9620 1130592920 1130593042
8324 1130593042 1130593042
10084 1130593417 1130593417
848 1130593410 1130593699
848 1130594057 1130594057
848 1130594426 1130594541
3527 1130585559 1130594812
848 1130594681 1130594812
10189 1130595060 1130595060
10483 1130595170 1130595170
10939 1130595170 1130595170
848 1130595060 1130595281
8773 1130595518 1130595518
1561 1130595641 1130595641
5666 1130595890 1130595890
898 1130596381 1130596381
5920 1130596493 1130596493
848 1130595641 1130596966
515 1130597437 1130597437
4660 1130597560 1130597560
848 1130597437 1130597686
9819 1130598267 1130598274
848 1130598274 1130598274
1608 1130598996 1130599003
8736 1130599003 1130599003
848 1130599116 1130599116
1969 1130599123 1130599123
4326 1130599130 1130599130
848 1130599252 1130599252
6598 1130599252 1130599371
9240 1130600099 1130600099
224 1130600587 1130600587
6775 1130600947 1130600947
6967 1130602252 1130602252
6943 1130602854 1130602854
9754 1130602854 1130602854
848 1130600467 1130602980
8837 1130602980 1130602980
5580 1130603096 1130603096
848 1130603550 1130603550
10415 1130604259 1130604259
7836 1130605212 1130605212
3422 1130605337 1130605337
5042 1130605620 1130605620
2303 1130607102 1130607102
121 1130607485 1130607485
8791 1130608080 1130608080
6111 1130608793 1130608793
2358 1130609407 1130609407
1023 1130609905 1130609905
9526 1130611330 1130611330
4017 1130612641 1130612641
7187 1130612753 1130612753
10203 1130612985 1130612985
8426 1130613450 1130613450
3632 1130613691 1130613691
4851 1130613806 1130613806
5782 1130613933 1130614059
2389 1130614052 1130614059
6689 1130614428 1130614428
7101 1130614659 1130614673
7100 1130614659 1130614673
8871 1130614673 1130614673
1671 1130615393 1130615393
6703 1130615779 1130615779
5374 1130619236 1130619236
9967 1130620624 1130620624
6664 1130622919 1130622919
6601 1130623880 1130623880
6907 1130624116 1130624116
3502 1130625452 1130625452
9036 1130632589 1130632589
5206 1130634390 1130634390
4380 1130641668 1130641668
7120 1130642976 1130642976
8953 1130662057 1130662057
8773 1130667034 1130667034
9984 1130669314 1130669314
9782 1130670008 1130670008
1827 1130671316 1130671316
8082 1130671549 1130671549
7147 1130672035 1130672035
4642 1130673427 1130673427
1256 1130674755 1130674755
8953 1130675615 1130675615
10950 1130676965 1130676972
8142 1130677690 1130677690
976 1130678794 1130678794
8978 1130679288 1130679288
4798 1130682282 1130682282
6630 1130682282 1130682282
8082 1130682282 1130682282
3949 1130682530 1130682530
5169 1130682891 1130682891
7446 1130683259 1130683259
3502 1130684096 1130684096
10249 1130685447 1130685454
9783 1130685454 1130685454
9782 1130685454 1130685454
9787 1130686174 1130686174
9012 1130686783 1130686783
2782 1130687253 1130687253
8978 1130688100 1130688100
5112 1130688223 1130688223
2782 1130689424 1130689424
9007 1130689995 1130689995
3836 1130690140 1130690140
2636 1130691013 1130691013
5741 1130691013 1130691013
4292 1130691013 1130691013
1608 1130691498 1130691498
496 1130691968 1130691968
10745 1130691968 1130691968
5691 1130692416 1130692416
1608 1130692653 1130692653
3839 1130693129 1130693129
2070 1130694206 1130694206
5938 1130695148 1130695148
4943 1130695749 1130695749
1820 1130697744 1130697744
1094 1130697744 1130697744
8738 1130699453 1130699453
8738 1130699689 1130699689
5580 1130701244 1130701244
1823 1130702092 1130702092
3616 1130702325 1130702325
5691 1130706929 1130706929
6319 1130707165 1130707165
3083 1130712308 1130712308
8290 1130720595 1130720595
7207 1130744969 1130744969
231 1130746050 1130746050
6429 1130747497 1130747497
466 1130747497 1130747497
9264 1130748661 1130748661
297 1130750587 1130750587
848 1130750352 1130750708
848 1130751399 1130751399
848 1130751666 1130752167
7207 1130752522 1130752522
848 1130752515 1130753113
848 1130753349 1130753828
9396 1130754302 1130754302
848 1130754542 1130754542
1558 1130754542 1130754542
848 1130754891 1130754891
2080 1130755263 1130755263
2975 1130755506 1130755506
10920 1130756724 1130756724
848 1130755864 1130757204
3787 1130757697 1130757697
10019 1130757810 1130757817
848 1130757582 1130757824
7474 1130757810 1130757824
848 1130758422 1130759377
2325 1130759613 1130759613
848 1130759613 1130759613
2263 1130759733 1130759733
7497 1130759854 1130759854
10604 1130762655 1130762655
848 1130761927 1130763341
1763 1130763690 1130763690
5545 1130763812 1130763812
241 1130764319 1130764319
320 1130765627 1130765627
10946 1130765875 1130765875
10169 1130765882 1130765882
5545 1130767225 1130767225
241 1130767225 1130767225
10716 1130767351 1130767351
848 1130767461 1130767688
848 1130768159 1130769128
1402 1130769371 1130769371
10211 1130769715 1130769715
7497 1130769842 1130769842
848 1130769605 1130770085
848 1130770537 1130772242
848 1130772613 1130773082
9617 1130773340 1130773340
848 1130773340 1130773461
10604 1130773582 1130773582
848 1130774180 1130774180
690 1130774291 1130774291
9067 1130774634 1130774634
7207 1130774758 1130774758
2768 1130774758 1130774758
9802 1130774758 1130774758
848 1130774876 1130775000
4797 1130775603 1130775603
848 1130776198 1130776790
10884 1130776917 1130776917
848 1130777035 1130777176
1972 1130777289 1130777289
1242 1130777526 1130777526
848 1130777639 1130777639
9510 1130778216 1130778223
7661 1130779199 1130779206
241 1130779919 1130779919
4040 1130780169 1130780169
3425 1130781623 1130781623
1314 1130782352 1130782352
9996 1130783196 1130783196
7197 1130784395 1130784395
1234 1130784395 1130784395
136 1130785690 1130785690
303 1130787873 1130787873
9819 1130788007 1130788007
3242 1130790913 1130790913
6111 1130792101 1130792101
4797 1130792709 1130792709
7948 1130793063 1130793063
5580 1130795122 1130795122
6335 1130796569 1130796569
6458 1130801950 1130801950
9156 1130802189 1130802189
2782 1130806370 1130806370
7120 1130811284 1130811284
7207 1130828586 1130828586
7207 1130829049 1130829056
5429 1130831810 1130831810
5828 1130833610 1130833610
9510 1130833836 1130833836
7308 1130834202 1130834202
2059 1130834449 1130834449
3366 1130834810 1130834810
9715 1130836146 1130836146
8013 1130837234 1130837248
6648 1130837969 1130837969
6814 1130838943 1130838943
1005 1130838943 1130838943
10791 1130839294 1130839294
9555 1130839992 1130839992
9778 1130840745 1130840745
3624 1130841200 1130841207
1402 1130841316 1130841316
5046 1130841934 1130841934
10741 1130842292 1130842292
8691 1130842892 1130842892
5709 1130843967 1130843967
7239 1130843967 1130843967
9156 1130844088 1130844088
5551 1130844088 1130844088
7207 1130845628 1130845628
2076 1130843960 1130845635
3527 1130835537 1130845876
3862 1130846225 1130846225
9267 1130846225 1130846225
925 1130846349 1130846349
202 1130846706 1130846706
4212 1130847422 1130847422
9641 1130847422 1130847422
5910 1130848143 1130848143
3638 1130848143 1130848143
6512 1130848511 1130848511
6205 1130849241 1130849241
2682 1130849479 1130849479
2136 1130850104 1130850104
6487 1130850845 1130850845
6205 1130850838 1130850852
7771 1130851317 1130851317
4982 1130852859 1130852859
7344 1130852979 1130852979
7207 1130853923 1130853923
8978 1130854418 1130854418
2995 1130854898 1130854898
6458 1130854898 1130854905
10325 1130855601 1130855601
7716 1130856213 1130856213
10416 1130857062 1130857062
1934 1130857189 1130857189
9778 1130857196 1130857196
9778 1130858118 1130858118
7207 1130859334 1130859341
241 1130860683 1130860683
241 1130861029 1130861029
241 1130861400 1130861407
241 1130861780 1130861787
2148 1130862834 1130862834
6358 1130862950 1130862957
3527 1130846225 1130863443
9235 1130863443 1130863443
9302 1130864497 1130864504
8557 1130864623 1130864623
6814 1130864623 1130864623
2242 1130864857 1130864857
3527 1130863814 1130866351
10638 1130866717 1130866717
10431 1130866949 1130866949
3527 1130866592 1130867186
7394 1130867800 1130867800
7442 1130867911 1130867911
961 1130872469 1130872469
10715 1130872927 1130872927
8104 1130874129 1130874129
8662 1130875755 1130875755
9376 1130875994 1130875994
9693 1130876121 1130876121
4233 1130877671 1130877671
6102 1130877798 1130877798
7356 1130881790 1130881790
6238 1130883993 1130883993
10243 1130885437 1130885437
5580 1130885547 1130885547
5884 1130888092 1130888092
3007 1130914299 1130914299
4526 1130914554 1130914554
1114 1130915693 1130915693
9270 1130916999 1130916999
1276 1130917509 1130917509
9289 1130918234 1130918234
7486 1130918850 1130918850
3516 1130918959 1130918959
241 1130919316 1130919316
3919 1130919687 1130919687
8297 1130921580 1130921580
3502 1130922388 1130922388
10126 1130922388 1130922388
9571 1130922630 1130922630
10126 1130922630 1130922630
2428 1130923228 1130923235
5545 1130923235 1130923235
10126 1130923107 1130923354
10126 1130923927 1130923927
2200 1130924270 1130924270
241 1130923470 1130924391
10126 1130924877 1130925231
6104 1130925340 1130925340
10126 1130925577 1130925812
10126 1130926170 1130926421
7394 1130926421 1130926421
7207 1130927595 1130928199
10549 1130929775 1130929775
10855 1130930263 1130930263
6426 1130930616 1130930616
3277 1130931208 1130931208
2499 1130931708 1130931708
7207 1130931962 1130931962
9424 1130931962 1130931962
8297 1130930616 1130932229
3530 1130932460 1130932460
7207 1130932460 1130932460
7138 1130932952 1130932952
3919 1130933551 1130933551
7442 1130933551 1130933558
5494 1130934994 1130934994
3919 1130935826 1130935826
3882 1130936180 1130936180
5704 1130936663 1130936663
3527 1130921334 1130937270
6668 1130937270 1130937393
3527 1130937638 1130937638
7176 1130938384 1130938384
4755 1130938865 1130938865
9920 1130938986 1130938986
9778 1130940654 1130940654
3959 1130942106 1130942106
9802 1130944823 1130944823
5545 1130944823 1130944830
9079 1130944830 1130944830
7207 1130945417 1130945417
3897 1130945417 1130945417
10582 1130945417 1130945417
9376 1130945654 1130945654
4168 1130946498 1130946498
4438 1130947688 1130947688
1402 1130948537 1130948537
9270 1130949619 1130949619
357 1130950070 1130950070
8557 1130950188 1130950188
5545 1130949367 1130950663
10652 1130951243 1130951243
6030 1130952319 1130952319
2102 1130952431 1130952431
7486 1130953160 1130953167
3527 1130938246 1130953276
2475 1130954282 1130954282
3571 1130954282 1130954282
5691 1130955168 1130955168
1969 1130958276 1130958276
5580 1130961415 1130961415
2969 1130962879 1130962879
5527 1130963472 1130963472
9095 1130965143 1130965143
9967 1130966340 1130966340
872 1130967824 1130967824
5704 1130970457 1130970457
8594 1130971188 1130971188
4233 1130972243 1130972243
5691 1130977243 1130977243
10037 1130977377 1130977377
10760 1130989109 1130989116
3869 1131002405 1131002405
9270 1131002765 1131002765
10332 1131002883 1131002883
2634 1131002883 1131002883
9613 1131003121 1131003121
9376 1131003620 1131003620
9778 1131005070 1131005070
9778 1131005795 1131005795
10833 1131005795 1131005795
4435 1131006557 1131006557
2155 1131007447 1131007447
241 1131007692 1131007692
4102 1131008917 1131008917
7207 1131009493 1131009493
7486 1131010102 1131010102
2113 1131014400 1131014522
5696 1131015009 1131015009
8877 1131016454 1131016454
5913 1131016705 1131016705
7207 1131016698 1131016712
1005 1131017325 1131017325
3526 1131017550 1131017550
9225 1131017803 1131017810
648 1131018614 1131018614
3792 1131018614 1131018614
3919 1131018851 1131018851
8283 1131018851 1131018851
4878 1131018977 1131018977
648 1131020068 1131020068
10474 1131020301 1131020301
10871 1131020301 1131020301
3358 1131020413 1131020413
10892 1131021612 1131021612
2107 1131021838 1131021838
11040 1131023281 1131023281
9267 1131023541 1131023541
9838 1131025202 1131025202
5704 1131025584 1131025584
7207 1131027400 1131027400
10078 1131028476 1131028476
6595 1131029794 1131029794
5545 1131029552 1131030021
7207 1131030259 1131030259
6411 1131030498 1131030498
5810 1131030498 1131030498
5545 1131030614 1131030614
8726 1131030859 1131030859
2323 1131031944 1131031944
961 1131033266 1131033273
5677 1131034224 1131034224
7176 1131034469 1131034469
1808 1131034709 1131034709
8576 1131036011 1131036011
9838 1131036011 1131036011
9370 1131036011 1131036011
7604 1131036245 1131036245
3527 1131004830 1131036723
1005 1131037082 1131037082
884 1131037082 1131037082
2053 1131037327 1131037327
3527 1131037195 1131037436
7486 1131037773 1131037773
8992 1131038370 1131038377
5545 1131041717 1131041717
2341 1131041951 1131041958
3641 1131042317 1131042317
6111 1131042578 1131042578
1716 1131043051 1131043051
1717 1131043058 1131043058
8118 1131043058 1131043058
5575 1131046276 1131046276
5545 1131045563 1131046999
5545 1131047851 1131047851
9510 1131048102 1131048102
5545 1131048237 1131048237
5545 1131048711 1131048711
1969 1131048718 1131048718
5545 1131049343 1131049343
2865 1131049590 1131049590
3663 1131050330 1131050330
5545 1131050211 1131050442
1567 1131050442 1131050442
2469 1131050442 1131050442
8216 1131050442 1131050442
1759 1131050794 1131050801
5545 1131050801 1131050801
5805 1131050926 1131050926
8690 1131051521 1131051521
5545 1131051997 1131051997
30 1131052110 1131052110
7974 1131052465 1131052465
5545 1131052816 1131053056
5545 1131053290 1131053410
5545 1131054102 1131054102
8737 1131054951 1131054951
5545 1131054951 1131054951
768 1131056639 1131056639
9827 1131082635 1131082635
8061 1131083129 1131083129
5230 1131084101 1131084101
1118 1131086405 1131086405
9270 1131087701 1131087701
3278 1131088288 1131088288
6358 1131088785 1131088785
3707 1131089015 1131089015
5643 1131089250 1131089250
3277 1131089250 1131089257
8557 1131089404 1131089404
8020 1131089768 1131089768
4486 1131092316 1131092316
8049 1131093733 1131093733
6319 1131093971 1131093971
6913 1131093971 1131093971
1804 1131095057 1131095293
4148 1131096028 1131096028
4148 1131096732 1131096732
10376 1131097090 1131097090
10741 1131097462 1131097462
3527 1131093146 1131097584
3527 1131097710 1131097710
9780 1131098526 1131098526
7295 1131098889 1131098889
8428 1131099510 1131099510
9427 1131099510 1131099510
1804 1131099981 1131099981
8283 1131100581 1131100581
4632 1131100697 1131100697
7352 1131100823 1131100823
11084 1131100823 1131100823
1653 1131100932 1131100932
7167 1131100932 1131100939
1972 1131101175 1131101175
7239 1131102002 1131102002
3269 1131102125 1131102125
8283 1131102593 1131102593
127 1131103674 1131103674
4982 1131103907 1131103907
241 1131104026 1131104026
7303 1131104385 1131104385
1603 1131106829 1131106950
9510 1131106950 1131106950
3278 1131107655 1131107655
5139 1131108002 1131108002
8428 1131107782 1131108477
10760 1131108477 1131108607
9827 1131109011 1131109011
1100 1131109011 1131109011
24 1131109959 1131109959
9596 1131110678 1131110678
11142 1131111426 1131111426
7207 1131112960 1131113199
9510 1131113673 1131113673
7207 1131114402 1131114512
7356 1131114871 1131114871
7772 1131117656 1131117656
5580 1131117911 1131117911
9596 1131118132 1131118139
3715 1131118256 1131118256
5575 1131120253 1131120253
2828 1131120253 1131120253
1818 1131120379 1131120507
6321 1131122313 1131122313
472 1131122556 1131122556
11036 1131124613 1131124613
3527 1131112728 1131126331
10848 1131126331 1131126331
3527 1131126593 1131126593
10707 1131126707 1131126707
4367 1131126847 1131126847
6837 1131127926 1131127926
9510 1131128154 1131128154
4104 1131128874 1131128874
9079 1131129958 1131129958
8548 1131130336 1131130336
6837 1131133480 1131133480
8432 1131133837 1131133837
5527 1131134336 1131134336
6686 1131134960 1131134960
9819 1131135552 1131135552
1691 1131136592 1131136599
2417 1131137069 1131137069
6737 1131137318 1131137318
3913 1131138181 1131138181
9882 1131139623 1131139623
5839 1131142013 1131142013
10158 1131142829 1131142829
538 1131142829 1131142829
4563 1131147279 1131147279
4380 1131147741 1131147741
9012 1131148914 1131148914
2870 1131148914 1131149051
7252 1131153436 1131153436
357 1131174874 1131174874
3380 1131176649 1131176649
653 1131176649 1131176649
10871 1131177600 1131177600
441 1131179890 1131179890
10339 1131180852 1131180859
3001 1131181216 1131181223
10853 1131182299 1131182299
1270 1131182657 1131183120
7572 1131183239 1131183239
1270 1131183349 1131183498
8149 1131184351 1131184351
8883 1131184936 1131184936
60 1131185285 1131185285
3513 1131185403 1131185403
2822 1131185545 1131185545
7320 1131185777 1131185777
5926 1131186881 1131186881
3527 1131174986 1131187497
6114 1131187987 1131187987
10339 1131187987 1131187994
701 1131188991 1131188991
7572 1131189222 1131189222
1817 1131189458 1131189458
9557 1131190651 1131190651
1358 1131191348 1131191584
8663 1131191584 1131191584
3527 1131187726 1131192181
9482 1131191712 1131192188
8335 1131192188 1131192188
11076 1131192659 1131192659
4652 1131193007 1131193007
3527 1131192412 1131193260
8799 1131193837 1131193837
3527 1131193725 1131194564
11102 1131194797 1131194797
6818 1131194916 1131194916
9510 1131195647 1131195647
3527 1131195040 1131196256
10283 1131196380 1131196380
2603 1131197000 1131197000
2148 1131197000 1131197000
5290 1131197368 1131197368
3527 1131196500 1131197841
6261 1131199175 1131199175
11193 1131199657 1131199657
9290 1131199657 1131199657
11341 1131199657 1131199657
3232 1131199657 1131199657
10914 1131199775 1131199775
11226 1131199775 1131199775
2261 1131200267 1131200267
3707 1131200382 1131200382
1537 1131200748 1131200748
9769 1131198555 1131201465
4288 1131203131 1131203131
2874 1131203617 1131203617
9714 1131203979 1131203979
2 1131204338 1131204338
4213 1131204338 1131204338
7113 1131204671 1131204671
7885 1131204789 1131204789
11037 1131204917 1131204917
3558 1131204338 1131205283
2068 1131205411 1131205411
4418 1131205532 1131205532
6584 1131205532 1131205539
4398 1131205662 1131205662
6892 1131206480 1131206480
835 1131206600 1131206600
5527 1131206710 1131206710
10208 1131207451 1131207451
6307 1131207675 1131207675
3440 1131208041 1131208041
600 1131208286 1131208286
5472 1131209380 1131209380
7669 1131209380 1131209380
3527 1131198194 1131210073
5545 1131210073 1131210073
2427 1131210446 1131210453
4380 1131210975 1131210975
9012 1131211437 1131211437
3897 1131212122 1131212122
8693 1131213419 1131213419
6800 1131213760 1131213760
1123 1131213767 1131213767
6418 1131213890 1131213890
352 1131214023 1131214023
3754 1131214138 1131214138
6341 1131214498 1131214498
5212 1131214616 1131214616
7626 1131214739 1131214739
932 1131214739 1131214739
8193 1131215080 1131215080
1316 1131215205 1131215212
1926 1131215205 1131215212
5545 1131215552 1131215552
8962 1131216405 1131216405
10809 1131216541 1131216541
10165 1131217496 1131217496
3836 1131218450 1131218450
5527 1131218708 1131218708
3586 1131220065 1131220065
11033 1131220065 1131220065
136 1131220658 1131220658
7665 1131221244 1131221244
5568 1131221607 1131221607
5472 1131222094 1131222094
9549 1131222728 1131222728
31 1131223093 1131223093
8059 1131223211 1131223211
7706 1131226917 1131226917
4040 1131227158 1131227158
6111 1131227382 1131227382
5527 1131227501 1131227501
8978 1131228472 1131228472
7537 1131229768 1131229768
1292 1131233135 1131233135
6949 1131233256 1131233256
6026 1131233256 1131233256
7025 1131233978 1131234216
547 1131234223 1131234223
10350 1131238382 1131238382
5633 1131241238 1131241238
9510 1131259603 1131259603
142 1131265110 1131265110
3839 1131266588 1131266588
9510 1131267071 1131267071
7094 1131267786 1131267786
9772 1131269926 1131269926
10882 1131270393 1131270521
10882 1131270863 1131272501
4040 1131273113 1131273113
319 1131273714 1131273714
3707 1131274666 1131274666
6062 1131278889 1131278889
9651 1131280202 1131280202
8070 1131280440 1131280440
9350 1131280563 1131280570
744 1131280570 1131280570
9271 1131280570 1131280570
1033 1131280688 1131280688
142 1131281312 1131281312
7565 1131282283 1131282283
6292 1131282963 1131282963
3897 1131283682 1131283682
4764 1131285848 1131285848
9648 1131288040 1131288054
902 1131288181 1131288181
9079 1131289275 1131289275
8879 1131291685 1131291685
10339 1131293116 1131293116
1700 1131293599 1131293606
1767 1131294439 1131294439
6454 1131297461 1131297475
8035 1131298800 1131298800
9460 1131298938 1131298938
9074 1131299064 1131299064
7565 1131300249 1131300249
3571 1131301916 1131301916
5500 1131303783 1131303783
6454 1131303783 1131303783
8789 1131304767 1131304767
8789 1131304994 1131304994
1981 1131304994 1131304994
7102 1131306095 1131306095
9596 1131308542 1131308542
3 1131309603 1131309603
9060 1131312710 1131312710
1873 1131315851 1131315851
5693 1131317065 1131317065
9350 1131318026 1131318026
5580 1131322040 1131322040
7207 1131342759 1131342759
5580 1131342998 1131342998
10652 1131343589 1131343589
9289 1131343701 1131343701
2650 1131343942 1131343942
6189 1131344900 1131344900
1005 1131345647 1131345647
5580 1131346484 1131346484
8751 1131347211 1131347339
8751 1131347674 1131347674
2428 1131347928 1131347928
7207 1131348395 1131348395
7077 1131348618 1131348618
1089 1131352671 1131352671
3527 1131353983 1131354696
6270 1131354823 1131354823
7781 1131354823 1131354823
4040 1131355445 1131355445
136 1131355917 1131355917
3527 1131355804 1131356047
136 1131357008 1131357008
7155 1131357380 1131357380
896 1131358361 1131358361
8283 1131358478 1131358478
9626 1131358591 1131358591
2991 1131359170 1131359170
7207 1131359170 1131359170
9864 1131359394 1131359394
5329 1131359633 1131359633
10760 1131360121 1131360121
5693 1131360121 1131360121
3527 1131357008 1131360495
4388 1131360748 1131360748
8129 1131360886 1131360886
2953 1131360886 1131360886
3527 1131360879 1131361253
7207 1131363260 1131363260
1857 1131363260 1131363498
6561 1131364688 1131364688
5545 1131364213 1131364805
9060 1131366000 1131366000
5704 1131368180 1131368180
4063 1131369220 1131369220
7819 1131371001 1131371001
7974 1131371245 1131371245
5603 1131371876 1131371876
501 1131372450 1131372450
9827 1131373769 1131373769
9555 1131374731 1131374731
8352 1131374974 1131374974
3279 1131375101 1131375101
853 1131375108 1131375108
5884 1131375341 1131375341
3240 1131375461 1131375461
10725 1131375461 1131375461
3707 1131377473 1131377473
7356 1131379758 1131379758
3475 1131380127 1131380134
8568 1131380728 1131380728
2062 1131382379 1131382379
3515 1131383103 1131383103
1869 1131383222 1131383222
9272 1131385197 1131385197
1453 1131387630 1131387630
4242 1131389230 1131389230
5580 1131391857 1131391857
6111 1131391857 1131391857
10436 1131392931 1131392931
6289 1131393511 1131393511
6387 1131393511 1131393511
10434 1131403346 1131403346
11017 1131427210 1131427217
10721 1131427217 1131427217
1869 1131433575 1131433575
9270 1131433911 1131433911
10853 1131434038 1131434038
7207 1131435447 1131435447
7207 1131435806 1131435924
7403 1131436761 1131436761
8571 1131436761 1131436761
1005 1131439849 1131439856
7207 1131439849 1131439856
6137 1131439989 1131439989
5709 1131439996 1131439996
6668 1131440455 1131440455
7074 1131440821 1131440821
6668 1131441069 1131441069
6295 1131441991 1131441991
6295 1131442243 1131442243
4703 1131442469 1131442469
9355 1131442595 1131442595
8283 1131443074 1131443074
3791 1131443671 1131443671
6261 1131444153 1131444153
231 1131444153 1131444153
3919 1131444153 1131444153
7575 1131444774 1131444774
7089 1131445126 1131445126
3918 1131445246 1131445246
1225 1131445982 1131445982
8469 1131446812 1131446812
8978 1131447318 1131447318
7207 1131449013 1131449013
4566 1131449020 1131449020
7373 1131449256 1131449256
7207 1131450547 1131450547
7207 1131451026 1131451026
5171 1131451026 1131451026
4040 1131451359 1131451359
6992 1131452199 1131452199
515 1131452430 1131452430
5471 1131452546 1131452546
4398 1131453526 1131453526
7373 1131453526 1131453540
6992 1131454384 1131454384
7558 1131454721 1131454721
7373 1131454969 1131454969
9212 1131457105 1131457112
5752 1131457356 1131457356
1362 1131458766 1131458766
9838 1131461407 1131461407
10339 1131463236 1131463236
10339 1131464058 1131464058
5545 1131464415 1131464415
2829 1131464539 1131464539
5580 1131464539 1131464539
7665 1131464768 1131464768
2497 1131467072 1131467072
9819 1131467079 1131467079
9510 1131468305 1131468305
2829 1131470800 1131470800
6372 1131471160 1131471160
9935 1131472970 1131472977
8169 1131474061 1131474061
9258 1131474399 1131474399
2256 1131474513 1131474513
8291 1131476023 1131476023
1092 1131478785 1131478785
7487 1131480348 1131480348
8018 1131480348 1131480348
4630 1131481402 1131481402
3276 1131492857 1131492857
7302 1131505867 1131505867
7207 1131510534 1131510534
7207 1131511490 1131511490
10732 1131512461 1131512461
7999 1131513944 1131513944
3278 1131514199 1131514199
8557 1131517024 1131517024
8906 1131518490 1131518490
7207 1131519231 1131519231
7077 1131519469 1131519476
11142 1131519483 1131519483
7906 1131520197 1131520197
7016 1131521399 1131521399
1972 1131521754 1131521754
9510 1131522129 1131522129
6202 1131523341 1131523341
3527 1131523341 1131523691
3527 1131523920 1131523920
10843 1131524768 1131524768
3527 1131524286 1131525352
6978 1131525709 1131525709
10871 1131525945 1131525945
3527 1131526065 1131526309
5545 1131526890 1131526890
6672 1131529150 1131529150
9060 1131529838 1131529838
2207 1131530306 1131530306
2241 1131530420 1131530420
2642 1131531151 1131531151
7207 1131531621 1131531621
6205 1131532002 1131532002
9983 1131532252 1131532252
7207 1131533124 1131533124
9060 1131533245 1131533245
8544 1131532872 1131533367
6202 1131533838 1131533953
9838 1131534767 1131534767
7176 1131535239 1131535239
5704 1131536439 1131536439
5863 1131536911 1131536911
10999 1131537028 1131537028
3991 1131537144 1131537144
3111 1131537388 1131537388
7086 1131537880 1131537880
9527 1131538245 1131538245
4741 1131538715 1131538951
1953 1131539301 1131539301
7207 1131539547 1131539547
5107 1131539794 1131539794
1114 1131540397 1131540397
7207 1131540525 1131540525
9967 1131540989 1131540989
5906 1131541342 1131541342
4546 1131541342 1131541349
7207 1131541349 1131541349
1529 1131542516 1131542516
8036 1131542991 1131542991
10999 1131543110 1131543110
6812 1131543350 1131543350
5375 1131543472 1131543472
1994 1131543828 1131543828
5286 1131544062 1131544062
9442 1131544543 1131544543
9302 1131544669 1131544669
2952 1131544787 1131544787
1685 1131545137 1131545137
6452 1131545257 1131545257
357 1131545751 1131545751
6430 1131545751 1131545751
939 1131545751 1131545751
3527 1131528568 1131546945
9089 1131547313 1131547313
9788 1131548161 1131548161
1800 1131548281 1131548281
9388 1131548403 1131548403
2825 1131548403 1131548403
5545 1131548629 1131548752
7949 1131548878 1131548878
6214 1131549491 1131549491
7604 1131550104 1131550104
4244 1131551681 1131551681
5429 1131553368 1131553368
7061 1131553502 1131553502
2747 1131553502 1131553502
10071 1131553738 1131553738
7036 1131554425 1131554425
5916 1131554918 1131554918
6076 1131554918 1131554918
8012 1131555654 1131555654
7061 1131556393 1131556393
11098 1131557613 1131557613
6453 1131558097 1131558097
8573 1131560983 1131560983
4311 1131564493 1131564493
10459 1131565470 1131565470
7356 1131593612 1131593612
6030 1131595048 1131595048
6274 1131596371 1131596371
2634 1131598655 1131598655
5545 1131599025 1131599025
4506 1131599144 1131599144
7207 1131599257 1131599257
6358 1131599492 1131599492
6936 1131600672 1131600672
357 1131600672 1131600672
4242 1131602505 1131602505
7356 1131604445 1131604445
1657 1131609754 1131609754
8042 1131610135 1131610135
7604 1131610491 1131610491
10773 1131607926 1131610602
4951 1131611818 1131611818
3111 1131612194 1131612194
9267 1131612338 1131612338
3919 1131612691 1131612691
8420 1131612691 1131612691
7239 1131613175 1131613175
9119 1131613530 1131613530
5329 1131614777 1131614777
2232 1131614999 1131614999
7617 1131615247 1131615247
7617 1131616191 1131616191
4464 1131616418 1131616418
8815 1131616654 1131616654
9626 1131617263 1131617263
9442 1131618358 1131618358
7239 1131620282 1131620282
9409 1131620537 1131620537
3425 1131620774 1131620774
7908 1131621016 1131621023
8067 1131621982 1131621982
8039 1131622929 1131622929
10812 1131623776 1131623776
8039 1131623889 1131623889
2879 1131624746 1131624746
5995 1131624973 1131625100
7207 1131625434 1131625434
9845 1131625441 1131625441
7725 1131626401 1131626401
3527 1131600434 1131626510
6550 1131628808 1131628808
5545 1131628934 1131628934
2359 1131629169 1131629169
9060 1131629506 1131629506
9378 1131629864 1131629864
9156 1131632168 1131632168
4798 1131632770 1131632770
9302 1131633372 1131633372
9690 1131633372 1131633372
3527 1131626852 1131633492
2942 1131634074 1131634074
6790 1131637312 1131637312
3527 1131633959 1131637430
4701 1131637914 1131637914
9302 1131637914 1131637914
2906 1131638152 1131638152
8370 1131638399 1131638399
3527 1131637786 1131638628
10741 1131638753 1131638753
2396 1131639000 1131639007
3913 1131639852 1131639852
3527 1131639000 1131640474
7394 1131640973 1131640973
3147 1131640973 1131640973
3527 1131640723 1131641205
3502 1131641678 1131641678
8037 1131641805 1131641805
3527 1131641563 1131642772
8919 1131643019 1131643019
1823 1131643269 1131643269
2906 1131643771 1131643771
11390 1131644821 1131644821
8037 1131645537 1131645537
4797 1131646032 1131646032
10036 1131646397 1131646517
10036 1131646994 1131646994
3527 1131643135 1131647226
3296 1131647344 1131647344
8926 1131647475 1131647475
7604 1131647595 1131647595
3527 1131647475 1131648958
3527 1131649327 1131649702
3111 1131650189 1131650196
2417 1131650324 1131650324
3527 1131650078 1131650568
11187 1131651545 1131651545
3527 1131650803 1131652958
3527 1131653088 1131653221
3272 1131653465 1131653465
3911 1131653465 1131653465
3527 1131653588 1131653713
3527 1131654071 1131655233
3527 1131655610 1131657799
3527 1131658279 1131659571
3527 1131659708 1131659819
9958 1131660405 1131660405
9958 1131660641 1131660641
6264 1131660641 1131660641
6264 1131660998 1131660998
9958 1131661228 1131661228
3527 1131660280 1131661346
3527 1131661685 1131663984
5012 1131664097 1131664097
10760 1131664097 1131664097
9958 1131664688 1131664695
3527 1131664324 1131665061
3527 1131665303 1131666990
3527 1131667352 1131668043
3527 1131668298 1131670629
3527 1131670881 1131672697
3527 1131673062 1131675727
9079 1131676348 1131676348
3527 1131676096 1131677159
7302 1131677756 1131677756
1267 1131677996 1131677996
3527 1131677638 1131681070
3527 1131681300 1131681546
3527 1131682021 1131683240
7935 1131683240 1131683240
5545 1131684297 1131684297
455 1131684419 1131684419
10339 1131684419 1131684419
6793 1131684777 1131684777
6205 1131687573 1131687580
3527 1131683491 1131691255
7681 1131692211 1131692211
4233 1131694710 1131694710
10760 1131695307 1131695307
666 1131695307 1131695542
241 1131696491 1131696491
3527 1131691729 1131697336
3608 1131697343 1131697343
7188 1131694591 1131697478
10146 1131697492 1131697492
7188 1131697861 1131699457
7442 1131701189 1131701189
5994 1131701189 1131701691
6665 1131701691 1131701691
10966 1131702918 1131702918
4797 1131703270 1131703270
3416 1131706415 1131706415
5948 1131706415 1131706415
6047 1131707703 1131707703
5693 1131708190 1131708197
6638 1131709959 1131709959
8043 1131710681 1131710681
10565 1131710681 1131710681
8576 1131711022 1131711022
5403 1131711487 1131711487
3527 1131697478 1131711851
3527 1131712685 1131712795
7086 1131712795 1131712795
4059 1131712923 1131712923
9819 1131713306 1131713306
5691 1131713557 1131713557
9053 1131713909 1131713909
10333 1131714025 1131714025
8025 1131714025 1131714025
6076 1131714624 1131714624
8594 1131714984 1131714984
6229 1131715831 1131715831
7442 1131716065 1131716065
6022 1131716781 1131716781
6569 1131717132 1131717132
3527 1131713557 1131717984
3958 1131720957 1131720957
2086 1131721565 1131721565
9232 1131722035 1131722035
4292 1131722407 1131722407
9012 1131723017 1131723017
3779 1131723522 1131723522
10741 1131725678 1131725678
7356 1131726272 1131726272
3300 1131726513 1131726513
9922 1131726513 1131726513
415 1131727105 1131727105
10434 1131727566 1131727566
9476 1131730184 1131730184
7549 1131730426 1131730426
5786 1131731252 1131731252
6158 1131731830 1131731830
6146 1131731955 1131731955
119 1131732800 1131732800
8680 1131733550 1131733550
6387 1131734277 1131734277
11107 1131734277 1131734277
5545 1131733914 1131734523
8971 1131735022 1131735022
6319 1131735722 1131735722
5545 1131735376 1131735973
2187 1131736101 1131736101
5545 1131736718 1131737088
5545 1131737319 1131737439
5545 1131738165 1131738401
5545 1131738865 1131738865
5545 1131739353 1131739466
7176 1131739933 1131739933
5545 1131740059 1131740073
5545 1131740317 1131741167
5545 1131741532 1131741539
7885 1131741789 1131741789
5545 1131742046 1131742162
9819 1131742905 1131742905
4608 1131744444 1131744451
7016 1131745971 1131745971
1798 1131748397 1131748397
9368 1131768965 1131768965
3527 1131769915 1131769915
8785 1131773260 1131773260
2618 1131775646 1131775646
9120 1131776344 1131776344
514 1131777184 1131777184
10825 1131777191 1131777191
9438 1131777810 1131777810
9719 1131778556 1131778556
3527 1131770274 1131779025
6499 1131780104 1131780104
3522 1131780564 1131780564
10103 1131780687 1131780687
9819 1131780708 1131780715
10685 1131780715 1131780715
2473 1131781547 1131781547
9596 1131782386 1131782386
8336 1131782775 1131782775
10717 1131782258 1131782999
5770 1131782999 1131782999
8755 1131783463 1131783463
3008 1131784075 1131784075
5545 1131784302 1131784776
11111 1131785707 1131785707
4806 1131786064 1131786071
4610 1131786071 1131786071
5545 1131785355 1131786187
3868 1131786301 1131786322
10516 1131786438 1131786438
3393 1131786674 1131786674
1004 1131787300 1131787307
8630 1131787300 1131787667
11130 1131787660 1131787667
3527 1131779046 1131787794
1969 1131788029 1131788029
10306 1131788508 1131788508
6550 1131788624 1131788624
6829 1131788984 1131788991
1298 1131788991 1131788991
3527 1131788150 1131789109
10374 1131789334 1131789334
8260 1131789681 1131789681
10751 1131789937 1131789937
10487 1131790064 1131790078
83 1131791020 1131791020
3527 1131790783 1131791146
192 1131791265 1131791272
3391 1131791272 1131791272
6359 1131791861 1131791861
10554 1131791983 1131791983
10478 1131792325 1131792325
2621 1131792332 1131792332
8630 1131792691 1131792691
9369 1131792801 1131792801
3527 1131791400 1131792928
2931 1131793550 1131793550
5526 1131793557 1131793557
8972 1131793681 1131793695
3392 1131793688 1131793702
6314 1131793817 1131793817
10455 1131794049 1131794049
1608 1131794292 1131794292
2452 1131794292 1131794306
3527 1131793311 1131794431
5925 1131794921 1131794921
3527 1131794795 1131795147
7984 1131795394 1131795394
8905 1131795644 1131795644
3527 1131795519 1131795879
8336 1131795769 1131795879
3801 1131795879 1131795879
9074 1131796003 1131796003
991 1131796472 1131796472
3527 1131796600 1131796728
3527 1131797076 1131797076
3238 1131797444 1131797444
9178 1131797788 1131797788
2174 1131797788 1131797788
525 1131797788 1131797788
229 1131797908 1131797908
3707 1131797908 1131797908
7683 1131798025 1131798025
3527 1131798025 1131798025
4733 1131796345 1131798253
8093 1131797908 1131798253
2873 1131798370 1131798370
3527 1131798841 1131798841
10339 1131798950 1131798950
10203 1131798950 1131798950
3527 1131799200 1131799200
8465 1131799200 1131799200
6595 1131799214 1131799214
9479 1131799332 1131799332
3527 1131800164 1131800164
3527 1131800873 1131800995
6936 1131800995 1131800995
8025 1131801112 1131801112
8906 1131801112 1131801464
3527 1131801351 1131801581
2247 1131802283 1131802283
3527 1131802412 1131802773
1195 1131803130 1131803130
3527 1131803385 1131803385
4438 1131803864 1131803864
3527 1131804603 1131804603
7356 1131805228 1131805228
3527 1131805471 1131805478
5635 1131806084 1131806084
5862 1131806317 1131806317
7904 1131807064 1131807064
10148 1131807550 1131807550
8522 1131808021 1131808021
9330 1131813250 1131813250
4856 1131814772 1131814772
9684 1131818220 1131818220
9287 1131818812 1131818812
8093 1131819053 1131819053
1972 1131819297 1131819297
4736 1131819918 1131819918
311 1131820394 1131820394
10980 1131823010 1131823010
415 1131825095 1131825095
1823 1131825333 1131825333
4809 1131827218 1131827218
1356 1131828185 1131828185
10528 1131833696 1131833696
3707 1131855796 1131855796
2473 1131857022 1131857022
10741 1131857168 1131857168
8990 1131857883 1131858007
4311 1131858358 1131858358
3646 1131862892 1131862892
5691 1131863622 1131863629
10339 1131864115 1131864115
8089 1131866649 1131866649
1303 1131866990 1131866990
3320 1131867338 1131867338
3111 1131868798 1131868798
3678 1131869159 1131869159
9295 1131870204 1131870204
2062 1131871058 1131871058
7537 1131872470 1131872470
205 1131872702 1131872709
6826 1131872818 1131872825
8046 1131872825 1131872825
8310 1131873421 1131873421
7999 1131874376 1131874376
7962 1131875811 1131875811
2292 1131876183 1131876183
774 1131876431 1131876431
2682 1131877994 1131877994
3466 1131878104 1131878104
2417 1131878104 1131878104
8854 1131878467 1131878467
2310 1131879735 1131879735
3502 1131879975 1131879975
2113 1131879975 1131879975
4791 1131880570 1131880570
5677 1131880570 1131880570
3859 1131881381 1131881381
4679 1131883160 1131883160
2769 1131883887 1131883887
836 1131883887 1131883887
7897 1131884021 1131884021
10798 1131885899 1131885899
5027 1131886242 1131886249
3839 1131886961 1131886961
3751 1131886961 1131886961
6314 1131888421 1131888421
9859 1131888787 1131888787
7356 1131890437 1131890553
1322 1131891023 1131891023
659 1131891631 1131891631
5545 1131892111 1131892111
3502 1131892747 1131892747
4040 1131893947 1131893947
3799 1131897449 1131897449
8043 1131899741 1131899741
10565 1131899741 1131899741
4242 1131901277 1131901277
1798 1131902604 1131902604
9522 1131904418 1131904418
7302 1131935111 1131935111
8380 1131936061 1131936061
10070 1131938702 1131938702
9996 1131939070 1131939070
230 1131939186 1131939186
7064 1131939200 1131939200
5545 1131939422 1131939422
6202 1131939533 1131939533
2991 1131940345 1131940345
5580 1131940345 1131940345
9819 1131940345 1131940345
10690 1131940582 1131940582
7394 1131940589 1131940596
3425 1131941166 1131941166
8442 1131941289 1131941289
9671 1131943678 1131943678
10646 1131944402 1131944402
7207 1131945836 1131945836
9571 1131946446 1131946446
8591 1131947161 1131947161
9555 1131947406 1131947406
7295 1131948260 1131948378
3282 1131948619 1131948619
3282 1131949223 1131949223
9294 1131949340 1131949340
1597 1131949340 1131949340
464 1131949340 1131949340
4703 1131951966 1131951966
4398 1131952207 1131952207
8700 1131952573 1131952573
7207 1131952705 1131952705
4102 1131952826 1131952826
3919 1131954102 1131954102
7459 1131954693 1131954693
5752 1131954693 1131954693
4982 1131954693 1131954693
5545 1131955635 1131955635
8283 1131956330 1131956330
8464 1131956337 1131956337
10489 1131956821 1131956821
7049 1131957524 1131957524
648 1131957517 1131957640
6668 1131957762 1131957769
3983 1131958588 1131958588
9378 1131958588 1131958588
10412 1131958819 1131958819
5721 1131959195 1131959195
2393 1131959925 1131959925
1137 1131961007 1131961007
9355 1131961359 1131961359
6920 1131961606 1131961606
905 1131961721 1131961721
7207 1131962791 1131962791
9794 1131963042 1131963042
9267 1131963881 1131963881
231 1131966119 1131966126
5580 1131966730 1131966730
2637 1131966849 1131966849
6663 1131969064 1131969064
5691 1131971372 1131971372
8946 1131972688 1131972688
9299 1131973045 1131973045
1336 1131975471 1131975471
11190 1131975478 1131975478
11190 1131975711 1131975711
7394 1131976475 1131976475
10012 1131977302 1131977302
10339 1131977540 1131977540
9067 1131978014 1131978014
5506 1131978014 1131978014
1733 1131978126 1131978126
6663 1131978376 1131979086
6663 1131979576 1131979576
7352 1131980411 1131980411
10741 1131980775 1131980775
2615 1131981742 1131981742
1645 1131984949 1131984949
9794 1131986652 1131986652
9510 1131987716 1131987716
10012 1131989121 1131989121
9744 1131991089 1131991089
9916 1131991089 1131991089
6458 1131993034 1131993034
608 1131999294 1131999294
3314 1132013213 1132013213
5701 1132020016 1132020016
1114 1132022423 1132022423
7207 1132025065 1132025065
8046 1132025290 1132025290
357 1132026385 1132026385
4767 1132026781 1132026781
7105 1132027027 1132027027
1726 1132027859 1132027859
3527 1132026024 1132030348
2241 1132030967 1132030967
6569 1132031696 1132031696
2975 1132031810 1132031810
7239 1132032059 1132032059
3527 1132030704 1132033141
7207 1132033027 1132033141
2922 1132036527 1132036527
7442 1132036527 1132036527
7444 1132039145 1132039145
8766 1132039384 1132039384
1382 1132039508 1132039508
9819 1132041047 1132041047
648 1132040935 1132041630
206 1132042113 1132042113
7843 1132042349 1132042349
6261 1132042475 1132042475
2885 1132042711 1132042711
7207 1132042711 1132042711
10908 1132042963 1132042963
10900 1132042963 1132042963
7240 1132042963 1132042963
7673 1132042963 1132042963
6466 1132042963 1132042963
7207 1132043081 1132043081
4023 1132043317 1132043317
7015 1132043656 1132043663
3450 1132043656 1132043663
924 1132043663 1132043663
5139 1132044389 1132044389
9060 1132044510 1132044510
7207 1132044510 1132044510
6743 1132044629 1132044629
10373 1132045128 1132045128
8834 1132045135 1132045135
8130 1132045987 1132045987
3527 1132033503 1132046102
7176 1132046449 1132046449
5721 1132046558 1132046558
8595 1132046901 1132046901
3052 1132047036 1132047036
4198 1132048132 1132048132
3527 1132048249 1132049075
10339 1132050407 1132050407
7176 1132050880 1132050880
1114 1132051244 1132051244
3051 1132051244 1132051244
7899 1132051713 1132051713
3270 1132053167 1132053174
7019 1132053566 1132053566
5677 1132053566 1132053566
2721 1132054025 1132054025
4246 1132054032 1132054032
8642 1132054879 1132054879
5214 1132055813 1132055813
10928 1132055813 1132055813
5050 1132056057 1132056057
11393 1132056182 1132056182
3233 1132056182 1132056182
7064 1132056414 1132056414
7062 1132056414 1132056414
3563 1132056542 1132056542
3741 1132056907 1132056907
439 1132057377 1132057377
5511 1132057503 1132057503
3494 1132057612 1132057612
7308 1132057846 1132057846
9089 1132057846 1132057846
6319 1132057969 1132057969
6205 1132058221 1132058221
10608 1132059528 1132059528
8664 1132059907 1132059907
3527 1132049439 1132060023
2491 1132063847 1132063847
6319 1132064210 1132064210
10597 1132065088 1132065095
6639 1132065088 1132065095
5545 1132065449 1132065449
5307 1132067009 1132067009
6458 1132069510 1132069510
1969 1132071192 1132071192
9958 1132072779 1132072894
7176 1132075236 1132075236
9510 1132075718 1132075718
4992 1132075963 1132075963
8992 1132077141 1132077141
7360 1132077376 1132077376
3443 1132077956 1132077956
7352 1132086099 1132086099
10652 1132087339 1132087339
515 1132099381 1132099381
7302 1132101693 1132101700
1662 1132105913 1132105913
1030 1132107321 1132107321
3768 1132107321 1132107321
8905 1132107803 1132107803
9309 1132107803 1132107803
4422 1132107925 1132107925
6205 1132108151 1132108151
9270 1132108369 1132108369
10602 1132108965 1132108965
10843 1132109687 1132109687
4588 1132110427 1132110427
9510 1132112216 1132112216
5691 1132113308 1132113308
7077 1132114634 1132114634
6111 1132114760 1132114760
7470 1132115986 1132116105
9819 1132117767 1132117767
7470 1132118481 1132118481
7239 1132119302 1132119418
4244 1132120617 1132120617
9510 1132121346 1132121346
4430 1132122377 1132122377
4588 1132122609 1132122609
4961 1132123737 1132123737
8297 1132123117 1132123986
3619 1132123986 1132123986
10933 1132124113 1132124113
3918 1132125608 1132125608
1749 1132127608 1132127615
230 1132128591 1132128591
4797 1132128712 1132128712
650 1132128712 1132128712
4171 1132128823 1132128823
5545 1132129653 1132129667
9552 1132131382 1132131382
2867 1132133051 1132133051
11040 1132134736 1132134736
2867 1132134736 1132134736
8130 1132135575 1132135575
3425 1132136151 1132136151
3482 1132136271 1132136271
3897 1132137203 1132137203
5580 1132137437 1132137437
2867 1132138057 1132138057
8386 1132138671 1132138671
8899 1132139775 1132139775
9060 1132140359 1132140366
8723 1132140731 1132140731
1926 1132140731 1132140731
8557 1132141697 1132141697
5041 1132142513 1132142513
6205 1132143230 1132143230
6932 1132143461 1132143461
1926 1132143461 1132143461
8802 1132143693 1132143693
8925 1132143693 1132143693
2694 1132144168 1132144168
4438 1132144872 1132144879
3527 1132111626 1132146711
1382 1132147068 1132147068
2373 1132147316 1132147316
3475 1132147316 1132147316
3527 1132147061 1132147685
4798 1132149495 1132149495
8044 1132149969 1132149969
2045 1132152508 1132152508
4350 1132153578 1132153578
9524 1132153933 1132153933
7176 1132154659 1132154659
5545 1132156122 1132156122
4311 1132156820 1132156820
4040 1132158588 1132158588
5545 1132162050 1132162057
2198 1132163731 1132163738
7356 1132171618 1132171618
6614 1132185274 1132185274
8333 1132187637 1132187637
9303 1132190906 1132190906
9270 1132193783 1132193797
9875 1132194517 1132194517
7356 1132195496 1132195496
6627 1132195496 1132195503
4608 1132195510 1132195510
2496 1132196105 1132196105
7356 1132196941 1132196941
7207 1132197415 1132197415
142 1132197533 1132197533
458 1132197533 1132197533
10070 1132197780 1132197780
7239 1132199202 1132199202
7077 1132199675 1132199675
7207 1132199789 1132199789
3032 1132201409 1132201409
1823 1132203802 1132203802
1525 1132204373 1132204373
10188 1132204373 1132204373
7207 1132205558 1132205565
9060 1132205927 1132205927
10339 1132207018 1132207018
3982 1132207498 1132207505
6265 1132207505 1132207505
9270 1132207972 1132207972
4703 1132208337 1132208337
10953 1132209565 1132209565
532 1132209693 1132209693
7802 1132210639 1132210639
1403 1132210646 1132210646
708 1132210894 1132210894
3919 1132210894 1132210894
7404 1132211136 1132211136
864 1132211633 1132211633
2826 1132211633 1132211633
2045 1132212482 1132212482
9510 1132213075 1132213075
5752 1132214038 1132214038
7207 1132214287 1132214287
6078 1132214524 1132214524
9956 1132215768 1132215768
7876 1132214905 1132216002
6668 1132216250 1132216250
3860 1132216728 1132216728
6171 1132216841 1132216841
9355 1132217683 1132217683
10086 1132218871 1132218871
8058 1132219467 1132219467
9778 1132219700 1132219700
7006 1132219825 1132219832
7604 1132220194 1132220194
7239 1132220550 1132220550
7239 1132220914 1132220914
4980 1132221742 1132221742
2059 1132222330 1132222330
3326 1132222444 1132222444
9388 1132222818 1132222818
2725 1132222959 1132222959
2292 1132223553 1132223553
9596 1132223553 1132223553
9959 1132223680 1132223680
246 1132223680 1132223680
9875 1132224271 1132224271
9140 1132225124 1132225124
5976 1132225478 1132225478
9442 1132225832 1132225832
9023 1132225956 1132225956
10069 1132226670 1132226670
7604 1132227058 1132227058
1995 1132227173 1132227173
8557 1132227523 1132227523
7006 1132227523 1132227523
1767 1132227760 1132227760
1950 1132227760 1132227760
7239 1132227875 1132227875
6205 1132228377 1132228377
1969 1132229416 1132229416
3527 1132196465 1132230003
3527 1132230257 1132230257
9060 1132230366 1132230366
737 1132230880 1132230880
3527 1132230753 1132231748
3463 1132231868 1132231868
5884 1132232818 1132232818
6384 1132232946 1132232946
2045 1132232946 1132232946
9442 1132233559 1132233559
9510 1132235238 1132235238
4358 1132235918 1132235918
6363 1132236283 1132236283
8919 1132236883 1132236883
7482 1132237816 1132237816
9247 1132242479 1132242479
9156 1132249752 1132249752
6214 1132254679 1132254679
7979 1132270728 1132270728
2000 1132271346 1132271346
7979 1132271346 1132271467
10069 1132279200 1132279200
7979 1132279321 1132279321
9778 1132279799 1132279806
9778 1132280280 1132280280
4040 1132280737 1132280737
11394 1132281216 1132281216
7748 1132282296 1132282296
669 1132282423 1132282423
5139 1132282645 1132282645
10648 1132282652 1132282652
3527 1132281565 1132282787
7207 1132283039 1132283039
3799 1132283983 1132283983
7077 1132284956 1132284963
7956 1132285104 1132285104
548 1132285575 1132285575
2059 1132285945 1132285945
8227 1132286315 1132286322
3927 1132287641 1132287648
11167 1132287648 1132287648
11382 1132287763 1132287763
10675 1132288112 1132288112
5781 1132288112 1132288236
9742 1132289306 1132289306
4766 1132289899 1132289906
7239 1132290482 1132290482
10892 1132290591 1132290605
6750 1132291570 1132291570
7312 1132292378 1132292378
2631 1132292605 1132292605
9060 1132292967 1132292967
8130 1132292967 1132292967
9247 1132293080 1132293080
1972 1132293080 1132293080
8056 1132293689 1132293689
9270 1132293689 1132293689
9002 1132294300 1132294300
7931 1132294532 1132294539
8488 1132294539 1132294539
2056 1132295394 1132295394
5575 1132295394 1132295394
4364 1132295744 1132295744
3608 1132295969 1132295969
9743 1132297272 1132297272
9050 1132298109 1132298109
7593 1132298720 1132298720
7107 1132298960 1132298960
2631 1132299086 1132299086
1419 1132300823 1132300823
5575 1132301296 1132301296
9766 1132301538 1132301538
2911 1132301903 1132301903
521 1132302143 1132302143
3527 1132283039 1132303163
9536 1132303163 1132303163
11046 1132303285 1132303292
6920 1132303669 1132303669
8915 1132304403 1132304403
5545 1132305022 1132305022
7207 1132305754 1132305754
7258 1132306724 1132306724
2584 1132307775 1132307775
7985 1132308632 1132308632
3515 1132309354 1132309354
7321 1132309700 1132309700
7614 1132311503 1132311503
4059 1132312716 1132312716
1751 1132313088 1132313088
10067 1132313095 1132313095
6205 1132313342 1132313342
8683 1132314161 1132314161
8313 1132314510 1132314510
3165 1132314978 1132314978
2825 1132314978 1132314978
1556 1132314978 1132314985
3264 1132314985 1132314992
177 1132315222 1132315222
9522 1132315367 1132315367
2584 1132316085 1132316085
4311 1132316099 1132316099
2900 1132316944 1132316944
9955 1132317202 1132317209
6347 1132317443 1132317443
4608 1132318151 1132318151
7866 1132318765 1132318765
6892 1132320043 1132320043
3527 1132303669 1132320759
8291 1132320877 1132320877
3932 1132321266 1132321266
3527 1132321266 1132321266
5307 1132321743 1132321743
3585 1132321873 1132321873
7682 1132322001 1132322001
3897 1132322001 1132322001
3652 1132322367 1132322367
3527 1132321743 1132322497
5452 1132322497 1132322497
5214 1132323219 1132323219
6243 1132326938 1132326938
541 1132328220 1132328220
1662 1132328453 1132328453
2098 1132328572 1132328572
7064 1132328688 1132328688
61 1132329626 1132329626
7176 1132330242 1132330242
9847 1132333627 1132333627
6244 1132335381 1132335381
4627 1132343064 1132343064
6401 1132343071 1132343071
565 1132345949 1132345949
515 1132354905 1132354905
5483 1132362814 1132362814
6960 1132362955 1132362955
4538 1132363792 1132363792
10690 1132366199 1132366199
1994 1132367289 1132367289
142 1132367886 1132367886
142 1132368235 1132368235
2993 1132368841 1132368841
2535 1132368954 1132368954
7239 1132369694 1132369694
2922 1132370057 1132370057
6864 1132372015 1132372015
3600 1132372260 1132372260
7248 1132373560 1132373560
1107 1132373799 1132373799
10592 1132374270 1132374270
2935 1132375223 1132375223
8638 1132375453 1132375453
9267 1132376559 1132376559
298 1132377156 1132377156
10516 1132377747 1132377747
3707 1132378738 1132378745
10382 1132378864 1132378871
8066 1132378987 1132378987
7979 1132379480 1132379480
777 1132379721 1132379721
10012 1132379953 1132379953
5612 1132380067 1132380067
2535 1132380194 1132380194
1316 1132380303 1132380303
969 1132380428 1132380428
1788 1132380555 1132380555
3543 1132380555 1132380555
9909 1132381035 1132381035
192 1132381502 1132381502
2080 1132381502 1132381502
3527 1132377384 1132382729
429 1132382729 1132382729
1969 1132383471 1132383471
9794 1132383715 1132383715
10154 1132383960 1132383960
3527 1132384331 1132384331
239 1132384453 1132384453
3019 1132384579 1132384579
5901 1132384579 1132384579
3527 1132384579 1132384829
8495 1132384829 1132384829
6750 1132384829 1132384829
4688 1132384949 1132384949
279 1132385534 1132385534
7991 1132385534 1132385534
3331 1132385534 1132385643
10364 1132385534 1132386005
9594 1132385771 1132386019
3331 1132386005 1132386019
501 1132386261 1132386261
10206 1132386509 1132386509
7312 1132386997 1132386997
5743 1132387120 1132387120
3527 1132385193 1132387496
6138 1132387614 1132387614
242 1132387614 1132387628
8055 1132387858 1132387858
5696 1132387978 1132387978
1050 1132388831 1132388831
3254 1132389070 1132389070
6773 1132389070 1132389070
7239 1132389794 1132389794
9060 1132390025 1132390032
2946 1132390279 1132390279
10783 1132390753 1132390753
1926 1132391829 1132391829
1094 1132391829 1132391829
3356 1132391942 1132391942
2080 1132392422 1132392422
5483 1132392659 1132392659
7341 1132392666 1132392673
8003 1132392925 1132392925
8004 1132392939 1132392939
5645 1132393063 1132393063
10385 1132393189 1132393210
5327 1132393328 1132393328
8478 1132393563 1132393563
9723 1132394164 1132394164
9763 1132394290 1132394290
3347 1132394410 1132394410
9295 1132396179 1132396179
10514 1132397110 1132397110
3077 1132397110 1132397110
4538 1132397830 1132397830
1462 1132398295 1132398295
6892 1132398536 1132398536
5612 1132398536 1132398536
3527 1132398785 1132398792
10069 1132398926 1132398926
3959 1132399733 1132399733
3527 1132398933 1132400239
2877 1132400232 1132400239
9079 1132400354 1132400354
2080 1132400361 1132400361
7832 1132400474 1132400474
9294 1132400970 1132400970
7176 1132401670 1132401670
2243 1132401783 1132401783
9946 1132402508 1132402508
1127 1132402508 1132402508
9654 1132402625 1132402632
9355 1132402748 1132402748
6672 1132403348 1132403348
173 1132403586 1132403586
8322 1132403593 1132403593
1835 1132403718 1132403718
7961 1132404688 1132404688
8329 1132404828 1132404828
993 1132406131 1132406131
6019 1132406715 1132406715
6326 1132407180 1132407180
1950 1132407423 1132407423
7832 1132408395 1132408395
3540 1132408395 1132408395
10434 1132408755 1132408755
5843 1132408997 1132408997
6019 1132410100 1132410100
6619 1132410100 1132410100
3475 1132410216 1132410216
8918 1132410216 1132410216
614 1132413604 1132413604
1685 1132413958 1132413958
6835 1132418154 1132418154
5173 1132418626 1132418626
9863 1132419246 1132419246
8023 1132419492 1132419492
7604 1132420342 1132420342
8291 1132422999 1132422999
7961 1132425444 1132425451
9260 1132425590 1132425590
10999 1132425712 1132425719
7487 1132425719 1132425719
7593 1132426338 1132426345
9084 1132426338 1132426345
9260 1132426820 1132426820
5169 1132427194 1132427194
9619 1132428769 1132428769
1462 1132433116 1132433116
9924 1132433123 1132433123
1355 1132442083 1132442083
7176 1132457059 1132457059
6097 1132457180 1132457180
8037 1132461058 1132461058
9156 1132461546 1132461546
9570 1132462026 1132462026
6100 1132464173 1132464173
7787 1132464291 1132464291
5146 1132466092 1132466092
7985 1132467064 1132467064
8914 1132468274 1132468274
702 1132469474 1132469474
9367 1132470045 1132470045
6318 1132471018 1132471018
5645 1132471145 1132471152
6369 1132471638 1132471638
7176 1132472022 1132472022
8132 1132473500 1132473500
5736 1132473747 1132473747
3586 1132474218 1132474218
10308 1132474924 1132474924
7866 1132474924 1132474924
5550 1132475155 1132475155
9916 1132476923 1132476923
5146 1132477272 1132477272
2682 1132477528 1132477528
10434 1132477768 1132477768
3029 1132477768 1132477768
3482 1132477768 1132477768
3324 1132478013 1132478013
8970 1132480393 1132480393
4648 1132480874 1132480874
4022 1132480989 1132480989
2946 1132482391 1132482391
10999 1132483264 1132483264
8978 1132485782 1132485789
6997 1132486036 1132486036
2746 1132488356 1132488356
10741 1132491256 1132491256
3463 1132491380 1132491380
7604 1132497660 1132497660
6997 1132501376 1132501383
9917 1132501505 1132501505
6614 1132527143 1132527143
8905 1132531138 1132531138
231 1132534051 1132534051
10070 1132534407 1132534407
1608 1132535589 1132535589
5091 1132536187 1132536187
9140 1132536425 1132536425
6429 1132536425 1132536425
4220 1132536425 1132536425
7207 1132537860 1132537867
1800 1132538232 1132538232
1823 1132538828 1132538828
2535 1132539189 1132539189
1969 1132539553 1132539553
2762 1132539671 1132539671
4728 1132539901 1132539908
6466 1132540251 1132540251
8580 1132540504 1132540504
7985 1132541935 1132541935
8826 1132542918 1132542918
9365 1132543169 1132543169
9620 1132544588 1132544588
6686 1132547585 1132547585
1851 1132548810 1132548810
7352 1132549169 1132549169
10892 1132549779 1132549779
6668 1132550154 1132550409
5545 1132550888 1132550888
4703 1132551122 1132551122
9400 1132551249 1132551249
9378 1132551249 1132551249
