962 1130499878 1130499878
988 1130499878 1130499878
8884 1130499878 1130499878
1922 1130499878 1130499989
6095 1130499989 1130499989
5009 1130499989 1130499989
7163 1130499989 1130499989
4500 1130500106 1130500106
1606 1130500106 1130500234
9121 1130500227 1130500234
11104 1130500227 1130500234
4911 1130500234 1130500234
6498 1130500345 1130500345
8611 1130500345 1130500345
3121 1130500461 1130500461
3056 1130500461 1130500461
8907 1130500461 1130500585
8393 1130500707 1130500707
6933 1130500585 1130500830
2973 1130500830 1130500830
1464 1130500830 1130500830
7163 1130500707 1130500951
1922 1130500951 1130501075
10768 1130501075 1130501075
10365 1130501198 1130501198
2526 1130501307 1130501307
174 1130501427 1130501427
4911 1130501427 1130501427
2701 1130501427 1130501434
8438 1130501427 1130501434
4390 1130501543 1130501550
1606 1130501075 1130501557
1922 1130501427 1130501557
1418 1130501543 1130501557
7002 1130501543 1130501557
7163 1130501543 1130501557
2834 1130501557 1130501557
10166 1130501670 1130501670
2551 1130501677 1130501677
1008 1130501670 1130501803
7589 1130501803 1130501803
6972 1130501803 1130501803
5143 1130501913 1130501913
1606 1130501803 1130501919
6570 1130501913 1130501919
4465 1130501913 1130501919
4829 1130501913 1130501919
10786 1130501913 1130501919
3740 1130501919 1130501919
3656 1130502031 1130502031
7071 1130502031 1130502031
6166 1130502155 1130502155
4808 1130502155 1130502155
6875 1130502155 1130502155
10566 1130502155 1130502155
2229 1130502155 1130502155
10642 1130502264 1130502264
7163 1130502264 1130502264
1916 1130502264 1130502264
9458 1130502264 1130502264
2701 1130501913 1130502388
4829 1130502388 1130502388
6236 1130502498 1130502498
6933 1130501913 1130502725
1922 1130501913 1130502725
2229 1130502725 1130502725
6875 1130502725 1130502725
7163 1130502839 1130502839
4518 1130502839 1130502839
4569 1130502959 1130502959
1942 1130502959 1130502959
1499 1130502959 1130502959
4500 1130503081 1130503081
3716 1130503081 1130503081
6612 1130503199 1130503199
6162 1130503199 1130503199
5177 1130503309 1130503309
1922 1130503309 1130503309
6389 1130503309 1130503309
7163 1130503309 1130503316
3740 1130503437 1130503437
769 1130503550 1130503550
1922 1130503550 1130503550
11092 1130503550 1130503550
5337 1130503550 1130503550
8604 1130503550 1130503667
10421 1130503667 1130503667
6166 1130503667 1130503671
6783 1130503667 1130503671
1610 1130503667 1130503671
1730 1130503667 1130503671
8708 1130503667 1130503671
5732 1130503671 1130503671
5902 1130503794 1130503794
8719 1130503794 1130503794
1936 1130503794 1130503794
8451 1130503667 1130503913
3508 1130503794 1130503913
4106 1130503794 1130503913
4055 1130503794 1130503913
2851 1130503913 1130503913
11116 1130504026 1130504026
2229 1130504152 1130504152
5053 1130504152 1130504152
6875 1130504152 1130504152
1922 1130503794 1130504279
1537 1130504152 1130504279
3716 1130504279 1130504279
8719 1130504279 1130504279
5443 1130504279 1130504404
8819 1130504404 1130504404
2771 1130504404 1130504404
7589 1130504404 1130504404
5670 1130504523 1130504528
7163 1130503671 1130504532
4484 1130504523 1130504532
11077 1130504523 1130504532
5058 1130504523 1130504532
2470 1130504523 1130504532
3470 1130504523 1130504646
2123 1130504523 1130504646
10365 1130504646 1130504646
9262 1130504646 1130504646
9025 1130504646 1130504646
2115 1130504646 1130504646
10642 1130504646 1130504646
4787 1130504646 1130504646
10664 1130504770 1130504770
962 1130504777 1130504784
1922 1130504784 1130504784
940 1130504784 1130504784
2232 1130504784 1130504784
4044 1130504908 1130504908
10365 1130504908 1130504908
2470 1130504908 1130504908
2536 1130504908 1130504912
8456 1130504908 1130504912
7788 1130504908 1130504912
4502 1130504908 1130504912
2406 1130504912 1130504912
131 1130504912 1130504912
4777 1130504912 1130504912
2295 1130504912 1130504912
6464 1130504908 1130505024
7163 1130505024 1130505024
8932 1130505024 1130505024
1860 1130505024 1130505024
10444 1130505024 1130505024
1922 1130505024 1130505142
10704 1130505142 1130505142
10451 1130505024 1130505149
5676 1130505142 1130505149
765 1130505149 1130505149
5246 1130505142 1130505156
8308 1130505142 1130505156
345 1130505142 1130505156
4126 1130505142 1130505156
2851 1130505156 1130505156
7163 1130505156 1130505156
2150 1130505284 1130505284
8606 1130505284 1130505284
1924 1130505284 1130505284
4911 1130505284 1130505284
5237 1130505284 1130505284
2295 1130505284 1130505284
10515 1130505284 1130505418
4045 1130505531 1130505531
10054 1130505642 1130505642
11073 1130505642 1130505642
5515 1130505642 1130505642
5939 1130505531 1130505647
2851 1130505642 1130505647
8818 1130505642 1130505647
740 1130505642 1130505647
10054 1130505770 1130505770
10965 1130505770 1130505770
1860 1130505763 1130505887
9428 1130505887 1130505887
10786 1130505887 1130505887
4787 1130505887 1130505887
9359 1130505887 1130505887
9880 1130506003 1130506003
4911 1130506003 1130506003
7163 1130505531 1130506121
4140 1130506121 1130506121
4187 1130506121 1130506121
9689 1130506121 1130506121
4999 1130506121 1130506121
8818 1130506121 1130506121
9456 1130506243 1130506243
4103 1130506243 1130506243
5017 1130506243 1130506243
8884 1130506243 1130506360
9968 1130506360 1130506360
4518 1130506360 1130506360
5508 1130506360 1130506360
5142 1130506477 1130506477
9363 1130506477 1130506477
1860 1130506598 1130506598
9810 1130506360 1130506714
4617 1130506598 1130506714
5801 1130506714 1130506714
6157 1130506714 1130506714
8497 1130506714 1130506714
10706 1130506714 1130506714
9436 1130506826 1130506826
1606 1130506826 1130506826
6716 1130506360 1130506940
5508 1130506826 1130506940
5583 1130506940 1130506940
8831 1130506940 1130506940
1922 1130505763 1130507051
3309 1130506598 1130507051
845 1130507051 1130507051
10786 1130507051 1130507051
1422 1130507167 1130507167
7163 1130507282 1130507282
2793 1130507282 1130507282
9256 1130507167 1130507405
6236 1130507405 1130507405
1922 1130507528 1130507528
6179 1130507528 1130507528
4500 1130507528 1130507528
1053 1130507528 1130507528
8831 1130507648 1130507648
4808 1130507648 1130507648
3352 1130507648 1130507648
6236 1130507894 1130507894
9485 1130508012 1130508012
1013 1130508012 1130508012
2617 1130508012 1130508012
10775 1130507772 1130508018
3309 1130507894 1130508018
8907 1130508012 1130508018
6972 1130508018 1130508018
178 1130508018 1130508018
4383 1130508143 1130508143
3542 1130508143 1130508143
1606 1130507167 1130508267
1922 1130507894 1130508267
1422 1130508267 1130508267
703 1130508267 1130508267
5470 1130508267 1130508267
6596 1130508267 1130508267
3477 1130508267 1130508267
10819 1130508267 1130508267
3056 1130508381 1130508381
4140 1130508381 1130508504
8353 1130508504 1130508504
10775 1130508504 1130508504
7163 1130508504 1130508504
10226 1130508629 1130508629
7511 1130508629 1130508629
11091 1130508504 1130508752
1571 1130508752 1130508752
2055 1130508752 1130508880
9975 1130508880 1130508880
4383 1130508880 1130508880
5402 1130508880 1130508880
4971 1130508880 1130508880
6205 1130508996 1130508996
3740 1130508996 1130508996
3696 1130508996 1130508996
7429 1130508996 1130508996
6834 1130508996 1130508996
7163 1130508880 1130509111
5142 1130509111 1130509111
5676 1130509111 1130509111
5738 1130509111 1130509111
11104 1130509111 1130509111
10945 1130509232 1130509239
9423 1130509232 1130509239
5817 1130509239 1130509239
2537 1130509239 1130509239
5823 1130509355 1130509355
10965 1130509355 1130509355
2676 1130509355 1130509355
1013 1130509355 1130509355
11073 1130509355 1130509355
6721 1130509473 1130509473
8050 1130509586 1130509586
265 1130509473 1130509593
11008 1130509703 1130509703
4694 1130509703 1130509703
7422 1130509830 1130509830
4627 1130509830 1130509830
8171 1130509830 1130509830
10187 1130509830 1130509830
10578 1130509942 1130509942
5817 1130509942 1130509949
9985 1130509942 1130509949
2537 1130509703 1130510076
2817 1130510076 1130510076
5256 1130510076 1130510076
358 1130510076 1130510076
7341 1130510076 1130510076
6028 1130510076 1130510076
6903 1130509586 1130510204
1422 1130510204 1130510204
679 1130510204 1130510204
1208 1130510204 1130510204
3338 1130510204 1130510321
8195 1130510321 1130510321
8520 1130510434 1130510434
3129 1130510434 1130510434
3078 1130510434 1130510434
8050 1130510434 1130510441
10215 1130510434 1130510441
265 1130510434 1130510441
2813 1130510441 1130510441
5484 1130510685 1130510685
5890 1130510685 1130510685
5356 1130510685 1130510685
1966 1130510685 1130510685
2871 1130510809 1130510809
4013 1130510809 1130510809
2689 1130510919 1130510919
1704 1130511031 1130511031
8831 1130511031 1130511031
7700 1130511159 1130511159
3432 1130511159 1130511159
8264 1130511159 1130511159
3338 1130511268 1130511275
3980 1130511268 1130511275
4291 1130511268 1130511275
3314 1130511389 1130511389
2019 1130511502 1130511502
10221 1130511502 1130511502
7163 1130511502 1130511502
1544 1130511611 1130511611
5055 1130511611 1130511611
5523 1130511611 1130511611
9633 1130511722 1130511722
8034 1130511722 1130511722
10825 1130511722 1130511722
2388 1130511722 1130511722
5316 1130511722 1130511722
1904 1130511722 1130511722
2340 1130511722 1130511722
9150 1130511722 1130511722
5981 1130511845 1130511845
10784 1130511845 1130511845
10011 1130511845 1130511845
3245 1130511845 1130511973
9246 1130511973 1130511973
3810 1130511973 1130511973
2617 1130511973 1130511973
3689 1130511973 1130511973
4999 1130511611 1130512091
8880 1130512091 1130512091
8520 1130512091 1130512091
1848 1130512091 1130512091
8219 1130512091 1130512091
6479 1130512091 1130512217
6965 1130512217 1130512217
754 1130512217 1130512217
6863 1130512217 1130512344
5002 1130512344 1130512344
3803 1130512344 1130512344
10011 1130512217 1130512456
9246 1130512456 1130512456
9633 1130512456 1130512456
3696 1130512456 1130512456
2340 1130512456 1130512456
7700 1130512456 1130512456
8880 1130512456 1130512566
1979 1130512677 1130512677
1330 1130512217 1130512691
10969 1130512677 1130512691
710 1130512677 1130512691
2617 1130512677 1130512691
974 1130512807 1130512807
4818 1130512677 1130512814
9541 1130512807 1130512814
2074 1130512807 1130512814
3129 1130512814 1130512928
9332 1130512928 1130512935
8521 1130512928 1130512935
5749 1130512928 1130512935
8818 1130512928 1130513060
7341 1130513060 1130513067
6479 1130513060 1130513067
3803 1130513067 1130513067
1499 1130513195 1130513195
4345 1130513195 1130513195
8497 1130513195 1130513195
4686 1130513195 1130513202
5801 1130513195 1130513202
5749 1130513195 1130513202
3129 1130513202 1130513326
4544 1130513326 1130513326
7656 1130513326 1130513326
7229 1130513326 1130513326
7700 1130513326 1130513326
1985 1130513326 1130513326
9712 1130513326 1130513326
8294 1130513452 1130513452
8737 1130513452 1130513452
9441 1130513574 1130513574
5935 1130513574 1130513574
3231 1130513693 1130513693
9456 1130513693 1130513693
5658 1130513693 1130513693
8932 1130513693 1130513693
1088 1130513693 1130513693
2005 1130513810 1130513810
7163 1130513452 1130514042
9731 1130514042 1130514042
6763 1130514042 1130514042
10706 1130514042 1130514042
6803 1130514042 1130514042
5875 1130514042 1130514042
8219 1130514162 1130514162
1704 1130514271 1130514271
9712 1130514042 1130514278
7940 1130514406 1130514406
3969 1130514406 1130514406
8497 1130514406 1130514406
10141 1130514406 1130514406
671 1130514406 1130514406
5731 1130514533 1130514533
259 1130514533 1130514533
7715 1130514533 1130514540
129 1130514533 1130514540
5749 1130514533 1130514547
9710 1130514540 1130514547
6224 1130514540 1130514547
10354 1130514672 1130514672
10949 1130514672 1130514672
8984 1130514792 1130514792
3597 1130514792 1130514792
9382 1130514792 1130514792
9334 1130514792 1130514792
5801 1130514917 1130514917
2051 1130514917 1130515038
8497 1130514917 1130515045
7259 1130515038 1130515045
9646 1130515038 1130515045
1704 1130515038 1130515045
1610 1130515038 1130515045
2412 1130515038 1130515045
671 1130515172 1130515172
10141 1130515172 1130515172
8818 1130515283 1130515283
4258 1130515283 1130515283
9710 1130515283 1130515290
3995 1130515297 1130515297
10951 1130515417 1130515424
5936 1130515417 1130515424
5935 1130515417 1130515424
4773 1130515424 1130515424
10976 1130515538 1130515538
671 1130515538 1130515538
11122 1130515538 1130515538
9860 1130515538 1130515538
7345 1130515661 1130515668
3714 1130515668 1130515668
5356 1130515787 1130515787
2322 1130515787 1130515794
8713 1130515787 1130515794
8991 1130515787 1130515794
3995 1130515794 1130515794
10976 1130515905 1130515912
2169 1130515905 1130515912
8984 1130515905 1130515912
4779 1130515905 1130515912
11122 1130515912 1130515912
9363 1130515905 1130516040
2793 1130516040 1130516040
2701 1130516040 1130516040
5198 1130516040 1130516040
1985 1130516040 1130516040
7163 1130515283 1130516167
6157 1130516167 1130516167
3597 1130516167 1130516167
9334 1130516167 1130516167
7641 1130516167 1130516167
9382 1130516167 1130516167
4155 1130516167 1130516167
367 1130516282 1130516282
5906 1130516282 1130516282
10622 1130516282 1130516282
3714 1130516410 1130516410
5017 1130516410 1130516410
3542 1130516523 1130516523
7163 1130516523 1130516523
376 1130516523 1130516644
2494 1130516644 1130516644
2074 1130516644 1130516644
6804 1130516644 1130516644
5145 1130516644 1130516644
11045 1130516644 1130516644
1684 1130516644 1130516644
1724 1130516769 1130516769
5972 1130516769 1130516769
3353 1130516769 1130516769
5882 1130516881 1130516881
9082 1130516996 1130516996
10621 1130516996 1130516996
3050 1130517112 1130517112
9699 1130517112 1130517112
10622 1130517112 1130517112
2142 1130517112 1130517112
11122 1130517112 1130517112
5209 1130517112 1130517112
8223 1130517221 1130517221
7163 1130517331 1130517331
6809 1130517331 1130517331
9713 1130517443 1130517443
2169 1130517443 1130517450
6612 1130517443 1130517450
1327 1130517443 1130517450
5714 1130517565 1130517565
10659 1130517565 1130517565
197 1130517565 1130517565
9541 1130517689 1130517689
4012 1130517798 1130517798
6804 1130517798 1130517798
4927 1130517798 1130517798
4065 1130517920 1130517927
947 1130517927 1130517927
2169 1130517920 1130517934
974 1130517920 1130517934
1327 1130517920 1130517934
3848 1130517920 1130517934
10976 1130517920 1130517934
4543 1130517927 1130517934
10526 1130518175 1130518175
4927 1130518175 1130518175
5209 1130518175 1130518175
7163 1130518175 1130518175
9639 1130518303 1130518303
6612 1130518303 1130518303
4265 1130518303 1130518303
2634 1130518303 1130518303
1189 1130518303 1130518412
6677 1130518412 1130518412
9147 1130518521 1130518521
5732 1130518638 1130518756
509 1130518749 1130518756
5972 1130518872 1130518872
7163 1130518995 1130518995
10976 1130518995 1130518995
5864 1130519114 1130519114
10054 1130519114 1130519364
5732 1130519364 1130519364
5515 1130519364 1130519364
8369 1130519484 1130519484
5549 1130519484 1130519484
5864 1130519484 1130519606
4873 1130519733 1130519733
1724 1130519842 1130519842
1189 1130519842 1130519974
5501 1130519967 1130519974
265 1130519974 1130519974
8657 1130519967 1130520108
509 1130520101 1130520108
4083 1130520101 1130520108
6653 1130520101 1130520108
2192 1130520101 1130520108
4265 1130520101 1130520108
4557 1130520235 1130520235
6677 1130520235 1130520242
10369 1130520479 1130520479
82 1130520479 1130520479
4371 1130520479 1130520479
6754 1130520479 1130520479
8234 1130520605 1130520605
6653 1130520605 1130520605
6402 1130520605 1130520605
3108 1130520719 1130520719
2701 1130520719 1130520719
8369 1130520719 1130520726
10421 1130520971 1130520971
10969 1130520971 1130520971
7163 1130520605 1130521088
735 1130521207 1130521214
3725 1130521214 1130521214
5719 1130521457 1130521457
3346 1130521457 1130521571
1610 1130521571 1130521571
5174 1130521680 1130521680
747 1130521680 1130521680
7163 1130521789 1130521789
10859 1130521905 1130521905
4663 1130521789 1130522039
5577 1130521905 1130522039
3459 1130522163 1130522163
2634 1130522286 1130522286
2288 1130522286 1130522293
1044 1130522293 1130522293
5577 1130522293 1130522413
7415 1130522413 1130522413
5875 1130522524 1130522524
6896 1130522413 1130522651
7109 1130522651 1130522651
5381 1130522651 1130522651
6513 1130522884 1130522884
1610 1130523497 1130523497
1646 1130523608 1130523615
947 1130523737 1130523737
2601 1130524322 1130524329
1765 1130526552 1130526566
5939 1130526552 1130526566
5562 1130526678 1130526678
10540 1130527514 1130527521
5796 1130527990 1130527990
2601 1130528336 1130528336
3941 1130528578 1130528578
7811 1130528578 1130528578
7493 1130529413 1130529413
7848 1130530367 1130530367
3689 1130530479 1130530479
2135 1130530711 1130530711
1202 1130530711 1130530711
2007 1130532647 1130532647
3112 1130533015 1130533015
5706 1130533015 1130533022
7359 1130535448 1130535448
4237 1130536171 1130536178
4590 1130536776 1130536776
5771 1130572734 1130572734
6081 1130572859 1130572873
5771 1130573717 1130573717
5562 1130573962 1130573976
9112 1130574825 1130574825
1928 1130574951 1130574951
4913 1130574951 1130574951
2171 1130575458 1130575458
5771 1130575835 1130575835
3631 1130575963 1130575963
8080 1130575963 1130575963
5073 1130576208 1130576215
11043 1130576343 1130576343
2447 1130576343 1130576343
5395 1130576208 1130576465
6878 1130576465 1130576465
6106 1130576717 1130576717
3056 1130576831 1130576831
2652 1130576941 1130576941
5870 1130576831 1130577051
6152 1130577162 1130577162
7581 1130577162 1130577162
5395 1130577284 1130577284
6842 1130577623 1130577623
6758 1130577739 1130577739
9765 1130578002 1130578002
7163 1130578126 1130578133
5870 1130578126 1130578133
6923 1130578258 1130578258
1744 1130578258 1130578258
3581 1130578367 1130578367
845 1130578367 1130578367
9101 1130578493 1130578493
6059 1130578493 1130578493
3909 1130578619 1130578619
6923 1130578619 1130578619
1907 1130578745 1130578745
6709 1130578879 1130578879
6493 1130578992 1130578992
10299 1130578992 1130578992
9991 1130578992 1130578992
7163 1130579120 1130579120
4137 1130579120 1130579120
8063 1130579231 1130579231
11043 1130579343 1130579343
11061 1130578992 1130579459
871 1130579585 1130579585
7545 1130579585 1130579585
5846 1130579585 1130579585
3362 1130579711 1130579711
3425 1130579711 1130579711
8831 1130579711 1130579711
6758 1130579828 1130579828
8063 1130579828 1130579963
5160 1130579949 1130579963
5870 1130580087 1130580087
301 1130580206 1130580206
5727 1130580318 1130580318
4203 1130580318 1130580318
5160 1130580428 1130580428
8485 1130580546 1130580553
9829 1130580669 1130580669
7163 1130580791 1130580791
5259 1130580791 1130580791
8900 1130580791 1130580791
2344 1130580914 1130580928
3826 1130580914 1130580928
3909 1130581060 1130581188
5671 1130581188 1130581188
6493 1130581188 1130581188
5727 1130581310 1130581317
8900 1130581431 1130581431
7163 1130581546 1130581546
10820 1130581668 1130581668
3670 1130581668 1130581668
5073 1130581794 1130581794
7191 1130581794 1130581794
5968 1130581794 1130581794
5595 1130581903 1130581903
9820 1130581903 1130581903
7586 1130581903 1130581903
8746 1130581794 1130582016
5039 1130582016 1130582016
6971 1130582133 1130582133
7149 1130582133 1130582133
5403 1130582133 1130582133
6760 1130582133 1130582133
7367 1130582016 1130582256
10468 1130582256 1130582256
2719 1130582256 1130582256
773 1130582374 1130582374
3408 1130582374 1130582374
7384 1130582374 1130582374
3909 1130582374 1130582374
4595 1130582493 1130582493
6511 1130582493 1130582493
10820 1130582493 1130582493
7163 1130582493 1130582493
4031 1130582493 1130582493
6085 1130582614 1130582614
10299 1130582614 1130582614
631 1130582614 1130582614
8741 1130582735 1130582735
1445 1130582735 1130582735
9306 1130582858 1130582858
3909 1130582858 1130582858
7163 1130582858 1130582858
1171 1130582983 1130582983
3362 1130582983 1130582983
4307 1130583107 1130583107
4424 1130583225 1130583225
4218 1130583225 1130583232
7619 1130583225 1130583232
5711 1130583232 1130583232
10299 1130583225 1130583350
6493 1130583350 1130583350
8575 1130583350 1130583350
9208 1130583350 1130583477
2938 1130583477 1130583477
1854 1130583477 1130583477
2012 1130583477 1130583477
10820 1130583477 1130583477
6149 1130583477 1130583477
1949 1130583477 1130583477
5007 1130583477 1130583477
9628 1130583591 1130583598
5770 1130583711 1130583711
7545 1130583711 1130583711
10253 1130583828 1130583828
5007 1130583828 1130583828
6515 1130583828 1130583828
1589 1130583952 1130583952
5039 1130583828 1130584067
5061 1130584067 1130584067
1648 1130584067 1130584067
4913 1130584067 1130584067
106 1130584195 1130584195
9569 1130584195 1130584195
3406 1130584195 1130584202
1825 1130584202 1130584321
6579 1130584321 1130584321
9991 1130584321 1130584446
6085 1130584446 1130584446
4031 1130584446 1130584446
3354 1130584446 1130584446
9820 1130584571 1130584578
4261 1130584578 1130584578
6736 1130584571 1130584701
1171 1130584701 1130584701
6515 1130584701 1130584701
4031 1130584701 1130584701
6520 1130584321 1130584817
2909 1130584817 1130584817
1681 1130584817 1130584817
5166 1130584926 1130584926
5502 1130584926 1130584926
722 1130584926 1130584926
343 1130584926 1130584926
6253 1130584926 1130585037
3598 1130585037 1130585037
3406 1130585037 1130585037
3375 1130585164 1130585164
9820 1130585164 1130585164
5595 1130585164 1130585164
1180 1130585283 1130585283
7032 1130585283 1130585283
1883 1130585164 1130585397
8212 1130585164 1130585397
9275 1130585283 1130585397
5166 1130585397 1130585397
6493 1130585397 1130585397
4218 1130585397 1130585397
5481 1130585397 1130585397
1445 1130585397 1130585397
4440 1130585512 1130585512
627 1130585512 1130585512
5273 1130585512 1130585512
4514 1130585512 1130585512
8244 1130585512 1130585512
271 1130585512 1130585512
6253 1130585636 1130585636
11097 1130585636 1130585636
722 1130585636 1130585636
260 1130585636 1130585636
8634 1130585636 1130585754
7315 1130585754 1130585754
8699 1130585754 1130585754
2861 1130585754 1130585754
2813 1130585283 1130585864
7163 1130585512 1130585864
4569 1130585636 1130585864
1445 1130585864 1130585864
9459 1130585864 1130585864
5806 1130585864 1130585864
1488 1130585864 1130585864
4338 1130585864 1130585864
8238 1130586086 1130586086
1433 1130586086 1130586086
689 1130586197 1130586197
10298 1130586197 1130586197
9918 1130586197 1130586197
9628 1130586086 1130586311
3341 1130586311 1130586311
3354 1130586311 1130586311
6331 1130586311 1130586425
9844 1130586425 1130586425
10359 1130586425 1130586425
8400 1130586425 1130586425
5656 1130586425 1130586425
1041 1130586311 1130586551
2390 1130586551 1130586551
9253 1130586551 1130586551
5991 1130586673 1130586673
7583 1130586673 1130586673
8900 1130586791 1130586791
1065 1130586425 1130586910
176 1130586791 1130586910
7824 1130586910 1130586910
3670 1130587028 1130587028
3643 1130586910 1130587137
8718 1130587137 1130587137
7615 1130587137 1130587137
4825 1130587028 1130587251
224 1130587251 1130587251
5812 1130587251 1130587251
4307 1130587251 1130587251
1744 1130587251 1130587251
8449 1130587251 1130587251
2923 1130587251 1130587379
4427 1130587379 1130587379
2840 1130587379 1130587379
10225 1130587379 1130587379
1040 1130587379 1130587379
3365 1130587492 1130587492
9505 1130587492 1130587492
895 1130587492 1130587492
10209 1130587379 1130587606
5147 1130587606 1130587606
6557 1130587606 1130587606
8781 1130587606 1130587606
10384 1130587606 1130587606
4595 1130587606 1130587606
916 1130587606 1130587606
520 1130587721 1130587721
5157 1130587721 1130587721
5269 1130587721 1130587721
7456 1130587721 1130587721
4338 1130587833 1130587833
9816 1130587833 1130587833
7367 1130587833 1130587840
9306 1130587833 1130587840
1538 1130587833 1130587840
6742 1130587833 1130587840
8624 1130587840 1130587840
6503 1130587840 1130587840
9844 1130587840 1130587840
3598 1130587965 1130587965
5024 1130587965 1130587965
2331 1130587965 1130587965
6698 1130588084 1130588084
3028 1130588084 1130588084
1507 1130588084 1130588084
8987 1130588084 1130588084
2375 1130588084 1130588091
6579 1130588084 1130588098
7163 1130588225 1130588225
5931 1130588225 1130588225
7367 1130588225 1130588225
9889 1130588225 1130588225
5932 1130588225 1130588225
4218 1130588225 1130588225
224 1130588225 1130588225
3738 1130588084 1130588344
7384 1130588344 1130588344
5559 1130588344 1130588465
9123 1130588465 1130588465
8455 1130588465 1130588465
6999 1130588465 1130588465
1687 1130588465 1130588465
2375 1130588580 1130588580
2374 1130588580 1130588580
4352 1130588580 1130588580
9780 1130588705 1130588705
6580 1130588705 1130588705
8079 1130588705 1130588705
11094 1130588705 1130588705
6698 1130588830 1130588830
7163 1130588957 1130588957
10496 1130588957 1130588957
1062 1130588957 1130588957
5960 1130588957 1130588957
6761 1130589073 1130589073
10758 1130589073 1130589073
7913 1130589073 1130589073
6531 1130589073 1130589073
1297 1130589073 1130589073
6465 1130589192 1130589192
8746 1130589192 1130589192
5790 1130589192 1130589192
2660 1130589307 1130589307
8685 1130588957 1130589314
2083 1130589307 1130589314
1062 1130589307 1130589314
7042 1130589426 1130589426
9546 1130589426 1130589426
5825 1130589426 1130589426
5949 1130589426 1130589426
916 1130589426 1130589426
5747 1130589426 1130589553
2964 1130589553 1130589553
5392 1130589553 1130589553
10142 1130589553 1130589553
6877 1130589553 1130589553
7879 1130589553 1130589553
3925 1130589553 1130589553
10777 1130589553 1130589553
7163 1130589307 1130589664
8238 1130589664 1130589664
6505 1130589664 1130589664
8685 1130589776 1130589776
5155 1130589776 1130589776
8744 1130589776 1130589776
3869 1130589776 1130589776
8764 1130589895 1130589895
5094 1130589895 1130589895
1674 1130589895 1130589895
845 1130589895 1130589895
4172 1130589895 1130589895
6016 1130589895 1130589895
2083 1130590017 1130590017
5602 1130590017 1130590017
5393 1130590017 1130590017
1791 1130590134 1130590134
8670 1130590134 1130590134
4561 1130590134 1130590134
6277 1130590134 1130590134
7163 1130590134 1130590134
1166 1130590244 1130590244
2502 1130590244 1130590244
1595 1130590244 1130590366
5849 1130590366 1130590366
8247 1130590488 1130590488
2840 1130590488 1130590488
10794 1130590488 1130590488
2418 1130590488 1130590488
2368 1130590602 1130590602
6698 1130590602 1130590602
3312 1130590602 1130590602
7526 1130590602 1130590602
3721 1130590602 1130590724
2840 1130590724 1130590724
6005 1130590717 1130590731
870 1130590717 1130590731
5673 1130590717 1130590731
10190 1130590717 1130590731
9593 1130590724 1130590731
132 1130590731 1130590731
5425 1130590852 1130590852
2633 1130590852 1130590852
10047 1130590852 1130590852
2660 1130590852 1130590852
4251 1130590852 1130590852
3925 1130590852 1130590963
5747 1130590963 1130590963
3831 1130590963 1130590963
6087 1130590963 1130590963
6984 1130591085 1130591085
7241 1130591085 1130591085
7163 1130591085 1130591085
5392 1130591085 1130591085
5440 1130591085 1130591085
8550 1130591212 1130591212
4792 1130591212 1130591219
6385 1130591219 1130591219
3316 1130591342 1130591342
10757 1130591342 1130591342
3831 1130591342 1130591467
4097 1130591467 1130591467
4072 1130591467 1130591467
7304 1130591467 1130591467
5931 1130591594 1130591594
10909 1130591594 1130591594
4792 1130591594 1130591594
6742 1130591594 1130591594
7163 1130591594 1130591594
9107 1130591594 1130591715
6971 1130591715 1130591715
6545 1130591715 1130591824
5932 1130591824 1130591824
4711 1130591824 1130591824
11057 1130591824 1130591824
8744 1130591715 1130591935
3104 1130591935 1130591935
3895 1130591935 1130591935
4032 1130591935 1130591938
8455 1130591935 1130591938
2350 1130591938 1130591938
5188 1130591938 1130591938
5217 1130591938 1130591938
8550 1130591938 1130591938
2293 1130591938 1130591938
8987 1130592061 1130592061
4525 1130592061 1130592061
520 1130591935 1130592067
1652 1130592061 1130592067
3688 1130592067 1130592067
4792 1130592185 1130592185
3140 1130592185 1130592185
9459 1130592185 1130592185
6846 1130592185 1130592185
2595 1130592185 1130592185
2502 1130591085 1130592299
5682 1130592061 1130592299
10341 1130592299 1130592299
10241 1130592299 1130592299
8213 1130592299 1130592299
1147 1130592299 1130592299
3427 1130592061 1130592422
9567 1130592422 1130592422
4754 1130592422 1130592427
709 1130592422 1130592427
10522 1130592422 1130592427
4431 1130592422 1130592427
3128 1130592422 1130592427
6324 1130592427 1130592427
1159 1130592427 1130592427
3445 1130592543 1130592543
5529 1130592543 1130592543
10293 1130592543 1130592543
3576 1130592543 1130592543
3687 1130591935 1130592660
10190 1130592660 1130592660
9052 1130592660 1130592660
8987 1130592660 1130592660
5437 1130592786 1130592786
3895 1130592660 1130592907
8213 1130592786 1130592907
10177 1130592907 1130592907
3445 1130593019 1130593019
4727 1130593019 1130593019
3128 1130593019 1130593019
5188 1130593019 1130593019
10142 1130593019 1130593019
8094 1130593019 1130593019
10563 1130593140 1130593140
6005 1130593140 1130593140
5673 1130593140 1130593140
9867 1130593019 1130593267
1007 1130593267 1130593267
3427 1130593267 1130593267
3338 1130593267 1130593267
9509 1130593267 1130593267
411 1130593391 1130593391
4431 1130593391 1130593391
10878 1130593391 1130593391
4453 1130593391 1130593391
2214 1130593391 1130593391
4251 1130593508 1130593508
1141 1130593508 1130593515
6610 1130593515 1130593515
9920 1130593508 1130593519
8849 1130593508 1130593519
3544 1130593515 1130593519
6623 1130593515 1130593519
1656 1130593515 1130593519
646 1130593515 1130593519
7219 1130593519 1130593519
6746 1130593519 1130593519
8811 1130593638 1130593638
7721 1130593638 1130593638
537 1130593638 1130593638
8536 1130593638 1130593638
7263 1130593638 1130593638
4077 1130593638 1130593766
9509 1130593766 1130593766
7163 1130593766 1130593766
4988 1130593885 1130593885
3738 1130593885 1130593885
2576 1130593885 1130593885
4124 1130593885 1130593885
1363 1130593997 1130593997
11011 1130593997 1130593997
3854 1130593997 1130593997
8360 1130593997 1130593997
1274 1130593997 1130593997
9799 1130593997 1130593997
9931 1130593997 1130593997
2286 1130593885 1130594124
6623 1130594124 1130594124
6410 1130594124 1130594124
2116 1130594124 1130594124
10293 1130594124 1130594124
2633 1130594124 1130594124
4120 1130594248 1130594248
348 1130594248 1130594248
2433 1130594248 1130594248
1656 1130594370 1130594370
1274 1130594370 1130594370
8811 1130594370 1130594370
10647 1130594370 1130594370
10432 1130594370 1130594370
9165 1130594370 1130594497
10490 1130594497 1130594497
10991 1130594497 1130594497
2106 1130594497 1130594497
7973 1130594497 1130594497
2527 1130594497 1130594497
9567 1130594609 1130594609
6396 1130594609 1130594609
6761 1130594609 1130594609
5590 1130594248 1130594614
7163 1130594497 1130594614
10040 1130594609 1130594614
7506 1130594609 1130594614
11006 1130594614 1130594614
2595 1130594614 1130594614
4914 1130594736 1130594736
3985 1130594736 1130594743
321 1130594743 1130594743
1297 1130594609 1130594871
5358 1130594871 1130594871
961 1130594871 1130594871
4019 1130594871 1130594871
4194 1130594871 1130594871
5188 1130594871 1130594871
4754 1130594871 1130594871
8065 1130594997 1130594997
7581 1130594997 1130594997
3895 1130594997 1130595009
8868 1130595002 1130595009
1909 1130595009 1130595013
9064 1130595013 1130595013
6324 1130595013 1130595013
6984 1130594997 1130595017
5590 1130594997 1130595017
3033 1130594997 1130595017
8397 1130595002 1130595017
1297 1130595009 1130595017
411 1130595013 1130595017
11011 1130595013 1130595017
6615 1130594736 1130595136
10823 1130594997 1130595136
775 1130595136 1130595136
2433 1130595136 1130595136
4035 1130595136 1130595136
638 1130595136 1130595136
350 1130595136 1130595136
9165 1130595136 1130595252
4663 1130595252 1130595252
3249 1130595252 1130595252
2412 1130595252 1130595252
3935 1130595252 1130595252
877 1130595368 1130595368
2630 1130595368 1130595375
4988 1130595368 1130595375
9472 1130595368 1130595375
7526 1130595368 1130595375
5410 1130595375 1130595375
4925 1130595252 1130595502
8492 1130595502 1130595502
10543 1130595502 1130595502
7163 1130595502 1130595502
1807 1130595502 1130595502
4727 1130595502 1130595502
9920 1130595502 1130595623
8707 1130595502 1130595623
8468 1130595623 1130595623
3020 1130595623 1130595623
5801 1130595744 1130595744
4547 1130595744 1130595744
6000 1130595744 1130595744
4922 1130595744 1130595744
3468 1130595744 1130595744
3033 1130595744 1130595744
8497 1130595744 1130595744
1224 1130595859 1130595859
6527 1130595859 1130595859
1515 1130595992 1130595992
10878 1130595985 1130595999
2950 1130595985 1130595999
6662 1130595985 1130596006
7436 1130595985 1130596006
5732 1130595985 1130596006
7503 1130595999 1130596006
2916 1130596006 1130596006
4762 1130596006 1130596006
3468 1130596130 1130596130
4440 1130596130 1130596130
8892 1130596130 1130596130
7004 1130596130 1130596130
2832 1130595623 1130596244
6907 1130595999 1130596244
4161 1130596244 1130596244
3028 1130596244 1130596244
7760 1130596244 1130596244
4932 1130596244 1130596244
635 1130596371 1130596371
2713 1130596371 1130596371
1449 1130596244 1130596378
5131 1130596371 1130596378
4278 1130596371 1130596378
7219 1130596371 1130596378
10133 1130596371 1130596378
4620 1130596378 1130596378
731 1130596488 1130596488
4206 1130596488 1130596488
9248 1130596488 1130596488
8694 1130596488 1130596488
1180 1130596488 1130596488
10647 1130596378 1130596599
295 1130596488 1130596599
3935 1130596599 1130596599
3977 1130596599 1130596599
8809 1130596599 1130596599
10530 1130596599 1130596599
11113 1130596599 1130596599
9825 1130596378 1130596712
4620 1130596712 1130596712
7760 1130596712 1130596712
6907 1130596712 1130596712
4908 1130596712 1130596712
10212 1130596712 1130596712
2909 1130596712 1130596712
11011 1130596836 1130596836
1931 1130596836 1130596836
9971 1130596836 1130596836
7422 1130596836 1130596836
4261 1130596959 1130596966
5131 1130596959 1130596966
7576 1130596966 1130596966
7503 1130596966 1130596966
8415 1130596966 1130596966
7241 1130596959 1130597082
11003 1130596959 1130597082
5382 1130597082 1130597082
2595 1130596712 1130597208
6662 1130597208 1130597208
9285 1130597208 1130597208
9217 1130597208 1130597208
3922 1130597208 1130597208
10639 1130597208 1130597331
5131 1130597331 1130597331
5119 1130597331 1130597331
2527 1130597331 1130597331
8301 1130597331 1130597331
1515 1130597459 1130597459
7953 1130597459 1130597459
8978 1130597459 1130597459
8318 1130597459 1130597459
3931 1130597573 1130597573
10596 1130597573 1130597573
6206 1130597573 1130597580
8277 1130597573 1130597580
3128 1130597573 1130597580
2412 1130597580 1130597580
6836 1130597459 1130597699
2308 1130597699 1130597699
6906 1130597699 1130597699
8698 1130597699 1130597699
10981 1130597811 1130597811
1515 1130597811 1130597811
1646 1130597811 1130597811
2172 1130597921 1130597921
5432 1130597921 1130597921
583 1130597921 1130597921
3761 1130597921 1130597921
2713 1130597921 1130597921
4752 1130597921 1130597921
7163 1130597921 1130597921
295 1130597811 1130598045
4904 1130598045 1130598045
3922 1130598045 1130598045
6218 1130598045 1130598045
7194 1130598045 1130598045
9491 1130597699 1130598168
1449 1130598168 1130598168
10492 1130598168 1130598168
5288 1130598168 1130598168
1224 1130598168 1130598168
5181 1130598168 1130598168
10981 1130598284 1130598284
4120 1130598284 1130598291
10022 1130598284 1130598291
6025 1130598284 1130598291
1362 1130598284 1130598291
1979 1130598291 1130598291
1260 1130598291 1130598291
3812 1130598284 1130598409
6984 1130598409 1130598409
6324 1130598409 1130598409
5382 1130598409 1130598409
3687 1130598409 1130598522
10492 1130598409 1130598522
5840 1130598522 1130598522
6253 1130598522 1130598522
722 1130598522 1130598522
3365 1130598522 1130598522
2546 1130598409 1130598640
8702 1130598640 1130598640
10046 1130598640 1130598640
3604 1130598640 1130598640
6352 1130598640 1130598640
6541 1130598755 1130598755
9664 1130598755 1130598755
2527 1130598755 1130598755
2778 1130598755 1130598755
1555 1130598878 1130598878
3666 1130598878 1130598878
2008 1130599004 1130599004
10870 1130599004 1130599004
6253 1130599004 1130599004
5366 1130598168 1130599125
1515 1130598755 1130599125
6847 1130599125 1130599125
5338 1130599004 1130599236
6896 1130599125 1130599236
2074 1130599236 1130599236
7434 1130599236 1130599236
906 1130599236 1130599236
2546 1130599236 1130599236
10543 1130599236 1130599236
9465 1130599236 1130599236
2331 1130599346 1130599346
9590 1130599346 1130599346
9058 1130599346 1130599346
7187 1130599469 1130599469
6218 1130599469 1130599469
709 1130599469 1130599469
10700 1130599469 1130599469
4318 1130599469 1130599469
7180 1130599469 1130599469
4497 1130599469 1130599469
6206 1130599469 1130599592
10064 1130599592 1130599592
2074 1130599592 1130599592
8742 1130599585 1130599596
7163 1130599585 1130599596
2008 1130599585 1130599596
7335 1130599592 1130599596
5687 1130599592 1130599596
9058 1130599596 1130599596
10278 1130599596 1130599596
6009 1130599717 1130599717
6218 1130599717 1130599717
566 1130599717 1130599717
5440 1130599717 1130599717
5255 1130599717 1130599826
8195 1130599826 1130599826
1459 1130599826 1130599826
1048 1130599826 1130599826
2400 1130599826 1130599826
2331 1130599717 1130599952
5682 1130599717 1130599952
9083 1130599952 1130599952
11015 1130599952 1130599952
2024 1130599952 1130600064
7163 1130599952 1130600064
11122 1130600064 1130600064
3354 1130600064 1130600064
3964 1130600064 1130600064
9465 1130600064 1130600064
2387 1130600064 1130600064
6391 1130600178 1130600178
8927 1130600178 1130600178
10847 1130600064 1130600185
7943 1130599952 1130600191
3606 1130600178 1130600191
11015 1130600185 1130600191
6055 1130600185 1130600191
1914 1130600191 1130600191
2331 1130600191 1130600191
5032 1130600310 1130600310
5770 1130600310 1130600310
6391 1130600310 1130600310
4737 1130600310 1130600310
6144 1130600178 1130600313
6662 1130600185 1130600313
5326 1130600310 1130600313
5968 1130600310 1130600313
9058 1130600313 1130600313
8742 1130600313 1130600313
3461 1130600313 1130600313
1500 1130600313 1130600313
10492 1130600426 1130600426
1459 1130600426 1130600433
171 1130600433 1130600433
3354 1130600426 1130600440
3281 1130600426 1130600440
11132 1130600433 1130600440
10929 1130600440 1130600440
6896 1130600426 1130600562
3648 1130600562 1130600562
6391 1130600562 1130600562
4318 1130600562 1130600562
4497 1130600562 1130600562
8475 1130600562 1130600562
5366 1130599596 1130600681
7004 1130600681 1130600681
845 1130600681 1130600681
2439 1130600681 1130600681
3393 1130600681 1130600681
10697 1130600681 1130600681
9653 1130600562 1130600802
6055 1130600802 1130600802
4469 1130600802 1130600802
1044 1130600802 1130600802
8615 1130600802 1130600802
9918 1130600802 1130600802
4202 1130600930 1130600930
4737 1130600930 1130600930
7180 1130600930 1130600930
6391 1130600930 1130600930
1780 1130600930 1130600930
2331 1130600426 1130601042
10789 1130601042 1130601042
7913 1130601042 1130601042
3999 1130601158 1130601158
7750 1130601158 1130601158
883 1130601158 1130601158
7531 1130601281 1130601281
493 1130601281 1130601281
9083 1130601281 1130601281
7970 1130601158 1130601409
6410 1130601409 1130601409
1125 1130601409 1130601409
4431 1130601409 1130601409
6833 1130601528 1130601528
4238 1130601528 1130601528
3354 1130601528 1130601528
2331 1130601409 1130601653
9664 1130601528 1130601653
5796 1130601653 1130601653
2350 1130601653 1130601653
1188 1130601653 1130601653
6541 1130601653 1130601653
7576 1130601653 1130601653
2308 1130601770 1130601770
8030 1130601770 1130601770
1398 1130601770 1130601770
9780 1130601770 1130601777
6218 1130601770 1130601777
3655 1130601770 1130601777
979 1130601897 1130601897
4914 1130601042 1130601901
327 1130601777 1130601901
8554 1130601897 1130601901
6352 1130601897 1130601901
8515 1130601897 1130601901
289 1130601897 1130601901
2712 1130601897 1130601901
10543 1130601901 1130601901
11128 1130602012 1130602012
1736 1130602012 1130602012
8998 1130602012 1130602012
8728 1130602012 1130602141
5623 1130602134 1130602141
4765 1130602134 1130602141
3390 1130602141 1130602141
5205 1130602141 1130602141
9545 1130602257 1130602257
7163 1130602257 1130602257
8818 1130602257 1130602257
9771 1130602372 1130602372
4101 1130602372 1130602372
9572 1130602372 1130602372
6800 1130602372 1130602372
3452 1130602372 1130602372
6439 1130602372 1130602372
3648 1130602372 1130602372
8728 1130602609 1130602609
6633 1130602609 1130602609
5683 1130602609 1130602609
2940 1130602609 1130602609
4497 1130602609 1130602609
7163 1130602609 1130602609
4086 1130602723 1130602723
6833 1130602730 1130602730
8998 1130602730 1130602730
7919 1130602730 1130602843
7496 1130602843 1130602843
7217 1130602843 1130602843
4216 1130602843 1130602843
3692 1130602843 1130602843
4188 1130602843 1130602843
7943 1130602843 1130602843
3935 1130602723 1130602956
10064 1130602956 1130602956
4972 1130602956 1130602956
3996 1130602956 1130602956
7187 1130603081 1130603081
2898 1130603081 1130603081
2479 1130603081 1130603081
4178 1130603081 1130603081
617 1130603081 1130603081
4318 1130603081 1130603081
10054 1130603081 1130603200
9361 1130603081 1130603200
4282 1130603200 1130603200
4101 1130603200 1130603200
5341 1130603200 1130603200
2940 1130603200 1130603200
9387 1130603200 1130603200
7374 1130603315 1130603315
3765 1130603315 1130603315
6701 1130603315 1130603315
11103 1130603315 1130603315
9276 1130603315 1130603315
8927 1130603432 1130603432
7968 1130603432 1130603439
1570 1130603432 1130603439
10378 1130603432 1130603439
7156 1130603432 1130603439
5670 1130603558 1130603558
9107 1130603558 1130603558
5487 1130603670 1130603670
11144 1130603670 1130603670
4819 1130603670 1130603670
2940 1130603670 1130603670
10847 1130603558 1130603796
4019 1130603918 1130603918
4972 1130604041 1130604041
8090 1130604041 1130604041
1721 1130604041 1130604041
4301 1130604041 1130604041
5602 1130604041 1130604041
7968 1130604041 1130604041
3996 1130604160 1130604160
4086 1130604160 1130604160
8998 1130604041 1130604165
6707 1130604160 1130604165
4352 1130604160 1130604165
5495 1130604160 1130604165
4776 1130604160 1130604165
3369 1130604160 1130604165
8237 1130604165 1130604165
4819 1130604281 1130604281
3999 1130604281 1130604281
6933 1130604281 1130604281
7163 1130604281 1130604399
3942 1130604399 1130604399
9387 1130604165 1130604515
7775 1130604515 1130604515
2775 1130604625 1130604625
2387 1130604735 1130604735
2961 1130604735 1130604735
10829 1130604735 1130604735
11128 1130604735 1130604735
6002 1130604625 1130604852
5380 1130604852 1130604852
7741 1130604852 1130604852
4819 1130604852 1130604852
4929 1130604852 1130604852
6577 1130604852 1130604852
2767 1130604852 1130604852
10261 1130604852 1130604967
3461 1130604967 1130604967
8554 1130604967 1130604967
2676 1130604967 1130604967
6361 1130604735 1130605076
5848 1130604967 1130605076
10829 1130605076 1130605076
4178 1130605076 1130605076
6833 1130605076 1130605076
8818 1130605201 1130605208
4819 1130605320 1130605320
11076 1130605320 1130605320
3929 1130605320 1130605320
7163 1130605320 1130605320
74 1130605320 1130605320
9545 1130605444 1130605444
3999 1130605444 1130605444
9390 1130605568 1130605568
11206 1130605568 1130605568
1775 1130605568 1130605685
2961 1130605685 1130605685
5341 1130605685 1130605685
2195 1130605685 1130605685
7741 1130605201 1130605801
10442 1130605801 1130605801
4269 1130605801 1130605801
8449 1130605801 1130605801
6577 1130605801 1130605920
2957 1130605920 1130605920
6744 1130606046 1130606046
11076 1130606046 1130606046
1887 1130606046 1130606172
5826 1130606172 1130606172
5272 1130606172 1130606172
4178 1130606172 1130606172
5726 1130606172 1130606172
4879 1130606172 1130606172
7187 1130606172 1130606172
978 1130606172 1130606172
6577 1130606282 1130606282
4907 1130606282 1130606282
10543 1130606282 1130606282
2904 1130605920 1130606397
3432 1130606397 1130606397
5380 1130606522 1130606529
1629 1130606529 1130606529
11128 1130606397 1130606655
4440 1130606662 1130606662
7374 1130606784 1130606805
9590 1130606791 1130606805
10442 1130606929 1130606929
10170 1130606929 1130606929
10829 1130606929 1130606929
8237 1130607175 1130607175
4672 1130607175 1130607175
3648 1130607306 1130607306
3369 1130607306 1130607306
7415 1130607432 1130607432
7610 1130607554 1130607561
7970 1130607554 1130607561
1736 1130607807 1130607807
7163 1130607921 1130607921
6478 1130607921 1130607921
4685 1130608040 1130608040
5018 1130608160 1130608160
1629 1130608160 1130608160
3369 1130608287 1130608301
7688 1130608287 1130608301
7220 1130608425 1130608432
6203 1130608425 1130608432
8547 1130608425 1130608432
7163 1130608543 1130608670
2940 1130609156 1130609156
7163 1130609033 1130609265
1390 1130609265 1130609265
10046 1130609619 1130609619
3581 1130609728 1130609728
963 1130609978 1130609978
2479 1130610838 1130610838
10227 1130611929 1130611929
3590 1130612397 1130612397
10834 1130612397 1130612397
7296 1130612397 1130612397
5641 1130612397 1130612397
3719 1130612747 1130612747
1736 1130613715 1130613715
4972 1130614289 1130614289
8193 1130614289 1130614289
4868 1130614876 1130614876
4868 1130615237 1130615244
2039 1130615359 1130615359
5933 1130615974 1130615981
9004 1130616102 1130616102
2202 1130616102 1130616102
4492 1130616213 1130616323
10576 1130616445 1130616452
2804 1130616703 1130616703
6591 1130616831 1130616831
9663 1130616831 1130616831
5575 1130617682 1130617682
5301 1130617919 1130617919
7966 1130618622 1130618622
2202 1130618851 1130618851
9004 1130618851 1130618851
10821 1130618964 1130618964
1621 1130621809 1130621809
3039 1130621689 1130621926
704 1130621919 1130621926
8247 1130665281 1130665281
9535 1130665401 1130665401
8783 1130665523 1130665523
6845 1130665523 1130665523
2285 1130666130 1130666130
5706 1130666244 1130666244
11123 1130666372 1130666379
11123 1130666746 1130666746
2285 1130666856 1130666856
7163 1130666856 1130666856
6816 1130667728 1130667728
10001 1130667984 1130667984
4135 1130668345 1130668345
9360 1130668465 1130668465
8842 1130668465 1130668465
184 1130668465 1130668581
490 1130668581 1130668595
3908 1130668707 1130668707
8349 1130669782 1130669782
1687 1130670023 1130670023
6956 1130670023 1130670023
705 1130670149 1130670149
191 1130670499 1130670499
1502 1130670381 1130670616
1598 1130670616 1130670616
8813 1130670616 1130670616
8794 1130670616 1130670616
7163 1130670730 1130670730
1594 1130670730 1130670730
3311 1130670852 1130670852
9282 1130670963 1130670963
9104 1130670963 1130670963
9801 1130671072 1130671072
6125 1130671072 1130671193
9360 1130671304 1130671304
7163 1130671304 1130671304
3310 1130671304 1130671304
1502 1130671414 1130671414
8607 1130671414 1130671414
9752 1130671534 1130671534
8794 1130671534 1130671534
7064 1130671534 1130671534
1502 1130671886 1130671886
3260 1130671886 1130671893
4730 1130671886 1130671893
7078 1130672120 1130672120
6139 1130672246 1130672246
2988 1130672246 1130672246
4575 1130672367 1130672367
75 1130672367 1130672367
8349 1130672246 1130672501
8240 1130672494 1130672501
4896 1130672494 1130672501
4718 1130672494 1130672501
842 1130672501 1130672501
9513 1130672501 1130672501
344 1130672612 1130672612
3395 1130672612 1130672612
2988 1130672612 1130672856
3899 1130672734 1130672856
8466 1130672856 1130672856
8189 1130672856 1130672856
6738 1130672856 1130672856
2510 1130672856 1130672856
10164 1130672856 1130672856
10094 1130672978 1130672978
4830 1130672978 1130672978
6956 1130672734 1130673097
7064 1130673097 1130673097
9104 1130673097 1130673097
7977 1130673220 1130673220
7078 1130673220 1130673220
3254 1130673333 1130673333
9535 1130673445 1130673445
344 1130673445 1130673445
6049 1130673556 1130673556
9659 1130673556 1130673556
8686 1130673556 1130673556
3501 1130673220 1130673674
4985 1130673788 1130673788
8240 1130673788 1130673788
10272 1130673788 1130673788
4575 1130673788 1130673788
10300 1130673916 1130673916
3473 1130673916 1130673916
7976 1130673916 1130673916
4432 1130674032 1130674032
2290 1130674032 1130674032
3501 1130674159 1130674159
1492 1130674159 1130674159
4481 1130674159 1130674159
10010 1130674159 1130674159
5381 1130674274 1130674274
4012 1130674274 1130674274
5649 1130674274 1130674274
6257 1130674391 1130674391
705 1130674612 1130674612
7196 1130674612 1130674612
4826 1130674612 1130674612
4897 1130674612 1130674612
6049 1130674612 1130674612
2948 1130674726 1130674726
2290 1130674726 1130674726
1317 1130674726 1130674726
5881 1130674726 1130674726
8349 1130674726 1130674726
2285 1130674612 1130674841
10791 1130674726 1130674841
9320 1130674841 1130674841
1277 1130674841 1130674957
4730 1130674957 1130674957
7064 1130675092 1130675099
2718 1130675099 1130675099
4572 1130675220 1130675220
6049 1130675335 1130675335
6533 1130675220 1130675342
6479 1130675335 1130675342
10272 1130675342 1130675342
3395 1130675342 1130675459
9591 1130675335 1130675466
9028 1130675459 1130675466
11033 1130675466 1130675466
7348 1130675590 1130675590
7163 1130675590 1130675590
2290 1130675590 1130675590
7160 1130675590 1130675590
7233 1130675590 1130675595
2034 1130675590 1130675595
2948 1130675590 1130675595
1277 1130675595 1130675595
3395 1130675595 1130675595
3501 1130675595 1130675595
6533 1130675595 1130675595
4830 1130675705 1130675705
9174 1130675705 1130675705
2886 1130675590 1130675829
3260 1130675829 1130675829
6816 1130675829 1130675829
9028 1130675829 1130675829
5304 1130675938 1130675938
9776 1130675829 1130676059
4782 1130676059 1130676059
7051 1130675938 1130676187
7064 1130676059 1130676187
7735 1130676312 1130676312
4138 1130676436 1130676443
251 1130676059 1130676563
4026 1130676563 1130676563
8766 1130676563 1130676563
10027 1130676678 1130676678
5883 1130676678 1130676678
9294 1130676798 1130676798
2786 1130676798 1130676798
11103 1130676915 1130676915
6280 1130676929 1130676929
346 1130676936 1130676936
3870 1130677048 1130677048
6109 1130677048 1130677048
4482 1130677048 1130677048
2484 1130676936 1130677176
8276 1130677176 1130677176
10817 1130677176 1130677176
2786 1130677176 1130677176
6280 1130677176 1130677176
11103 1130677289 1130677296
5786 1130677296 1130677296
11008 1130677296 1130677420
6280 1130677420 1130677420
2760 1130677420 1130677420
6332 1130677542 1130677542
6533 1130677542 1130677542
10054 1130677542 1130677542
1277 1130677661 1130677661
3995 1130677661 1130677661
1569 1130677661 1130677661
6652 1130677661 1130677661
7163 1130676915 1130677773
2803 1130677773 1130677773
2781 1130677773 1130677773
1181 1130677900 1130677907
4491 1130677907 1130677907
1564 1130677907 1130677907
7735 1130677907 1130677907
8842 1130677900 1130678029
5670 1130678029 1130678029
2702 1130678029 1130678029
143 1130678148 1130678148
8833 1130678148 1130678148
7522 1130678148 1130678148
2500 1130678029 1130678155
7530 1130678155 1130678155
8209 1130678155 1130678155
4135 1130678275 1130678275
4826 1130678275 1130678275
3995 1130678275 1130678275
10027 1130678275 1130678397
2285 1130678397 1130678397
9932 1130678397 1130678397
5025 1130678397 1130678397
9823 1130678397 1130678397
9503 1130678397 1130678397
4962 1130678514 1130678514
1532 1130678514 1130678514
5010 1130678514 1130678514
5146 1130678397 1130678636
7975 1130678636 1130678636
8842 1130678636 1130678636
7839 1130678636 1130678636
2756 1130678755 1130678755
3138 1130678755 1130678762
8240 1130678755 1130678762
4575 1130678762 1130678762
4654 1130678762 1130678762
6234 1130678636 1130678873
9932 1130678755 1130678873
8897 1130678873 1130678873
10027 1130678873 1130678873
11106 1130678873 1130678873
5010 1130678873 1130678873
5911 1130678873 1130678873
5146 1130678873 1130678998
5155 1130678998 1130678998
5558 1130678998 1130678998
1181 1130678998 1130678998
10296 1130678998 1130678998
6614 1130678998 1130678998
1551 1130679109 1130679109
9776 1130679109 1130679109
4317 1130679109 1130679109
7631 1130679109 1130679109
7337 1130679109 1130679109
1425 1130678998 1130679234
5961 1130679109 1130679234
4136 1130679355 1130679355
5303 1130679355 1130679355
10978 1130679234 1130679362
10874 1130679355 1130679362
346 1130679355 1130679362
11033 1130679355 1130679362
7717 1130679476 1130679476
5429 1130679476 1130679476
7535 1130679476 1130679476
8247 1130679599 1130679599
8648 1130679599 1130679599
7163 1130679599 1130679599
953 1130679712 1130679712
2287 1130679712 1130679712
3014 1130679355 1130679719
1457 1130679712 1130679719
1473 1130679712 1130679726
6394 1130679712 1130679726
8757 1130679867 1130679867
8328 1130679977 1130679977
5429 1130679977 1130679977
4493 1130679853 1130679982
1919 1130679977 1130679982
9503 1130679977 1130679982
10232 1130679977 1130679982
2192 1130679977 1130679982
7064 1130679977 1130679982
1551 1130679982 1130679982
7868 1130680108 1130680108
11122 1130680108 1130680108
10027 1130679977 1130680234
4962 1130680234 1130680234
2002 1130680234 1130680234
9855 1130680234 1130680234
11129 1130680234 1130680348
9323 1130680348 1130680348
1277 1130680348 1130680348
2372 1130680348 1130680348
7889 1130680463 1130680463
9390 1130680463 1130680463
5381 1130680463 1130680463
3647 1130680588 1130680588
10978 1130680588 1130680588
9776 1130680588 1130680588
2664 1130680588 1130680588
10053 1130680588 1130680588
10200 1130680588 1130680588
2319 1130680588 1130680588
8427 1130680588 1130680588
3848 1130680703 1130680703
8078 1130680703 1130680703
6537 1130680703 1130680703
7163 1130680703 1130680703
5197 1130680703 1130680818
2348 1130680818 1130680818
5395 1130680818 1130680818
927 1130680818 1130680818
3014 1130680818 1130680931
1668 1130680938 1130680938
1421 1130680938 1130680938
8255 1130680931 1130680945
10232 1130681168 1130681168
3323 1130681168 1130681168
4984 1130681168 1130681168
2853 1130681280 1130681280
9548 1130681280 1130681280
7889 1130681280 1130681280
4012 1130681280 1130681280
7163 1130681280 1130681280
8462 1130681404 1130681404
7610 1130681404 1130681404
11129 1130681404 1130681404
10003 1130681515 1130681515
5381 1130681515 1130681515
9398 1130681515 1130681515
909 1130681515 1130681515
7108 1130681515 1130681515
5146 1130681515 1130681631
11008 1130681631 1130681631
5671 1130681631 1130681631
3332 1130681631 1130681631
2143 1130681755 1130681755
7975 1130681755 1130681755
7423 1130681755 1130681755
10450 1130681880 1130681880
9742 1130681880 1130681880
9334 1130681880 1130681880
1126 1130681880 1130681880
5197 1130681880 1130681880
7163 1130681880 1130681880
3597 1130681880 1130681880
6604 1130682003 1130682003
4936 1130681880 1130682010
5450 1130682003 1130682010
1164 1130682003 1130682010
3271 1130682003 1130682010
11129 1130682010 1130682010
2974 1130682130 1130682130
9742 1130682130 1130682130
6203 1130682130 1130682130
8099 1130682130 1130682130
7108 1130682130 1130682130
5975 1130682243 1130682243
3114 1130682243 1130682243
6040 1130682243 1130682243
727 1130682243 1130682243
4559 1130682243 1130682243
1804 1130682243 1130682243
2761 1130682243 1130682243
3597 1130682243 1130682243
8629 1130682365 1130682379
7108 1130682372 1130682379
2866 1130682504 1130682504
8882 1130682504 1130682504
923 1130682504 1130682504
4125 1130682616 1130682616
783 1130682616 1130682616
8745 1130682616 1130682623
2974 1130682616 1130682623
8671 1130682616 1130682623
5146 1130682616 1130682623
8872 1130682857 1130682857
96 1130682857 1130682857
8873 1130682857 1130682857
3861 1130682857 1130682857
2858 1130682974 1130682974
6203 1130682974 1130683098
6121 1130683098 1130683098
2420 1130683098 1130683098
873 1130683098 1130683098
7168 1130683220 1130683220
7277 1130683220 1130683227
9173 1130683213 1130683342
4943 1130683342 1130683342
9900 1130683342 1130683342
8762 1130683342 1130683342
2797 1130683342 1130683342
3014 1130683342 1130683342
3323 1130683213 1130683458
2902 1130683458 1130683458
3507 1130683458 1130683458
2512 1130683583 1130683583
1423 1130683458 1130683590
4357 1130683583 1130683590
6040 1130683583 1130683590
6257 1130683583 1130683590
8971 1130683583 1130683590
9759 1130683590 1130683590
2662 1130683590 1130683590
5303 1130683213 1130683710
1967 1130683710 1130683710
8378 1130683710 1130683710
10529 1130683710 1130683710
2420 1130683710 1130683710
3323 1130683710 1130683710
3060 1130683833 1130683833
2858 1130683833 1130683833
2397 1130683833 1130683833
5719 1130683833 1130683833
6257 1130683951 1130683951
9464 1130683951 1130683951
9812 1130683951 1130683951
3692 1130683951 1130683958
11008 1130684082 1130684082
5516 1130684082 1130684199
8966 1130684199 1130684199
5638 1130684199 1130684199
7568 1130684199 1130684199
9226 1130684199 1130684199
10612 1130684199 1130684199
10529 1130684199 1130684199
5159 1130684199 1130684199
6599 1130684312 1130684312
7711 1130684312 1130684319
198 1130684319 1130684319
3560 1130684319 1130684319
1735 1130684319 1130684319
10266 1130684445 1130684445
3626 1130684445 1130684445
11129 1130684445 1130684564
3354 1130684564 1130684564
7663 1130684564 1130684564
7646 1130684564 1130684564
6255 1130684564 1130684564
7826 1130684564 1130684564
3647 1130684564 1130684687
4267 1130684687 1130684687
1718 1130684687 1130684687
5475 1130684687 1130684687
2902 1130684319 1130684802
3078 1130684802 1130684802
6599 1130684802 1130684802
2226 1130684802 1130684802
4493 1130684802 1130684802
5049 1130684802 1130684802
1712 1130684687 1130684927
1457 1130684802 1130684927
2662 1130684927 1130684927
1806 1130684927 1130684927
10266 1130684927 1130684927
7630 1130684927 1130684927
1423 1130684927 1130685047
10322 1130684927 1130685047
4907 1130685047 1130685047
2154 1130685156 1130685156
10974 1130685156 1130685156
11123 1130685156 1130685156
164 1130685156 1130685156
3581 1130685156 1130685156
873 1130685273 1130685273
3884 1130685273 1130685273
1760 1130685273 1130685273
5049 1130685395 1130685395
1056 1130685395 1130685395
5447 1130685395 1130685395
8171 1130685395 1130685395
5263 1130685395 1130685395
3725 1130685395 1130685395
7724 1130685395 1130685395
1551 1130685395 1130685395
9824 1130685508 1130685515
3434 1130685515 1130685515
8281 1130685273 1130685522
8124 1130685508 1130685522
4378 1130685508 1130685522
3743 1130685522 1130685522
4789 1130685522 1130685646
300 1130685639 1130685646
213 1130685639 1130685646
9003 1130685639 1130685646
7163 1130685639 1130685646
5026 1130685646 1130685646
9086 1130685639 1130685772
7407 1130685772 1130685772
10974 1130685772 1130685772
4180 1130685772 1130685772
1532 1130685772 1130685772
3271 1130685772 1130685772
9200 1130685772 1130685772
4109 1130685894 1130685901
148 1130685901 1130685901
3597 1130686029 1130686029
9334 1130686029 1130686029
7447 1130686029 1130686029
9200 1130686029 1130686029
6484 1130686029 1130686029
10450 1130686029 1130686029
5638 1130686029 1130686029
8966 1130686138 1130686138
1967 1130686138 1130686138
8378 1130686138 1130686138
3434 1130686029 1130686263
11103 1130686138 1130686263
195 1130686263 1130686263
4272 1130686263 1130686263
6393 1130686263 1130686263
9773 1130686382 1130686382
2840 1130686382 1130686382
4567 1130686382 1130686382
9323 1130686382 1130686382
4362 1130686382 1130686382
10728 1130686382 1130686382
4363 1130686507 1130686507
9715 1130686507 1130686514
6927 1130686507 1130686514
7154 1130686507 1130686514
3376 1130686507 1130686514
3933 1130686514 1130686514
7976 1130686642 1130686642
2038 1130686642 1130686642
6330 1130686642 1130686642
642 1130686642 1130686642
4030 1130686642 1130686642
7163 1130686757 1130686757
10476 1130686757 1130686757
6255 1130686757 1130686757
1412 1130686757 1130686757
2429 1130686757 1130686757
7746 1130686757 1130686872
3280 1130686872 1130686872
5579 1130686872 1130686872
3606 1130686872 1130686872
1273 1130686872 1130686872
338 1130686872 1130686872
1932 1130686872 1130686872
10005 1130686989 1130686989
2074 1130687234 1130687234
6602 1130687234 1130687234
3767 1130687234 1130687234
2459 1130687234 1130687234
3543 1130687353 1130687353
1643 1130687353 1130687353
882 1130687353 1130687353
2840 1130687353 1130687353
9202 1130687488 1130687488
10312 1130687488 1130687488
4869 1130687488 1130687488
5475 1130687488 1130687488
7163 1130687353 1130687600
10974 1130687711 1130687711
1273 1130687711 1130687711
2420 1130687711 1130687711
10831 1130687711 1130687711
473 1130687836 1130687843
10863 1130687836 1130687843
9013 1130687952 1130687952
4445 1130687952 1130687952
244 1130687952 1130687952
6330 1130688072 1130688072
2038 1130688072 1130688072
1306 1130688187 1130688187
5197 1130688187 1130688194
3606 1130688194 1130688194
7746 1130688194 1130688194
4540 1130688313 1130688313
4445 1130688313 1130688313
1360 1130688313 1130688313
903 1130688313 1130688313
3867 1130688553 1130688553
8526 1130688677 1130688677
8513 1130688677 1130688677
3725 1130688800 1130688800
9226 1130688553 1130688807
5159 1130688553 1130688814
7447 1130688677 1130688814
8213 1130688800 1130688814
6294 1130688800 1130688814
141 1130688933 1130688933
10738 1130688933 1130688933
195 1130688814 1130688940
1573 1130688933 1130688940
5520 1130688940 1130688940
4725 1130689050 1130689050
2348 1130689050 1130689050
7447 1130689050 1130689050
9352 1130688933 1130689160
296 1130688933 1130689160
1456 1130688933 1130689160
10005 1130689160 1130689160
9390 1130689283 1130689283
2226 1130689283 1130689283
2154 1130689283 1130689283
7163 1130689160 1130689398
5158 1130689283 1130689398
7254 1130689398 1130689398
5933 1130689511 1130689511
4473 1130689518 1130689518
697 1130689518 1130689518
1456 1130689518 1130689637
746 1130689637 1130689637
1165 1130689637 1130689637
5750 1130689637 1130689749
1306 1130689749 1130689749
1277 1130689283 1130689882
4030 1130689875 1130689882
7254 1130689875 1130689882
198 1130689875 1130689882
10167 1130689992 1130689992
10168 1130689992 1130689992
595 1130690120 1130690120
1932 1130690120 1130690120
3851 1130690238 1130690238
7168 1130690238 1130690238
3113 1130690238 1130690238
9682 1130690238 1130690360
4271 1130690484 1130690484
10055 1130690484 1130690484
767 1130690597 1130690597
1932 1130690597 1130690597
3485 1130690597 1130690597
3945 1130690706 1130690706
10475 1130690706 1130690706
6625 1130690818 1130690818
5750 1130690818 1130690818
6849 1130690941 1130690941
10414 1130690941 1130690941
8865 1130690941 1130690941
7494 1130691055 1130691062
1454 1130691055 1130691062
8214 1130691055 1130691069
10738 1130691055 1130691083
9682 1130691083 1130691083
6658 1130691055 1130691090
11119 1130691076 1130691090
1340 1130691076 1130691090
1394 1130691083 1130691090
10831 1130691328 1130691335
697 1130691460 1130691460
6625 1130691467 1130691467
428 1130691585 1130691585
7076 1130691585 1130691585
7407 1130691698 1130691698
1277 1130691698 1130691698
3048 1130691822 1130691822
10160 1130691822 1130691822
1856 1130691952 1130691952
8214 1130691952 1130692073
7168 1130692073 1130692073
921 1130692073 1130692073
7277 1130692073 1130692073
1340 1130692186 1130692200
9633 1130692186 1130692200
4301 1130692314 1130692314
7163 1130692193 1130692321
3432 1130692446 1130692446
1454 1130692446 1130692446
6755 1130692446 1130692446
7163 1130692788 1130692795
9487 1130693144 1130693144
7163 1130693364 1130693364
7163 1130693602 1130693602
9633 1130693961 1130693961
7163 1130694075 1130694075
4190 1130694548 1130694548
10615 1130694674 1130694674
7163 1130695508 1130695843
7163 1130696572 1130696572
8213 1130696809 1130696809
7163 1130697273 1130697273
10055 1130699544 1130699544
9900 1130718155 1130718155
197 1130741485 1130741485
11035 1130742927 1130742934
7415 1130744745 1130744745
10859 1130746146 1130746146
10329 1130746146 1130746146
1756 1130746633 1130746633
8614 1130746750 1130746750
3627 1130746870 1130746870
5104 1130747464 1130747464
10329 1130747586 1130747713
3744 1130747944 1130747944
9742 1130748432 1130748432
7319 1130748557 1130748557
5416 1130748557 1130748557
1167 1130749132 1130749132
131 1130749367 1130749367
10585 1130749254 1130749485
2652 1130750199 1130750199
4731 1130750451 1130750451
8672 1130750694 1130750820
647 1130750820 1130750820
1141 1130751167 1130751167
501 1130751167 1130751174
4025 1130751167 1130751174
2219 1130751292 1130751299
9337 1130751292 1130751299
501 1130751412 1130751412
3959 1130751768 1130751768
1367 1130751998 1130752005
8672 1130752005 1130752005
5733 1130752234 1130752234
7733 1130752348 1130752348
337 1130752466 1130752466
2652 1130752587 1130752587
6723 1130752587 1130752719
7132 1130752719 1130752719
6766 1130752719 1130752726
5692 1130752719 1130752726
6377 1130752726 1130752850
5690 1130753106 1130753106
11068 1130753227 1130753227
5858 1130753220 1130753346
8494 1130753346 1130753346
987 1130753466 1130753466
7796 1130753466 1130753466
3959 1130753582 1130753582
9614 1130753698 1130753698
7412 1130753698 1130753698
7163 1130752850 1130753820
8846 1130753575 1130753820
6082 1130753944 1130753951
1666 1130753951 1130753951
5733 1130754061 1130754061
5168 1130754295 1130754295
987 1130754523 1130754523
10571 1130754523 1130754523
7163 1130754523 1130754649
7980 1130754649 1130754649
172 1130754649 1130754649
10328 1130754888 1130754888
473 1130754888 1130754888
1258 1130755001 1130755001
7980 1130755121 1130755121
473 1130755236 1130755236
7163 1130755236 1130755243
5816 1130755243 1130755243
6203 1130755243 1130755243
1182 1130755121 1130755362
2289 1130755602 1130755602
6595 1130755602 1130755602
10328 1130755602 1130755602
8846 1130755729 1130755729
1258 1130755841 1130755841
2426 1130755729 1130755951
7163 1130755951 1130755951
2447 1130756074 1130756081
7796 1130756074 1130756209
2239 1130756209 1130756209
11014 1130756323 1130756323
3040 1130756323 1130756323
8157 1130756323 1130756323
7571 1130756323 1130756323
6595 1130756323 1130756450
6413 1130756209 1130756566
10771 1130756566 1130756566
9126 1130756209 1130756683
7163 1130756566 1130756683
9636 1130756804 1130756804
473 1130756804 1130756804
1231 1130756924 1130756924
8362 1130756924 1130756924
10600 1130757051 1130757051
3131 1130757183 1130757183
5092 1130757292 1130757292
7163 1130757051 1130757420
3758 1130757420 1130757420
6413 1130757653 1130757653
7733 1130757653 1130757653
1335 1130757777 1130757777
7728 1130757907 1130757907
4232 1130758031 1130758031
3797 1130758031 1130758144
10962 1130758144 1130758144
11112 1130758144 1130758144
7163 1130757784 1130758264
3491 1130758264 1130758264
4655 1130758264 1130758264
4781 1130758387 1130758387
1629 1130758387 1130758387
9141 1130758387 1130758387
3491 1130758515 1130758515
4424 1130758515 1130758522
6711 1130758522 1130758522
8748 1130758642 1130758642
7163 1130758642 1130758642
10856 1130758757 1130758757
11073 1130758757 1130758757
9999 1130758757 1130758757
8182 1130758757 1130758757
4224 1130758870 1130758870
8938 1130758870 1130758877
5109 1130758870 1130758884
7296 1130758870 1130758884
8362 1130758870 1130758996
2426 1130758996 1130758996
3797 1130758996 1130758996
10962 1130758996 1130758996
6711 1130758996 1130758996
5896 1130759122 1130759122
3126 1130759241 1130759241
687 1130759354 1130759354
6110 1130759482 1130759482
3355 1130759482 1130759482
2071 1130759482 1130759482
7163 1130759122 1130759593
9018 1130759593 1130759593
5352 1130759593 1130759593
4260 1130759593 1130759593
5099 1130759593 1130759593
712 1130759593 1130759593
10448 1130759593 1130759593
3797 1130759593 1130759593
7287 1130759709 1130759709
8362 1130759836 1130759836
9731 1130759836 1130759836
5081 1130759836 1130759836
845 1130760090 1130760090
3797 1130760090 1130760090
2039 1130760090 1130760090
7287 1130760211 1130760211
900 1130760211 1130760211
8395 1130760211 1130760211
9345 1130760211 1130760211
5034 1130760326 1130760326
9283 1130760326 1130760326
2049 1130760437 1130760437
3384 1130760437 1130760437
3779 1130760437 1130760437
11014 1130760437 1130760437
1663 1130760554 1130760554
8470 1130760675 1130760682
165 1130760675 1130760682
7852 1130760675 1130760682
5092 1130760675 1130760682
8362 1130760675 1130760682
3900 1130760682 1130760682
4707 1130760682 1130760909
8792 1130760793 1130760909
2289 1130760909 1130760909
8748 1130760909 1130760909
10496 1130760909 1130760909
3598 1130760909 1130761033
8704 1130761033 1130761033
6339 1130761033 1130761033
6574 1130761033 1130761033
7540 1130761033 1130761033
1803 1130761033 1130761033
6870 1130761033 1130761033
8109 1130761033 1130761155
168 1130761155 1130761155
4084 1130761155 1130761155
7728 1130761278 1130761278
4496 1130761399 1130761399
3017 1130761399 1130761399
2392 1130761523 1130761523
2071 1130761523 1130761523
4436 1130761523 1130761523
10402 1130761399 1130761646
1622 1130761646 1130761646
8704 1130761646 1130761646
4669 1130761646 1130761646
9340 1130761755 1130761755
900 1130761755 1130761755
1663 1130761755 1130761755
1986 1130761755 1130761882
694 1130761875 1130761882
7163 1130761875 1130761882
4130 1130761875 1130761882
2546 1130761998 1130762005
3959 1130761998 1130762005
900 1130761998 1130762005
1335 1130762251 1130762251
10318 1130762251 1130762251
2546 1130762251 1130762251
1629 1130762361 1130762361
1812 1130762361 1130762368
1574 1130762361 1130762368
2403 1130762361 1130762368
6348 1130762480 1130762480
8927 1130762480 1130762480
5648 1130762604 1130762604
10402 1130762604 1130762604
3611 1130762604 1130762604
10191 1130762604 1130762604
8614 1130762713 1130762713
6950 1130762713 1130762713
7763 1130762713 1130762713
1918 1130762713 1130762713
4070 1130762713 1130762713
7427 1130762713 1130762837
4989 1130762837 1130762837
10153 1130762837 1130762837
2071 1130762947 1130762947
2771 1130762947 1130762947
2392 1130762947 1130762947
2802 1130763062 1130763062
6574 1130763288 1130763288
2572 1130763288 1130763288
960 1130763288 1130763288
11189 1130763288 1130763288
6013 1130763288 1130763288
4218 1130763288 1130763288
4657 1130763530 1130763530
7560 1130763530 1130763530
1758 1130763530 1130763530
8938 1130763530 1130763530
5786 1130763648 1130763648
5900 1130763648 1130763648
1098 1130763062 1130763765
1065 1130763758 1130763765
6570 1130763886 1130763886
8787 1130763886 1130763886
5028 1130763999 1130763999
6870 1130763999 1130763999
6825 1130763886 1130764116
11221 1130764116 1130764116
9756 1130764116 1130764116
8328 1130764116 1130764116
6959 1130764116 1130764123
1878 1130764116 1130764123
5648 1130764116 1130764123
6383 1130764123 1130764123
10998 1130764365 1130764365
1629 1130764365 1130764365
7231 1130764365 1130764365
5686 1130764365 1130764365
1182 1130764365 1130764478
1065 1130764478 1130764478
7163 1130764478 1130764478
210 1130764478 1130764478
3692 1130764478 1130764478
3758 1130764604 1130764604
3151 1130764604 1130764604
2937 1130764604 1130764604
10776 1130764604 1130764604
7925 1130764604 1130764604
881 1130764731 1130764731
3611 1130764856 1130764856
9636 1130764856 1130764856
7595 1130764975 1130764975
6013 1130764975 1130764975
2356 1130764975 1130764982
7925 1130764975 1130764982
9731 1130764604 1130765109
122 1130765109 1130765109
2289 1130765109 1130765109
8295 1130765223 1130765223
9518 1130765223 1130765223
10875 1130765223 1130765223
1065 1130765347 1130765347
933 1130765354 1130765354
7380 1130765347 1130765361
2788 1130765361 1130765361
1600 1130765485 1130765485
4014 1130765485 1130765485
122 1130765485 1130765485
3819 1130765485 1130765612
4107 1130765724 1130765724
11087 1130765724 1130765724
5363 1130765724 1130765724
1182 1130765724 1130765724
4999 1130765724 1130765724
5390 1130765724 1130765724
9846 1130765842 1130765842
1948 1130765842 1130765849
2040 1130765361 1130765856
3501 1130765612 1130765856
5533 1130765842 1130765984
7021 1130765842 1130765984
7163 1130765849 1130765984
122 1130765984 1130765984
9846 1130765984 1130765984
8101 1130765984 1130765984
3043 1130766111 1130766111
3611 1130766111 1130766118
3714 1130766111 1130766118
3524 1130766118 1130766118
122 1130766231 1130766231
7540 1130766231 1130766231
3819 1130766231 1130766231
3501 1130766231 1130766349
8932 1130766342 1130766349
9731 1130766342 1130766349
5533 1130766465 1130766465
9856 1130766342 1130766472
9849 1130766465 1130766472
8443 1130766465 1130766472
9043 1130766465 1130766472
122 1130766472 1130766472
3819 1130766472 1130766472
2106 1130766589 1130766589
1540 1130766705 1130766705
11087 1130766823 1130766823
2446 1130766823 1130766823
2405 1130766823 1130766823
2253 1130766823 1130766823
4657 1130766823 1130766823
3501 1130766945 1130766945
3843 1130767062 1130767062
4152 1130767062 1130767062
6505 1130767179 1130767179
7925 1130767179 1130767300
1540 1130767300 1130767300
8069 1130767300 1130767300
7796 1130767300 1130767300
3598 1130767300 1130767300
8901 1130767300 1130767416
7096 1130767416 1130767416
8443 1130767528 1130767528
7163 1130767528 1130767528
5060 1130767753 1130767753
6653 1130767753 1130767753
9731 1130767416 1130767984
3843 1130767984 1130767984
5557 1130767984 1130767984
3044 1130768107 1130768107
8101 1130768107 1130768107
7021 1130768107 1130768107
8932 1130768107 1130768107
1409 1130768230 1130768230
9043 1130768230 1130768230
9849 1130768230 1130768230
3524 1130767984 1130768350
5890 1130768350 1130768350
9301 1130768474 1130768474
3489 1130768596 1130768596
10246 1130768596 1130768596
4154 1130768714 1130768714
5686 1130768714 1130768714
10040 1130768714 1130768714
4037 1130768714 1130768714
6653 1130768230 1130768842
3959 1130768967 1130768967
4777 1130768967 1130768967
7021 1130769091 1130769091
8763 1130769091 1130769205
1629 1130769205 1130769205
11022 1130769205 1130769205
7163 1130769328 1130769328
7314 1130769328 1130769328
4513 1130769328 1130769576
7051 1130769576 1130769576
7027 1130769697 1130769697
7096 1130769697 1130769697
6472 1130769697 1130769697
7254 1130769697 1130769697
5890 1130769812 1130769812
1915 1130769812 1130769812
6325 1130769812 1130769812
10698 1130769812 1130769812
10769 1130769812 1130769923
11022 1130769923 1130769923
4203 1130770161 1130770161
1333 1130770040 1130770168
8901 1130770161 1130770168
3374 1130770161 1130770168
4770 1130770161 1130770168
7021 1130770168 1130770168
3126 1130770040 1130770279
7096 1130770161 1130770279
3689 1130770279 1130770279
169 1130770279 1130770279
6935 1130770395 1130770395
2404 1130770519 1130770519
6263 1130770395 1130770641
8763 1130770519 1130770641
10040 1130770641 1130770641
6472 1130770641 1130770641
4203 1130770641 1130770641
3126 1130770641 1130770641
9636 1130770519 1130770764
10827 1130770764 1130770764
3374 1130770764 1130770764
1539 1130770764 1130770764
5228 1130770885 1130770885
4770 1130770885 1130770885
2106 1130770641 1130771009
10040 1130771132 1130771132
1177 1130771132 1130771132
10446 1130771241 1130771241
4460 1130771241 1130771241
3432 1130771241 1130771241
1742 1130771361 1130771361
8398 1130771477 1130771484
1350 1130771604 1130771611
7873 1130771611 1130771611
6996 1130771737 1130771737
3374 1130771737 1130771737
9108 1130771737 1130771737
2253 1130771847 1130771854
9576 1130771847 1130771854
3968 1130771854 1130771854
1785 1130771966 1130771966
9636 1130771847 1130772090
11027 1130771966 1130772090
10716 1130772090 1130772090
3506 1130772090 1130772090
6053 1130772090 1130772090
7051 1130772090 1130772090
1986 1130772199 1130772199
11029 1130772199 1130772199
2997 1130772199 1130772199
6250 1130772433 1130772433
11044 1130772433 1130772433
4174 1130772548 1130772548
10837 1130772660 1130772660
3506 1130772660 1130772660
5895 1130772660 1130772774
8853 1130772774 1130772774
7333 1130772774 1130772774
4999 1130772774 1130772774
9334 1130772894 1130772894
7163 1130772660 1130773016
2703 1130773016 1130773016
9018 1130773016 1130773016
4613 1130773134 1130773134
6747 1130773134 1130773134
7066 1130773134 1130773134
1948 1130773134 1130773134
7051 1130773244 1130773251
4473 1130773244 1130773251
5431 1130773251 1130773251
3810 1130773372 1130773372
7066 1130773372 1130773372
10498 1130773372 1130773372
7163 1130773485 1130773485
9339 1130773485 1130773485
10827 1130773485 1130773602
5431 1130773602 1130773609
3040 1130773732 1130773732
8991 1130773732 1130773732
3489 1130773732 1130773732
8853 1130773851 1130773851
10767 1130773851 1130773851
1785 1130773851 1130773851
3780 1130773851 1130773851
9210 1130773964 1130773964
4079 1130774090 1130774090
6250 1130774090 1130774090
6876 1130774217 1130774217
5514 1130774342 1130774342
4967 1130774342 1130774342
10611 1130774342 1130774342
6020 1130774461 1130774461
6048 1130774461 1130774468
8505 1130774468 1130774468
7966 1130774595 1130774595
7566 1130774709 1130774709
4169 1130774833 1130774840
4379 1130774833 1130774847
7650 1130774833 1130774847
2150 1130774833 1130774847
9360 1130774971 1130774971
11022 1130775098 1130775098
7163 1130775098 1130775098
1413 1130775098 1130775098
945 1130775328 1130775328
2997 1130775470 1130775470
7518 1130775470 1130775470
3627 1130775597 1130775604
9494 1130775717 1130775717
2998 1130775828 1130775828
7566 1130775828 1130775835
4379 1130775951 1130775951
9360 1130775828 1130775956
7650 1130775951 1130775956
9338 1130771737 1130776073
3907 1130775951 1130776073
7518 1130775951 1130776073
4082 1130776073 1130776073
5284 1130776420 1130776420
3907 1130776420 1130776420
5815 1130776420 1130776420
4854 1130776420 1130776420
5439 1130776537 1130776537
8247 1130776658 1130776665
7657 1130776658 1130776665
5019 1130776665 1130776665
9108 1130776776 1130776776
5384 1130776892 1130776892
5542 1130777016 1130777016
1621 1130777138 1130777138
7130 1130777261 1130777261
9494 1130777382 1130777629
3343 1130777629 1130777858
3506 1130777738 1130777858
6542 1130777974 1130777974
2462 1130777974 1130777981
4258 1130777974 1130777981
8964 1130777981 1130777988
431 1130777988 1130777988
7966 1130777988 1130777988
7163 1130776309 1130778108
4701 1130778344 1130778351
5439 1130778587 1130778587
3339 1130778587 1130778587
6250 1130778820 1130778820
7163 1130778696 1130778930
4301 1130778930 1130778930
8964 1130779157 1130779157
9742 1130779157 1130779157
4784 1130779157 1130779157
8828 1130779271 1130779271
7163 1130779513 1130779513
7163 1130780099 1130780106
1599 1130780461 1130780461
7610 1130780958 1130780965
2634 1130780958 1130780965
4343 1130780958 1130780965
7163 1130780965 1130780965
7415 1130781206 1130781206
9620 1130781206 1130781206
3339 1130781330 1130781330
9620 1130781468 1130781468
4683 1130781707 1130781707
5647 1130782094 1130782101
7695 1130782094 1130782101
4683 1130782214 1130782214
4784 1130782332 1130782332
7163 1130782688 1130783045
3339 1130783283 1130783283
3339 1130783625 1130783625
1413 1130783852 1130783852
2797 1130784090 1130784090
5009 1130784213 1130784213
2530 1130784457 1130784457
7514 1130784697 1130784697
5063 1130785188 1130785188
5229 1130785687 1130785687
8427 1130786393 1130786400
10821 1130787726 1130787726
776 1130787726 1130787726
5815 1130788196 1130788196
10576 1130788780 1130788780
5079 1130789151 1130789263
3339 1130786280 1130789373
276 1130789867 1130789874
3432 1130790500 1130790500
276 1130790381 1130790617
4673 1130791479 1130791479
1448 1130791845 1130791852
4673 1130791845 1130791852
1447 1130791979 1130791979
5212 1130792847 1130792847
3339 1130793576 1130793576
276 1130791078 1130794868
11035 1130827802 1130827802
10507 1130829748 1130829748
845 1130830574 1130830574
10859 1130830806 1130830806
2634 1130831296 1130831296
4343 1130831296 1130831296
8231 1130832386 1130832386
7610 1130833107 1130833221
8590 1130833459 1130833459
2046 1130833700 1130833700
5890 1130833820 1130833820
5224 1130833827 1130833827
8402 1130834433 1130834433
4070 1130834558 1130834558
7298 1130834821 1130834821
4785 1130834821 1130834821
2329 1130834936 1130834936
131 1130835173 1130835173
3720 1130835520 1130835520
11123 1130835637 1130835637
11123 1130835992 1130835992
10274 1130835992 1130835992
8508 1130836116 1130836116
1300 1130836238 1130836238
6298 1130836482 1130836482
8508 1130836482 1130836482
9421 1130836729 1130836729
7739 1130836965 1130836965
3720 1130837334 1130837334
9755 1130837451 1130837451
9755 1130837796 1130837796
5890 1130837920 1130838030
5035 1130838030 1130838030
5480 1130838145 1130838145
6471 1130838145 1130838145
5799 1130838371 1130838371
2587 1130838371 1130838371
1300 1130838371 1130838371
9353 1130838613 1130838613
5035 1130838731 1130838731
8692 1130839082 1130839082
9496 1130839199 1130839206
4070 1130839448 1130839561
10171 1130839561 1130839561
6706 1130839561 1130839561
7739 1130839448 1130839687
2587 1130839687 1130839687
5890 1130839814 1130839814
6018 1130839814 1130839814
6145 1130839939 1130839939
3720 1130840058 1130840058
7608 1130840058 1130840065
4058 1130840058 1130840065
180 1130840058 1130840065
3472 1130840058 1130840065
710 1130840192 1130840192
5172 1130840306 1130840306
1486 1130840437 1130840568
3840 1130840568 1130840807
5636 1130840807 1130840807
2680 1130840807 1130840807
7608 1130840430 1130841067
11117 1130841067 1130841067
2334 1130841194 1130841201
9080 1130841201 1130841201
9760 1130841425 1130841432
372 1130841425 1130841432
4004 1130841425 1130841432
3852 1130841425 1130841548
2447 1130841672 1130841672
4814 1130841672 1130841672
6145 1130841906 1130841906
2447 1130842145 1130842145
6310 1130842383 1130842383
9792 1130842383 1130842383
1133 1130842611 1130842611
3720 1130842725 1130842725
10291 1130842725 1130842725
2039 1130842952 1130842952
1176 1130842952 1130842952
1760 1130843067 1130843067
6955 1130843067 1130843067
2124 1130843067 1130843067
9760 1130843190 1130843190
4884 1130843190 1130843190
5444 1130843313 1130843313
9300 1130843313 1130843313
3458 1130843433 1130843433
4627 1130843433 1130843433
254 1130843433 1130843433
942 1130843433 1130843433
4884 1130843557 1130843557
10291 1130843679 1130843679
10324 1130843679 1130843679
1155 1130843797 1130843797
5470 1130843925 1130843925
5555 1130843925 1130843925
4458 1130844050 1130844050
7441 1130844050 1130844050
227 1130844174 1130844174
2675 1130844174 1130844174
9266 1130844295 1130844295
5590 1130844410 1130844410
145 1130844521 1130844521
4627 1130844521 1130844521
8971 1130844638 1130844638
2675 1130844638 1130844638
2462 1130844638 1130844638
8179 1130844877 1130844877
3978 1130844877 1130844877
1496 1130844993 1130844993
10791 1130844993 1130844993
2921 1130845239 1130845239
10021 1130845362 1130845362
11051 1130845483 1130845483
6345 1130845607 1130845607
6986 1130845607 1130845607
3708 1130845730 1130845730
6310 1130845839 1130845839
9792 1130845839 1130845839
7341 1130845959 1130845959
315 1130846195 1130846195
4298 1130846306 1130846306
4500 1130846423 1130846423
11008 1130846423 1130846423
986 1130846423 1130846423
3350 1130846423 1130846551
3465 1130846544 1130846551
363 1130846544 1130846551
6838 1130846662 1130846662
2386 1130846662 1130846662
8586 1130846544 1130846778
349 1130846778 1130846778
5555 1130846902 1130846902
6018 1130847024 1130847024
6252 1130847024 1130847024
368 1130847024 1130847024
4433 1130847147 1130847147
4298 1130847024 1130847268
4070 1130847268 1130847268
5366 1130847515 1130847515
2406 1130847515 1130847515
5859 1130847515 1130847515
2771 1130847515 1130847515
349 1130847624 1130847624
3037 1130847624 1130847624
5016 1130847751 1130847751
1833 1130847860 1130847867
3794 1130847987 1130847987
10600 1130847987 1130847994
4949 1130847994 1130847994
10173 1130848120 1130848120
2046 1130848230 1130848230
4458 1130848120 1130848237
4245 1130848230 1130848237
3596 1130848230 1130848237
2478 1130848349 1130848349
7627 1130848349 1130848473
3093 1130848473 1130848473
9161 1130848473 1130848473
4838 1130848473 1130848473
4076 1130848473 1130848473
10996 1130848349 1130848582
9950 1130848582 1130848582
8265 1130848582 1130848582
3794 1130848706 1130848706
5401 1130848706 1130848706
10216 1130848816 1130848816
10015 1130848931 1130848931
8265 1130848582 1130848582
7109 1130848818 1130848818
6383 1130848929 1130848929
9252 1130848929 1130848929
7067 1130848929 1130848929
3596 1130848929 1130848929
3535 1130849046 1130849046
10996 1130849046 1130849046
166 1130849046 1130849046
855 1130849046 1130849046
2158 1130849046 1130849174
6880 1130849167 1130849174
7861 1130849167 1130849174
1319 1130849285 1130849285
1833 1130849285 1130849285
6368 1130849525 1130849525
6755 1130849525 1130849525
7109 1130849525 1130849525
4837 1130849525 1130849525
4433 1130849401 1130849647
4370 1130849647 1130849647
6996 1130849770 1130849770
9338 1130849891 1130849891
3473 1130849891 1130849891
2978 1130850012 1130850012
4789 1130850012 1130850012
5000 1130850127 1130850127
4945 1130850238 1130850238
6755 1130850238 1130850238
3107 1130850476 1130850476
10867 1130850476 1130850483
182 1130850476 1130850483
6880 1130850594 1130850594
4298 1130850710 1130850710
4949 1130850710 1130850710
6755 1130850594 1130850834
3473 1130850834 1130850834
9338 1130850834 1130850834
9017 1130850834 1130850834
8590 1130850834 1130850834
1833 1130850956 1130850956
3473 1130851077 1130851077
7818 1130851077 1130851077
5417 1130851077 1130851077
7821 1130851192 1130851303
10975 1130851303 1130851303
9017 1130851303 1130851420
5438 1130851420 1130851420
3017 1130851420 1130851420
6547 1130851420 1130851548
3448 1130851548 1130851548
8394 1130851659 1130851659
11078 1130851659 1130851899
6953 1130852021 1130852021
3107 1130852021 1130852021
5776 1130852144 1130852144
2556 1130852389 1130852389
3612 1130852389 1130852389
3923 1130852512 1130852621
2136 1130852621 1130852621
9968 1130852621 1130852621
3613 1130852741 1130852741
7341 1130852977 1130852977
5906 1130853205 1130853205
6707 1130853205 1130853205
3107 1130853326 1130853333
3782 1130853560 1130853560
8848 1130853684 1130853684
2680 1130853684 1130853684
1319 1130853806 1130853806
3810 1130853929 1130853929
4884 1130854050 1130854050
1176 1130854050 1130854050
8506 1130854050 1130854050
6707 1130854050 1130854050
2010 1130854050 1130854050
3923 1130854050 1130854050
11197 1130854050 1130854050
4139 1130854297 1130854297
607 1130854297 1130854297
10859 1130854406 1130854406
5174 1130854406 1130854406
4884 1130854533 1130854533
2571 1130854642 1130854642
8902 1130854406 1130854656
7143 1130854642 1130854656
2821 1130854642 1130854656
2192 1130854776 1130854776
5906 1130854902 1130854902
6707 1130854902 1130854902
3923 1130855012 1130855012
5499 1130855019 1130855019
1624 1130855131 1130855131
6421 1130855255 1130855255
5795 1130855255 1130855255
3810 1130855255 1130855255
4625 1130855131 1130855364
9466 1130855364 1130855364
4864 1130855364 1130855364
667 1130855364 1130855364
663 1130855364 1130855488
5187 1130855598 1130855598
4647 1130855598 1130855598
9176 1130855598 1130855598
5003 1130855713 1130855713
11051 1130855825 1130855825
9736 1130855939 1130855939
4884 1130855939 1130855939
6072 1130855939 1130855939
9701 1130856059 1130856059
4647 1130856059 1130856059
6755 1130856409 1130856416
2478 1130856299 1130856537
5116 1130856537 1130856537
4005 1130856537 1130856537
7143 1130856767 1130856774
4902 1130856897 1130856897
6755 1130857382 1130857382
3043 1130857626 1130857626
5031 1130857998 1130858012
5628 1130857998 1130858012
7229 1130857998 1130858263
1469 1130858263 1130858263
3967 1130858375 1130858375
4612 1130858882 1130858882
1974 1130858882 1130858993
4853 1130858993 1130858993
7610 1130858762 1130859000
5636 1130858993 1130859000
7599 1130858993 1130859000
1567 1130859123 1130859123
2195 1130859116 1130859240
9077 1130859116 1130859240
1828 1130859116 1130859356
1713 1130859116 1130859356
2212 1130859123 1130859356
501 1130859356 1130859356
8319 1130859474 1130859474
3045 1130859474 1130859474
589 1130859596 1130859596
4637 1130859713 1130859713
1469 1130859713 1130859713
2028 1130859830 1130859830
3967 1130860067 1130860067
4301 1130860179 1130860179
1983 1130860293 1130860293
2028 1130860293 1130860404
8793 1130860404 1130860520
8265 1130860520 1130860520
7970 1130860520 1130860520
7610 1130860635 1130860635
1091 1130860758 1130860758
2530 1130861001 1130861001
607 1130861247 1130861247
10859 1130861365 1130861365
1385 1130861493 1130861493
3827 1130862355 1130862355
5815 1130862830 1130862830
6717 1130862707 1130862948
8107 1130863068 1130863068
6024 1130864506 1130864634
2279 1130865197 1130865197
8351 1130865197 1130865197
6448 1130865566 1130865566
6924 1130868267 1130868267
10310 1130868392 1130868392
4647 1130870471 1130870471
9176 1130870471 1130870471
6924 1130870587 1130870587
5815 1130870587 1130870587
8107 1130871529 1130871536
11210 1130871536 1130871536
5512 1130872470 1130872470
1035 1130873208 1130873208
2443 1130873208 1130873208
6917 1130875155 1130875155
5771 1130876487 1130876487
5771 1130879785 1130879785
5771 1130903965 1130903965
197 1130907964 1130907964
5706 1130909889 1130909896
3692 1130911226 1130911226
131 1130911226 1130911226
2611 1130912324 1130912324
7650 1130912440 1130912440
845 1130912916 1130912916
10280 1130913042 1130913049
2447 1130913532 1130913532
7233 1130913532 1130913532
4508 1130913900 1130913900
5670 1130913900 1130913900
4586 1130913900 1130913900
2611 1130914019 1130914137
10153 1130914375 1130914607
5956 1130914607 1130914607
5956 1130915174 1130915174
5890 1130915887 1130915887
9004 1130916363 1130916363
10430 1130916480 1130916480
1228 1130916598 1130916598
1228 1130917045 1130917045
9337 1130917164 1130917164
2515 1130917388 1130917388
2976 1130917509 1130917509
3338 1130917624 1130917624
1228 1130917852 1130917852
6539 1130917980 1130917980
1502 1130918576 1130918576
769 1130918821 1130918821
9607 1130918944 1130918944
8758 1130918944 1130918944
5419 1130919053 1130919053
2312 1130919416 1130919423
10145 1130919549 1130919549
1390 1130919549 1130919549
1390 1130919902 1130919902
1502 1130919902 1130920011
4708 1130920135 1130920135
8820 1130920135 1130920135
5239 1130920135 1130920135
9059 1130920245 1130920245
621 1130920360 1130920360
9543 1130920472 1130920472
1390 1130920472 1130920472
9045 1130920586 1130920586
4586 1130920586 1130920586
9655 1130920706 1130920706
4599 1130920706 1130920706
9059 1130920706 1130920828
10329 1130920828 1130920828
9543 1130920946 1130920946
6167 1130920946 1130920946
10143 1130921056 1130921184
4970 1130921056 1130921184
9746 1130921184 1130921184
9655 1130921184 1130921184
1986 1130921297 1130921297
9059 1130921414 1130921421
10030 1130921544 1130921544
4110 1130921544 1130921544
4799 1130921544 1130921544
3338 1130921776 1130921776
8476 1130921776 1130921776
9023 1130921902 1130921902
4799 1130922154 1130922154
9524 1130922273 1130922273
6874 1130922407 1130922407
2732 1130922521 1130922521
1596 1130922645 1130922645
730 1130922645 1130922652
9059 1130922783 1130922783
4599 1130922783 1130922783
238 1130922783 1130922783
4680 1130922910 1130922910
5419 1130923022 1130923022
5005 1130923140 1130923147
1671 1130923147 1130923282
145 1130923147 1130923282
2777 1130923282 1130923282
2343 1130923409 1130923409
6792 1130923409 1130923416
2450 1130923416 1130923416
9045 1130923640 1130923640
5255 1130923647 1130923647
4692 1130923647 1130923647
1464 1130923647 1130923647
1671 1130923763 1130923770
8820 1130923763 1130923770
7692 1130923887 1130923887
3303 1130923887 1130923887
6370 1130923887 1130923887
9614 1130923887 1130923887
6792 1130923887 1130923887
8208 1130924003 1130924003
2171 1130924003 1130924003
4145 1130924121 1130924121
5890 1130924121 1130924121
2929 1130924243 1130924243
3983 1130924243 1130924243
989 1130924243 1130924243
261 1130924243 1130924243
2450 1130924477 1130924477
9614 1130924477 1130924477
10986 1130924477 1130924477
8208 1130924598 1130924598
6011 1130924598 1130924598
5517 1130924598 1130924598
5085 1130924834 1130924834
7264 1130925062 1130925062
1663 1130925062 1130925062
2046 1130925062 1130925062
9642 1130925062 1130925062
9524 1130925062 1130925062
4070 1130925183 1130925190
3284 1130925183 1130925190
363 1130925301 1130925301
5413 1130925417 1130925417
4977 1130925417 1130925541
4070 1130925541 1130925541
673 1130925663 1130925663
5109 1130925663 1130925663
4091 1130925663 1130925663
9233 1130925541 1130925907
5492 1130926028 1130926028
10856 1130926143 1130926143
845 1130926371 1130926371
3418 1130926499 1130926610
9990 1130926610 1130926610
1837 1130926610 1130926610
5780 1130926610 1130926610
3418 1130926499 1130926610
9990 1130926610 1130926610
1837 1130926610 1130926610
5780 1130926610 1130926610
4306 1130926610 1130926610
9837 1130926731 1130926731
7163 1130926846 1130926846
4306 1130927074 1130927074
2040 1130927074 1130927074
8675 1130927195 1130927202
9011 1130927798 1130927798
5037 1130928043 1130928043
8063 1130928043 1130928043
3979 1130928043 1130928043
3842 1130928043 1130928043
4140 1130928043 1130928043
9837 1130927919 1130928166
1630 1130928166 1130928166
5072 1130928275 1130928275
3301 1130928275 1130928275
5780 1130928275 1130928395
9973 1130928395 1130928402
6239 1130928511 1130928511
622 1130928511 1130928525
6844 1130928638 1130928638
3979 1130928638 1130928645
2888 1130928638 1130928645
5037 1130928638 1130928645
4140 1130928638 1130928645
6239 1130928771 1130928771
7163 1130928771 1130928771
5780 1130928771 1130928771
10380 1130928881 1130928881
9484 1130928881 1130928888
2888 1130928888 1130928888
4105 1130929000 1130929000
10454 1130929000 1130929000
9990 1130929124 1130929124
6161 1130928888 1130929233
9973 1130929354 1130929354
4105 1130929354 1130929354
8795 1130929469 1130929469
9011 1130929469 1130929469
9717 1130929469 1130929469
1630 1130929354 1130929580
7464 1130929580 1130929580
7163 1130929580 1130929580
4300 1130929580 1130929580
1504 1130929580 1130929580
2482 1130929469 1130929697
8681 1130929697 1130929697
4032 1130929697 1130929697
7613 1130929697 1130929697
3415 1130929697 1130929697
4730 1130929818 1130929825
4804 1130929818 1130929825
10454 1130929818 1130929825
5780 1130929936 1130929936
4306 1130929936 1130929936
8795 1130930057 1130930057
3118 1130930172 1130930172
7613 1130930283 1130930283
10844 1130930283 1130930283
7343 1130930283 1130930400
6618 1130930400 1130930400
2141 1130930400 1130930400
4644 1130930400 1130930400
5072 1130930400 1130930400
670 1130930400 1130930400
5167 1130930521 1130930521
1504 1130930521 1130930521
4170 1130930521 1130930521
10258 1130930521 1130930521
5370 1130930521 1130930521
3345 1130930521 1130930521
1130 1130930521 1130930521
7552 1130930521 1130930521
5918 1130930985 1130930985
9898 1130931106 1130931106
8271 1130931221 1130931221
2482 1130931106 1130931332
7157 1130931332 1130931332
956 1130931332 1130931332
8627 1130931332 1130931332
5258 1130931332 1130931332
10351 1130931449 1130931449
5395 1130931449 1130931449
3823 1130931449 1130931449
11004 1130931449 1130931449
5747 1130931449 1130931570
5637 1130931570 1130931577
8174 1130931570 1130931577
10454 1130931577 1130931577
6254 1130931688 1130931688
4644 1130931688 1130931688
9717 1130931688 1130931688
10228 1130931688 1130931688
10371 1130931688 1130931688
1886 1130931804 1130931804
5747 1130931804 1130931804
3305 1130931804 1130931804
7521 1130931928 1130931928
10047 1130932050 1130932050
6524 1130932050 1130932050
132 1130932050 1130932050
8136 1130932050 1130932050
2152 1130932171 1130932171
763 1130932171 1130932171
10394 1130932171 1130932171
2622 1130932171 1130932171
8047 1130932286 1130932286
7389 1130932286 1130932286
5982 1130932397 1130932397
11140 1130932518 1130932518
10538 1130932518 1130932518
11137 1130932518 1130932744
5101 1130932744 1130932744
10977 1130932744 1130932744
233 1130932744 1130932744
8197 1130932744 1130932744
11010 1130932744 1130932861
7093 1130932861 1130932861
252 1130932861 1130932861
1395 1130932861 1130932861
852 1130932982 1130932982
2304 1130933103 1130933103
5414 1130933103 1130933103
7327 1130933103 1130933103
6445 1130933103 1130933103
5746 1130933103 1130933103
10454 1130933218 1130933218
6635 1130933218 1130933218
8495 1130933218 1130933329
11016 1130933329 1130933329
3985 1130933329 1130933329
10047 1130933329 1130933329
3075 1130933329 1130933446
8489 1130933446 1130933446
6115 1130933446 1130933446
3890 1130933567 1130933567
2167 1130933567 1130933567
6583 1130933567 1130933574
4840 1130933574 1130933574
5100 1130933685 1130933685
1701 1130933801 1130933801
9648 1130933801 1130933801
7472 1130933801 1130933801
8081 1130933801 1130933801
4032 1130933925 1130933925
4504 1130933925 1130933925
6032 1130933925 1130933925
2340 1130933801 1130934047
5888 1130934047 1130934047
293 1130934047 1130934047
8317 1130934047 1130934047
5670 1130934047 1130934047
3890 1130934047 1130934047
7552 1130934168 1130934168
4170 1130934168 1130934168
4128 1130934168 1130934168
6032 1130934168 1130934168
5747 1130934168 1130934168
7254 1130934168 1130934168
9710 1130934283 1130934283
9027 1130934283 1130934283
5096 1130934283 1130934283
726 1130934283 1130934283
8573 1130934283 1130934283
6142 1130934283 1130934394
3543 1130934394 1130934394
1388 1130934394 1130934394
6115 1130934511 1130934511
9046 1130934511 1130934511
3589 1130934394 1130934632
2126 1130934394 1130934632
5747 1130934632 1130934632
3543 1130934753 1130934753
7409 1130934753 1130934753
9031 1130934753 1130934753
