1	8	121	121	1	0
1	3	236	347	1	0
1	4	236	347	1	0
1	5	121	464	1	0
1	8	585	585	2	464
1	10	589	589	1	0
1	5	700	816	2	236
1	3	589	940	2	242
1	4	589	940	2	242
1	9	940	940	1	0
1	2	1306	1306	1	0
1	11	121	1430	1	0
1	12	1430	1430	1	0
1	8	1662	1662	3	1077
1	13	121	1782	1	0
1	8	2025	2158	4	363
1	13	2275	2387	2	493
1	2	2387	2387	2	1081
1	8	2387	2387	5	229
1	13	2744	2969	3	357
1	8	2969	3195	6	582
1	13	3315	3437	4	346
1	8	4030	4030	7	835
1	13	3672	4272	5	235
1	8	5130	5254	8	1100
1	8	5517	5747	9	263
1	14	4882	6132	1	0
1	15	5130	6249	1	0
1	8	6019	6365	10	272
1	13	4638	6489	6	366
1	8	6605	6605	11	240
1	12	4882	6845	2	3452
1	11	1789	7200	2	359
1	7	7428	7653	1	0
1	5	7542	8130	3	6726
1	7	8007	8130	2	354
1	13	6845	8742	7	356
1	5	8742	8867	4	612
1	4	7428	9105	3	6488
1	5	9228	9353	5	361
1	8	9476	9476	12	2871
1	5	9598	9713	6	245
1	13	9105	9957	8	363
1	5	9957	9957	7	244
1	8	10075	10075	13	599
1	11	7542	10188	3	342
1	16	10432	10432	1	0
1	15	10432	10552	2	4183
1	8	10549	10557	14	474
1	2	10674	10674	3	8287
1	5	10195	10911	8	238
1	2	10911	10911	4	237
1	15	10787	10915	3	235
1	16	10911	10915	2	479
1	8	11033	11033	15	476
1	10	11157	11157	2	10568
1	17	11157	11157	1	0
1	15	11267	11385	4	352
1	5	11157	11494	9	246
1	16	11499	11726	3	584
1	7	11726	11726	3	3596
1	15	11835	11835	5	450
1	13	10195	12197	9	238
1	7	12680	12680	4	954
1	5	12069	12901	10	575
1	15	12441	12908	6	606
1	5	13030	13030	11	129
1	12	7200	13282	3	355
1	15	13037	13545	7	129
1	12	13421	13545	4	139
1	10	13671	13671	3	2514
1	5	13282	13793	12	252
1	7	13415	14029	5	735
1	5	14261	14261	13	468
1	11	10544	15136	4	356
1	15	13912	15257	8	367
1	7	15390	15390	6	1361
1	16	15390	15390	4	3664
1	8	15508	15508	16	4475
1	16	15641	15641	5	251
1	7	15885	15885	7	495
1	5	15136	16004	14	875
1	16	15885	16004	6	244
1	16	16129	16135	7	125
1	7	16135	16135	8	250
1	16	17091	17207	8	956
1	8	17207	17316	17	1699
1	11	15390	17426	5	254
1	12	17316	17538	5	3771
1	5	16129	17784	15	125
1	7	17660	17784	9	1525
1	2	18015	18029	5	7104
1	8	18398	18398	18	1082
1	8	19090	19090	19	692
1	15	19090	19209	9	3833
1	4	9476	19323	4	371
1	13	12680	19699	10	483
1	10	20200	20200	4	6529
1	12	18851	20816	6	1313
1	4	19577	21178	5	254
1	17	21297	21304	2	10140
1	17	21661	21661	3	357
1	5	21770	21995	16	3986
1	7	21879	21995	10	4095
1	4	21426	22376	6	248
1	17	22383	22383	4	722
1	11	17660	24542	6	234
1	4	22614	25165	7	238
1	11	24796	26642	7	254
1	8	27102	27102	20	8012
1	18	121	29263	1	0
1	10	30457	30457	5	10257
1	18	29503	32860	2	240
1	11	26768	35274	8	126
1	10	37736	37736	6	7279
1	10	40043	40043	7	2307
1	10	41261	41261	8	1218
1	10	43304	43304	9	2043
1	11	35663	50217	9	389
1	10	50465	50465	10	7161
1	10	53501	53501	11	3036
1	10	56511	56511	12	3010
1	10	59055	59055	13	2544
1	11	50465	63660	10	248
1	10	68235	68235	14	9180
1	11	64003	72963	11	343
1	6	74547	74554	1	0
1	11	73339	75041	12	376
1	17	75925	75925	5	53542
1	11	75296	77374	13	255
1	10	77594	77594	15	9359
1	7	80039	80039	11	58044
1	17	80177	80759	6	4252
1	7	80408	80881	12	369
1	11	77713	81636	14	339
1	18	33112	82704	3	252
1	2	82948	82948	6	64919
1	7	82825	83197	13	1944
1	2	83315	83315	7	367
1	2	83681	83688	8	366
1	7	84157	84292	14	960
1	18	83073	84791	4	369
1	7	85127	85127	15	835
1	12	83073	85954	7	62257
1	17	86066	86066	7	5307
1	2	86401	86401	9	2713
1	4	85373	86881	8	60208
1	2	86763	87118	10	362
1	9	87118	87118	2	86178
1	17	87118	87118	8	1052
1	3	87118	87227	3	86178
1	4	87227	87227	9	346
1	18	85127	87341	5	336
1	16	88315	88315	9	71108
1	11	81993	88670	15	357
1	12	88920	89397	8	2966
1	11	89047	89643	16	377
1	18	87696	90456	6	355
1	14	88920	91309	2	82788
1	16	91432	91432	10	3117
1	11	90107	92025	17	464
1	16	92514	92514	11	1082
1	12	89643	92880	9	246
1	2	95973	95973	11	8855
1	11	92282	96335	18	257
1	7	96335	96335	16	11208
1	2	96335	96356	12	362
1	7	96949	96949	17	614
1	11	96356	97309	19	21
1	4	95973	98392	10	8746
1	14	97923	98985	3	6614
1	2	99100	99100	13	2744
1	7	99223	99223	18	2274
1	3	95973	99348	4	8746
1	16	97923	99692	12	5409
1	14	99227	100414	4	242
1	15	97923	100537	10	78714
1	17	100650	100660	9	13532
1	18	90807	101022	7	351
1	14	100650	101262	5	236
1	16	99939	101378	13	247
1	7	101990	101997	19	2767
1	7	102484	102484	20	487
1	11	97681	103186	20	372
1	4	98636	103186	11	244
1	6	103186	103186	2	28632
1	15	103299	103424	11	2762
1	7	103424	103424	21	940
1	19	585	103543	1	0
1	11	103658	103658	21	472
1	11	104139	104139	22	481
1	2	104261	104261	14	5161
1	7	104510	104510	22	1086
1	7	105080	105312	23	570
1	18	101378	105789	8	356
1	7	105789	105789	24	477
1	7	106146	106517	25	357
1	2	106265	106517	15	2004
1	3	99808	106874	5	460
1	7	107000	107129	26	483
1	2	107129	107129	16	612
1	4	103775	107150	12	589
1	3	107129	107274	6	255
1	2	107527	107527	17	398
1	3	107520	108152	7	246
1	7	108266	108266	27	1137
1	17	107899	108385	10	7239
1	11	104503	108639	23	364
1	18	106146	109378	9	357
1	11	108777	109610	24	138
1	4	107402	110688	13	252
1	11	109839	110937	25	229
1	17	111309	111309	11	2924
1	2	111806	112398	18	4279
1	4	110937	113579	14	249
1	4	113935	113935	15	356
1	11	111309	114401	26	372
1	11	114755	114755	27	354
1	9	115094	115094	3	27976
1	2	115336	115336	19	2938
1	9	115828	115828	4	734
1	3	108639	116558	8	487
1	9	116447	116558	5	619
1	11	115094	117048	28	339
1	4	114171	117674	16	236
1	11	117309	118027	29	261
1	11	118610	119435	30	583
1	18	109501	119909	10	123
1	11	120025	120399	31	590
1	11	120877	121691	32	478
1	11	122034	122388	33	343
1	11	122409	122892	34	21
1	18	120159	124077	11	250
1	11	123131	124187	35	239
1	18	124435	125646	12	358
1	11	124442	126982	36	255
1	11	127451	128875	37	469
1	11	129216	129566	38	341
1	11	129811	129811	39	245
1	11	130057	130057	40	246
1	11	130306	130424	41	249
1	11	130789	130789	42	365
1	11	131033	131390	43	244
1	11	131650	132118	44	260
1	18	125783	133656	13	137
1	11	132591	136150	45	473
1	11	136624	137084	46	474
1	11	137450	137699	47	366
1	11	137829	139009	48	130
1	11	139368	139499	49	359
1	11	139746	139746	50	247
1	11	140222	140956	51	476
1	11	141308	142942	52	352
1	11	143198	143808	53	256
1	11	144152	144388	54	344
1	11	144632	144750	55	244
1	11	145110	145350	56	360
1	11	145818	147030	57	468
1	11	147279	147887	58	249
1	11	148352	148932	59	465
1	11	149390	151246	60	458
1	18	134009	154670	14	353
1	11	151503	156629	61	257
1	11	156986	157334	62	357
1	18	154923	157927	15	253
1	11	157697	162013	63	363
1	11	162615	162740	64	602
1	11	163093	166099	65	353
1	11	166475	168322	66	376
1	11	168690	168926	67	368
1	11	169174	170127	68	248
1	11	170494	170726	69	367
1	18	158281	171308	16	354
1	11	171075	171649	70	349
1	11	171995	171995	71	346
1	11	172238	172957	72	243
1	9	173079	173079	6	56521
1	11	173442	173901	73	485
1	9	175935	175942	7	2856
1	9	180059	180059	8	4117
1	20	180200	180200	1	0
1	20	180578	180578	2	378
1	20	180933	181058	3	355
1	9	180207	181173	9	148
1	9	181638	181638	10	465
1	11	174377	182101	74	476
1	20	182225	182225	4	1167
1	11	182473	182713	75	372
1	20	182842	183093	5	617
1	9	183093	183093	11	1455
1	9	183568	183568	12	475
1	20	183568	183683	6	475
1	20	183812	183812	7	129
1	11	182849	184303	76	136
1	20	184060	184669	8	248
1	11	184669	184782	77	366
1	20	185272	185272	9	603
1	9	185865	185865	13	2297
1	11	185034	186242	78	252
1	9	186852	186852	14	987
1	9	187576	187576	15	724
1	4	187112	187704	17	69438
1	9	187830	187958	16	254
1	9	188542	188542	17	584
1	11	186733	189981	79	491
1	11	190219	192415	80	238
1	11	192670	194299	81	255
1	11	194545	195269	82	246
1	11	195736	198083	83	467
1	11	198330	199274	84	247
1	11	199640	200728	85	366
1	11	201097	201456	86	369
1	11	201933	203855	87	477
1	11	204210	204815	88	355
1	11	205188	205556	89	373
1	11	205911	205911	90	355
1	18	171649	207859	17	341
1	18	208103	208459	18	244
1	11	206265	211196	91	354
1	18	208938	212748	19	479
1	11	211551	213110	92	355
1	18	213110	215135	20	362
1	11	213483	215732	93	373
1	11	216088	216088	94	356
1	11	216431	217026	95	343
1	11	217289	219802	96	263
1	11	220274	221763	97	472
1	18	215378	224076	21	243
1	11	222125	226981	98	362
1	11	227562	227672	99	581
1	11	227795	229151	100	123
1	11	229638	229898	101	487
1	11	230160	231124	102	262
1	11	231490	232205	103	366
1	11	232568	232682	104	363
1	11	232815	233061	105	133
1	11	233306	235694	106	245
1	18	224332	236911	22	256
1	11	236074	237748	107	380
1	11	238119	241240	108	371
1	11	241487	243140	109	247
1	11	243397	245793	110	257
1	11	246261	250077	111	468
1	11	250430	250921	112	353
1	12	250921	251290	10	158041
1	11	251171	251513	113	250
1	11	251762	251994	114	249
1	11	252354	252929	115	360
1	11	253064	254052	116	135
1	12	256793	256793	11	5503
1	14	256793	256793	6	155531
1	11	254290	256920	117	238
1	11	257274	257521	118	354
1	8	258123	258123	21	231021
1	8	258501	258501	22	378
1	12	259340	259466	12	2547
1	14	259340	259466	7	2547
1	8	262612	262612	23	4111
1	8	265106	265106	24	2494
1	11	257890	265342	119	369
2	18	121	121	1	0
2	8	121	121	1	0
2	4	121	121	1	0
2	3	121	236	1	0
2	19	121	347	1	0
2	11	121	347	1	0
2	7	236	347	1	0
2	6	347	464	1	0
2	3	589	589	2	353
2	13	121	816	1	0
2	18	464	816	2	343
2	6	940	940	2	476
2	7	816	1185	2	469
2	17	1062	1185	1	0
2	18	1306	1306	3	490
2	6	1306	1430	3	366
2	7	1662	1662	3	477
2	13	1782	1782	2	966
2	17	1782	1782	2	597
2	6	1782	1782	4	352
2	18	1782	1782	4	476
2	10	1782	1893	1	0
2	7	1893	1893	4	231
2	8	585	1899	2	464
2	11	700	2012	2	353
2	19	1896	2012	2	1549
2	10	2012	2012	2	119
2	17	1896	2015	3	114
2	13	2015	2141	3	233
2	10	2251	2251	3	239
2	11	2251	2370	3	239
2	7	2370	2370	5	477
2	17	2494	2494	4	479
2	19	2370	2727	3	358
2	13	2494	2727	4	353
2	18	2494	2727	5	712
2	8	2603	2727	3	704
2	10	2727	2727	4	476
2	11	2727	2727	4	357
2	7	2952	2952	6	582
2	7	3648	3655	7	696
2	7	4013	4136	8	358
2	1	5237	5244	1	0
2	11	5244	5244	5	2517
2	19	5237	5251	4	2510
2	15	10069	10187	1	0
2	7	12805	12805	9	8669
2	13	14639	14639	5	11912
2	16	14639	14639	1	0
2	19	14639	14876	5	9388
2	4	14639	14876	2	14518
2	12	14639	14876	1	0
2	11	14639	14876	6	9395
2	1	14876	14876	2	9632
2	1	17595	17595	3	2719
2	7	17826	17826	10	5021
2	1	18045	18045	4	450
2	5	18157	18164	1	0
2	15	19352	19352	2	9165
2	7	19951	20320	11	2125
2	3	21802	21802	3	21213
2	9	21802	21802	1	0
2	5	21928	21928	2	3764
2	13	22050	22050	6	7411
2	1	22050	22050	5	4005
2	10	22050	22050	5	19323
2	11	22050	22050	7	7174
2	4	22050	22050	3	7174
2	18	22050	22050	6	19323
2	19	22050	22050	6	7174
2	21	41763	41885	1	0
2	21	74201	74314	2	32316
2	21	74676	74676	3	362
2	21	74813	74813	4	137
2	21	75539	75539	5	726
2	17	84191	84305	5	81697
2	1	84191	84542	6	62141
2	7	84312	84542	12	63992
2	7	85751	85751	13	1209
2	19	86911	86911	7	64861
2	1	86911	86911	7	2369
2	1	87505	87505	8	594
2	11	87624	87965	8	65574
2	18	87742	87965	7	65692
2	12	87965	87965	2	73089
2	17	90021	90021	6	5716
2	18	90378	90378	8	2413
2	4	90378	90378	4	68328
2	11	90378	90378	9	2413
2	1	90378	90378	9	2873
2	19	90378	90378	8	3467
2	9	90490	90609	2	68688
2	3	90490	90609	4	68688
2	17	90609	90609	7	588
2	1	90848	91080	10	470
2	19	90958	91080	9	580
2	6	91202	91202	5	89420
2	11	91202	91202	10	824
2	10	91202	91202	6	69152
2	17	91202	91202	8	593
2	4	90958	91431	5	580
2	3	91316	91677	5	707
2	4	91566	91677	6	135
2	7	92056	92186	14	6305
2	17	92181	92186	9	979
2	3	92186	92186	6	509
2	6	92181	92307	6	979
2	4	92056	92416	7	379
2	7	92527	92531	15	341
2	6	92531	92654	7	224
2	7	92779	93380	16	248
2	6	92893	93380	8	239
2	6	93861	93861	9	481
2	4	92654	93985	8	238
2	6	94109	94233	10	248
2	6	94468	94719	11	235
2	4	94114	95476	9	129
2	6	95215	95615	12	496
2	9	91431	95731	3	822
2	17	92527	95731	10	341
2	4	95496	95731	10	20
2	7	93861	96102	17	481
2	6	96464	96464	13	849
2	6	96602	96602	14	138
2	4	96102	96850	11	371
2	6	96850	97431	15	248
2	7	96464	97438	18	362
2	4	97184	97803	12	334
2	9	96102	97931	4	371
2	6	97803	98045	16	372
2	22	98393	98393	1	0
2	7	97803	98879	19	365
2	3	92661	99110	7	475
2	17	96102	99110	11	371
2	4	98052	99110	13	249
2	6	98283	99110	17	238
2	9	98393	99225	5	462
2	3	99474	99816	8	364
2	9	99706	99816	6	481
2	4	99706	99939	14	596
2	10	99939	99939	7	8737
2	11	99939	99939	11	8737
2	20	100299	100299	1	0
2	9	100299	100299	7	483
2	18	100425	100425	9	10047
2	19	100425	100425	10	9345
2	1	100425	100425	11	9345
2	3	100425	100537	9	609
2	3	100665	100665	10	128
2	3	100904	100904	11	239
2	3	101040	102858	12	136
2	18	103098	103098	10	2673
2	15	103098	103098	3	83746
2	4	103098	103098	15	3159
2	19	103098	103098	11	2673
2	11	103210	103210	12	3271
2	7	102502	103324	20	3623
2	1	103098	103324	12	2673
2	7	104159	104159	21	835
2	3	103331	104271	13	473
2	3	104642	104642	14	371
2	3	105002	106047	15	360
2	7	106523	106775	22	2364
2	3	106404	107125	16	357
2	7	107132	107265	23	357
2	3	107387	107401	17	262
2	7	107653	107660	24	388
2	3	107660	107660	18	259
2	7	107909	108157	25	249
2	3	108164	108282	19	504
2	20	108410	108410	2	8111
2	9	108410	108410	8	8111
2	7	108524	108524	26	367
2	3	108763	108763	20	481
2	7	109517	109643	27	993
2	1	109868	109868	13	6544
2	7	109868	109868	28	225
2	7	110222	110222	29	354
2	3	110222	110222	21	1459
2	1	110222	110331	14	354
2	3	110574	111077	22	352
2	7	110574	111077	30	352
2	1	110953	111077	15	622
2	7	111693	111693	31	616
2	3	111810	111810	23	733
2	17	112064	112064	12	12954
2	7	111942	112191	32	249
2	3	112064	112421	24	254
2	3	113118	113118	25	697
2	3	113711	114318	26	593
2	11	115962	115962	13	12752
2	3	114892	116328	27	574
2	4	115840	116454	16	12742
2	1	115840	116461	16	4763
2	18	115962	116461	11	12864
2	20	116577	116926	3	8167
2	9	116584	117188	9	8174
2	3	117434	117560	28	1106
2	3	117812	117932	29	252
2	11	119341	119341	14	3379
2	10	119341	119341	8	19402
2	3	118394	119454	30	462
2	1	119218	119454	17	2757
2	4	119341	119454	17	2887
2	18	119454	119454	12	2993
2	9	202198	203273	10	85010
2	4	202071	203756	18	82617
2	4	204351	204475	19	595
2	9	204468	204830	11	1195
2	9	205194	205194	12	364
2	9	205323	205323	13	129
2	4	204823	205446	20	348
2	17	202071	205559	13	90007
2	3	202191	205559	31	82737
2	17	206040	206040	14	481
2	3	206646	206646	32	1087
2	4	209314	209314	21	3868
2	3	209427	209547	33	2781
2	17	206523	209674	15	483
2	9	209547	209674	14	4224
2	9	210029	210139	15	355
2	4	210139	210379	22	825
2	9	210634	210634	16	495
2	3	209913	211221	34	366
2	17	210029	211226	16	355
2	4	211103	211338	23	724
2	9	211221	211338	17	587
2	9	254308	254787	18	42970
2	9	255021	255962	19	234
2	9	256088	257292	20	126
2	9	257650	258503	21	358
2	9	258983	258990	22	480
2	9	259248	260319	23	258
2	9	260690	265476	24	371
2	9	265849	267406	25	373
2	9	267661	268290	26	255
2	23	268429	268429	1	0
2	24	268547	268785	1	0
2	9	268429	269247	27	139
2	9	270420	270420	28	1173
2	9	271628	273671	29	1208
2	9	274028	278821	30	357
2	3	336711	336711	35	125490
2	3	337323	337330	36	612
2	18	337330	337330	13	217876
2	8	337330	337330	4	334603
2	1	337330	337330	18	217876
2	17	337809	337809	17	126583
2	17	338277	338296	18	468
2	8	338277	338429	5	947
2	6	338284	338429	18	239174
2	20	338277	338556	4	221351
2	5	338556	338556	3	316628
2	1	338556	338556	19	1226
2	10	338168	338779	9	218827
2	11	338168	338779	15	218827
2	9	338284	338779	31	59463
2	18	338556	338779	14	1226
2	8	338779	338779	6	350
2	3	338779	338779	37	1449
2	7	339018	339039	33	226827
2	3	339162	339162	38	383
2	3	339521	339521	39	359
2	3	340610	340610	40	1089
2	7	340727	340727	34	1688
2	8	340727	340734	7	1948
2	17	340734	340734	19	2438
2	1	341078	341078	20	2522
2	3	340968	341193	41	358
2	17	341078	341309	20	344
2	5	341776	341776	4	3220
2	7	342522	342522	35	1795
2	5	342522	342522	5	746
2	25	342644	342644	1	0
2	11	341535	343242	16	2756
2	7	343100	343242	36	578
2	5	343242	343242	6	720
2	5	343604	343718	7	362
2	5	344197	344197	8	479
2	9	344308	344308	32	5529
2	8	344308	344308	8	3574
2	7	344544	344544	37	1302
2	11	343597	345018	17	355
2	10	344197	345018	10	5418
2	6	344197	345018	19	5768
2	5	344544	345018	9	347
2	1	345133	345133	21	4055
2	1	345632	345632	22	499
2	3	345133	345744	42	3940
2	3	345988	346216	43	244
2	1	346216	346216	23	584
2	1	346557	346564	24	341
2	5	346790	346790	10	1772
2	3	346564	346918	44	348
2	1	347044	347044	25	480
2	3	347412	348260	45	494
2	17	348260	348260	21	6951
2	1	347538	348623	26	494
2	3	348497	348623	46	237
2	3	348864	349087	47	241
2	17	349087	349094	22	827
2	7	348975	349325	38	4431
2	1	348864	349809	27	241
2	7	349693	349927	39	368
2	7	350288	350295	40	361
2	9	350288	350295	33	5980
2	1	350295	350663	28	486
2	7	350552	351025	41	257
2	7	351263	351523	42	238
2	3	349565	351874	48	478
2	1	351389	351881	29	726
2	8	351888	351888	9	7580
2	7	352013	352013	43	490
2	1	352123	352123	30	242
2	3	352123	352253	49	249
2	3	352622	352622	50	369
2	3	352988	352988	51	366
2	3	353339	353339	52	351
2	7	353339	353339	44	1326
2	3	353708	353708	53	369
2	1	353818	353818	31	1695
2	7	353596	354051	45	257
2	3	353941	354166	54	233
2	17	354643	354643	23	5549
2	3	354643	354763	55	477
2	1	354763	354763	32	945
2	7	354763	354898	46	712
2	8	355009	355009	10	3121
2	10	355009	355016	11	9991
2	6	355009	355016	20	9991
2	11	355009	355016	18	9991
2	4	355009	355016	24	143671
2	20	355016	355016	5	16460
2	7	355130	355130	47	232
2	3	355475	355475	56	712
2	17	355707	355707	24	1064
2	7	355833	356070	48	703
2	3	356070	356070	57	595
2	7	356439	356439	49	369
2	7	357748	357748	50	1309
2	9	358004	358004	34	7709
2	3	358237	358237	58	2167
2	3	358973	358973	59	736
2	7	358719	359090	51	971
2	5	359311	359311	11	12521
2	12	359311	359311	3	271346
3	1	121	236	1	0
3	5	236	236	1	0
3	13	121	347	1	0
3	19	347	464	1	0
3	4	236	585	1	0
3	5	585	585	2	349
3	6	585	585	1	0
3	1	585	585	2	349
3	8	121	700	1	0
3	19	700	700	2	236
3	10	700	700	1	0
3	18	121	816	1	0
3	11	236	816	1	0
3	13	589	816	2	242
3	5	816	816	3	231
3	26	1062	1062	1	0
3	26	1553	1553	2	491
3	26	1789	1789	3	236
3	26	3437	3555	4	1648
3	26	4153	4153	5	598
3	27	4385	4385	1	0
3	27	4882	5261	2	497
3	15	6256	6256	1	0
3	26	6379	6379	6	2226
3	9	1062	6969	1	0
3	27	6852	6969	3	1591
3	27	7323	7549	4	354
3	27	8137	8137	5	588
3	17	8503	8503	1	0
3	26	8874	8874	7	2495
3	27	8998	8998	6	861
3	9	7323	9611	2	354
3	27	9727	9727	7	729
3	17	8998	9842	2	495
3	9	9963	10324	3	352
3	17	10561	10561	3	719
3	17	11165	11172	4	604
3	17	11416	11540	5	244
3	9	10680	11890	4	356
3	26	11890	11890	8	3016
3	27	12006	12006	8	2279
3	27	12342	12342	9	336
3	26	12342	12342	9	452
3	26	12704	12948	10	362
3	17	13075	13075	6	1535
3	26	13791	13791	11	843
3	27	14183	14183	10	1841
3	26	14057	14424	12	266
3	26	14893	14893	13	469
3	17	15002	15002	7	1927
3	27	14893	15137	11	710
3	26	15271	15271	14	378
3	17	15271	15278	8	269
3	27	15278	15278	12	141
3	15	15403	15403	2	9147
3	27	15648	15648	13	370
3	27	16014	16014	14	366
3	17	15648	16643	9	370
3	9	12233	16898	5	343
3	27	17013	17375	15	999
3	17	17612	17612	10	969
3	2	17727	17843	1	0
3	17	17952	18062	11	340
3	27	18181	18296	16	806
3	17	19034	19034	12	972
3	8	19143	19143	2	18443
3	17	19480	19480	13	446
3	27	19480	19487	17	1184
3	27	19961	19961	18	474
3	27	20966	20973	19	1005
3	17	20337	21210	14	857
3	17	21575	21575	15	365
3	27	22188	22188	20	1215
3	17	21938	22302	16	363
3	9	17254	22770	6	356
3	9	23024	24944	7	254
3	9	25308	27634	8	364
3	9	27985	27985	9	351
3	9	28245	31325	10	260
3	9	31561	33015	11	236
3	9	33378	34348	12	363
3	9	34686	37034	13	338
3	9	37385	42263	14	351
3	9	42517	45648	15	254
3	9	46010	54142	16	362
3	9	54386	56420	17	244
3	9	56668	57152	18	248
3	9	57514	59936	19	362
3	9	60179	61749	20	243
3	9	62096	63626	21	347
3	9	63965	68137	22	339
3	9	68502	75188	23	365
3	17	76189	76566	17	53887
3	17	76815	76946	18	249
3	17	77322	77322	19	376
3	9	75437	78470	24	249
3	9	78612	80190	25	142
3	17	77782	80559	20	460
3	9	80680	82980	26	490
3	2	83589	83589	2	65746
3	17	80937	84559	21	378
3	2	86485	86707	3	2896
3	17	84926	87042	22	367
3	19	87156	87156	3	86456
3	1	87156	87156	3	86571
3	2	87156	87156	4	449
3	18	87282	87282	2	86466
3	11	87282	87282	2	86466
3	10	87282	87282	2	86582
3	15	87404	87404	3	72001
3	2	87522	87641	5	366
3	2	88337	88337	6	696
3	4	87282	88452	2	86697
3	6	88223	88571	2	87638
3	2	88826	88953	7	489
3	6	88826	88953	3	255
3	7	88337	89072	1	0
3	9	83224	89433	27	244
3	2	89308	89561	8	355
3	9	89796	90029	28	363
3	4	88696	90156	3	244
3	7	89433	90156	2	361
3	9	90379	90379	29	350
3	7	90498	90969	3	342
3	28	91330	91330	1	0
3	4	90498	91562	4	342
3	7	91320	91684	4	351
3	6	89308	92066	4	355
3	2	89911	92066	9	350
3	9	91091	92544	30	712
3	4	91818	92776	5	256
3	9	92899	93020	31	355
3	2	92416	93374	10	350
3	2	93867	94227	11	493
3	7	91941	94232	5	257
3	29	94478	94478	1	0
3	22	94478	94481	1	0
3	6	92412	94593	5	346
3	2	94478	94593	12	251
3	9	93495	94597	32	475
3	7	94481	94723	6	249
3	2	94723	94723	13	130
3	29	94729	94729	2	251
3	6	94729	94865	6	136
3	7	94865	94996	7	142
3	2	94858	95112	14	135
3	6	95112	95232	7	247
3	17	88223	95235	23	1181
3	7	95232	95235	8	236
3	2	95592	95739	15	480
3	9	94729	95977	33	132
3	11	95977	95977	3	8695
3	4	93020	96692	6	244
3	2	96815	96815	16	1076
3	7	96699	96941	9	1464
3	19	96104	97064	4	8948
3	4	96941	97064	7	249
3	18	96104	97306	3	8822
3	2	97306	97654	17	491
3	19	97544	97654	5	480
3	18	97654	97901	4	348
3	4	97654	98017	8	590
3	14	97901	98017	1	0
3	7	97778	98024	10	837
3	16	97901	98024	1	0
3	19	98024	98142	6	370
3	18	98142	98611	5	241
3	19	98611	98611	7	469
3	4	98255	98858	9	238
3	15	97901	98969	4	10497
3	7	98737	99079	11	713
3	19	98969	99202	8	358
3	2	98024	99318	18	370
3	14	98255	99323	2	238
3	16	98858	99451	2	834
3	15	99318	99451	5	349
3	7	99323	99560	12	244
3	2	99560	99560	19	242
3	11	99798	99798	4	3821
3	15	99798	99798	6	347
3	2	99912	99912	20	352
3	2	100050	100050	21	138
3	11	100163	100170	5	365
3	2	100175	100297	22	125
3	15	100043	100537	7	245
3	7	100537	100537	13	977
3	16	99912	100665	3	461
3	17	100665	100665	24	5430
3	14	99560	100893	3	237
3	1	96104	101388	4	8948
3	16	101144	101388	4	479
3	11	101144	101505	6	974
3	7	101870	101999	14	1333
3	11	102355	102355	7	850
3	19	99451	102588	9	249
3	2	101505	103173	23	1208
3	11	102939	103297	8	584
3	15	103290	103416	8	2753
3	19	102939	103654	10	351
3	2	103416	104018	24	243
3	7	102355	104141	15	356
3	15	104141	104141	9	725
3	2	104375	104375	25	357
3	2	104827	105061	26	452
3	7	105061	105061	16	920
3	11	104712	105068	9	1415
3	7	105428	105545	17	367
3	4	99202	105661	10	344
3	7	106257	106389	18	712
3	2	106032	106515	27	971
3	11	106651	106651	10	1583
3	7	106658	106789	19	269
3	1	101632	107042	5	244
3	2	106651	107042	28	136
3	7	107035	107166	20	246
3	11	107292	107292	11	641
3	2	107667	107667	29	625
3	7	107667	107667	21	501
3	11	107900	108020	12	608
3	17	108020	108292	25	7355
3	7	108161	108292	22	494
3	2	108530	108893	30	863
3	2	109016	109479	31	123
3	11	109347	109479	13	1327
3	4	106032	109831	11	371
3	2	109956	110203	32	477
3	11	111067	111067	14	1588
3	17	111321	111321	26	3029
3	2	110452	111448	33	249
3	11	111448	111448	15	381
3	2	111789	112375	34	341
3	11	113208	113208	16	1760
3	4	110079	113909	12	248
3	2	113450	114495	35	1075
3	4	114149	114495	13	240
3	2	114851	114978	36	356
3	4	115097	115343	14	602
3	2	115219	115473	37	241
3	4	115704	115718	15	361
3	4	115962	116183	16	244
3	4	116438	116438	17	255
3	18	98969	116563	6	358
3	1	107414	116563	6	372
3	9	116824	117189	34	20847
3	9	117542	118711	35	353
3	9	119294	130194	36	583
3	9	130905	131158	37	711
3	9	131400	135906	38	242
3	9	136146	139737	39	240
3	9	139998	141086	40	261
3	9	141211	141211	41	125
3	9	141575	141596	42	364
3	9	141854	147156	43	258
3	9	147514	148912	44	358
3	9	149278	149778	45	366
3	9	150021	151018	46	243
3	9	151378	152845	47	360
3	9	152994	154185	48	149
3	9	154438	154438	49	253
3	9	154809	156255	50	371
3	9	156735	157560	51	480
3	9	157908	160672	52	348
3	9	160920	161528	53	248
3	20	163937	164057	1	0
3	9	161896	169642	54	368
3	9	189734	191313	55	20092
3	20	193013	193129	2	28956
3	20	194060	194285	3	931
3	101	194777	194784	1	0
3	9	191452	195251	56	139
3	9	195605	195956	57	354
3	9	196193	197838	58	237
3	9	198078	198078	59	240
3	4	195949	199029	18	79511
3	9	199267	199281	60	1189
3	4	199405	199645	19	376
3	2	198078	200375	38	82605
3	9	199529	200375	61	248
3	4	199883	200734	20	238
3	2	200612	201577	39	237
3	4	201205	201577	21	471
3	9	200855	201688	62	480
3	9	202163	202170	63	475
3	4	201925	202413	22	348
3	2	202530	202530	40	953
3	4	203013	203137	23	600
3	4	203370	203725	24	233
3	2	203848	203848	41	1318
3	17	195949	204703	27	84628
3	17	204947	205662	28	244
3	4	205419	205780	25	1694
3	2	205546	205780	42	1698
3	17	205910	206146	29	248
3	4	206881	206881	26	1101
3	2	206028	207114	43	248
3	9	203137	207367	64	967
3	9	207618	208684	65	251
3	4	207240	208804	27	359
3	4	209286	209286	28	482
3	17	206509	209396	30	363
3	9	209058	209891	66	374
3	4	209763	211073	29	477
3	17	210121	211798	31	725
4	8	121	347	1	0
4	19	347	464	1	0
4	6	464	464	1	0
4	8	819	819	2	472
4	10	819	943	1	0
4	1	943	943	1	0
4	13	121	1433	1	0
4	5	121	1433	1	0
4	1	1433	1433	2	490
4	19	819	1556	2	355
4	18	121	1665	1	0
4	11	121	1665	1	0
4	3	1065	1665	1	0
4	8	1665	1665	3	846
4	10	1665	1665	2	722
4	17	1785	1785	1	0
4	26	1785	1785	1	0
4	30	2857	2857	1	0
4	5	1908	3198	2	475
4	6	3198	3198	2	2734
4	30	3318	3909	2	461
4	6	3675	4026	3	477
4	7	2161	4156	1	0
4	5	3675	4275	3	477
4	30	4156	4275	3	247
4	30	5019	5019	4	744
4	31	2857	5133	1	0
4	6	4275	5257	4	249
4	7	4514	5264	2	358
4	32	5019	5633	1	0
4	6	5394	5765	5	137
4	7	5633	6020	3	369
4	32	6136	6136	2	503
4	7	6247	6254	4	227
4	33	5893	6850	1	0
4	7	6610	7205	5	356
4	17	3198	7321	2	1413
4	6	6247	7433	6	482
4	8	8379	8379	4	6714
4	7	7547	8622	6	342
4	1	8379	8622	3	6946
4	11	8379	8749	2	6714
4	10	8622	8863	3	6957
4	8	8622	9111	5	243
4	12	8501	9234	1	0
4	10	9234	9234	4	371
4	19	8379	9354	3	6823
4	8	9590	9590	6	479
4	11	9111	9709	3	362
4	19	9593	9709	4	239
4	1	8863	9940	4	241
4	8	9944	10058	7	354
4	5	4641	10170	4	366
4	10	9469	10416	5	235
4	1	10058	10538	5	118
4	8	10182	11002	8	124
4	10	11002	11002	6	586
4	1	10890	11119	6	352
4	6	11233	11233	7	3800
4	8	11233	11233	9	231
4	18	8379	11346	2	6714
4	10	11346	11455	7	344
4	2	11566	11566	1	0
4	5	10656	11689	5	486
4	16	11566	11693	1	0
4	10	11693	11811	8	238
4	15	11566	11814	1	0
4	2	11814	11814	2	248
4	1	11566	11819	7	447
4	8	11931	11931	10	698
4	10	11931	12041	9	120
4	16	11819	12282	2	126
4	5	11931	12282	6	242
4	8	12277	12282	11	346
4	11	9944	12401	4	235
4	15	12041	12401	2	227
4	8	12539	12539	12	257
4	16	12526	12545	3	244
4	5	12526	12669	7	244
4	6	12545	12672	8	1312
4	10	12396	12913	10	355
4	1	12401	13030	8	582
4	8	13030	13494	13	491
4	1	13491	13497	9	461
4	7	13491	13497	7	4869
4	10	13497	13501	11	584
4	12	9469	13503	2	235
4	16	13501	13506	4	956
4	5	13382	13631	8	713
4	6	13631	13631	9	959
4	7	13631	13751	8	134
4	13	8379	13997	2	6946
4	8	13751	13997	14	257
4	10	13876	14000	12	375
4	1	14000	14000	10	503
4	13	14115	14115	3	118
4	5	14004	14118	9	373
4	8	14118	14118	15	121
4	12	13751	14121	3	248
4	13	14241	14241	4	126
4	16	14000	14245	5	494
4	5	14245	14245	10	127
4	1	14245	14245	11	245
4	12	14359	14482	4	238
4	6	14482	14482	10	851
4	16	14604	14604	6	359
4	1	14720	14720	12	475
4	16	14725	14725	7	121
4	5	14609	14729	11	364
4	10	14241	14848	13	241
4	5	14964	14964	12	235
4	8	14485	15085	16	367
4	10	15210	15210	14	362
4	11	12669	15322	5	268
4	16	14964	15437	8	239
4	8	15437	15437	17	352
4	5	15437	15553	13	473
4	1	14851	15662	13	131
4	11	15662	15662	6	340
4	8	15772	15772	18	335
4	5	15884	15888	14	331
4	1	16003	16127	14	341
4	15	12672	16236	3	271
4	10	15884	16358	15	674
4	16	16236	16358	9	799
4	1	16362	16362	15	235
4	8	16127	16489	19	355
4	10	16489	16489	16	131
4	1	16491	16608	16	129
4	8	16717	16826	20	228
4	1	16943	17299	17	335
4	10	17418	17418	17	929
4	5	16236	17532	15	348
4	1	17532	17532	18	233
4	8	17060	17544	21	234
4	16	16491	17664	10	133
4	10	17544	17790	18	126
4	5	17664	18155	16	132
4	16	18024	18159	11	360
4	8	18286	18286	22	742
4	11	16236	18290	7	574
4	1	17664	18290	19	132
4	14	18399	18399	1	0
4	19	9944	18404	5	235
4	10	18286	18404	19	496
4	8	18530	18530	23	244
4	5	18404	18644	17	249
4	11	18644	18644	8	354
4	14	18648	18648	2	249
4	12	18286	18766	5	3804
4	7	18766	18766	9	5015
4	17	18644	18769	3	11323
4	8	18766	18769	24	236
4	10	19005	19005	20	601
4	11	18886	19131	9	242
4	15	18290	19252	4	2054
4	1	18530	19252	20	240
4	8	19009	19366	25	240
4	13	14482	19832	5	241
4	10	19366	19960	21	361
4	16	19960	19960	12	1801
4	15	19584	20080	5	332
4	8	20433	20548	26	1067
4	10	20548	20548	22	588
4	13	20080	20676	6	248
4	8	20924	20924	27	376
4	10	21038	21038	23	490
4	10	21389	21389	24	351
4	1	19700	21394	21	448
4	8	21394	21643	28	470
4	34	21149	21752	1	0
4	12	19005	21866	6	239
4	10	21643	21866	25	254
4	8	22114	22241	29	471
4	34	21989	22365	2	237
4	7	22617	22617	10	3851
4	17	22610	22623	4	3841
4	5	22610	23000	18	3966
4	10	22241	23126	26	375
4	8	23240	23240	30	999
4	8	23591	23591	31	351
4	8	23847	23847	32	256
4	8	24293	24412	33	446
4	1	21752	24419	22	358
4	10	23840	25034	27	714
4	10	25494	25608	28	460
4	1	24679	25736	23	260
4	18	11689	25971	3	343
4	19	18648	25971	6	244
4	1	25971	25971	24	235
4	11	19475	26201	10	344
4	10	26087	26201	29	479
4	8	26087	26201	34	1675
4	1	86231	86585	25	60260
4	10	86350	86696	30	60149
4	12	86231	86808	7	64365
4	6	86927	86927	11	72445
4	6	87398	87398	12	471
4	10	87049	87884	31	353
4	6	87995	87995	13	597
4	19	86231	88121	7	60260
4	1	86927	88121	26	342
4	11	86231	88123	11	60030
4	18	86350	88123	4	60379
4	17	87995	88123	5	65372
4	10	88121	88123	32	237
4	6	88123	88123	14	128
4	15	88246	88246	6	68166
4	35	88246	88246	1	0
4	2	88121	88619	3	76307
4	6	89089	89212	15	966
4	3	88246	89326	2	86581
4	2	88966	89326	4	347
4	9	88117	89453	1	0
4	9	89812	89933	2	359
4	7	88966	90294	11	66349
4	17	89089	90537	6	966
4	6	89453	90779	16	241
4	9	90170	91025	3	237
4	6	91152	91404	17	373
4	2	89569	91429	5	243
4	9	91399	91785	4	374
4	6	91417	91785	18	13
4	3	89686	91910	3	360
4	2	91780	92150	6	351
4	9	92031	92150	5	246
4	6	92031	92156	19	246
4	28	92150	92167	1	0
4	2	92167	92291	7	17
4	2	92415	92636	8	124
4	6	92405	92749	20	249
4	9	92291	92873	6	141
4	2	92996	93245	9	360
4	9	93119	93372	7	246
4	3	92150	93721	4	240
4	7	90537	94078	12	243
4	2	93486	94430	10	241
4	6	93372	94548	21	623
4	3	94078	95033	5	357
4	6	94912	95377	22	364
4	22	95377	95377	1	0
4	29	95377	95377	1	0
4	3	95493	95505	6	460
4	7	94663	95861	13	585
4	3	96087	96087	7	582
4	17	90774	96100	7	237
4	2	94786	96100	11	356
4	6	95505	96100	23	128
4	7	96100	96100	14	239
4	3	96219	96339	8	132
4	9	94199	96843	8	827
4	2	96594	96843	12	494
4	17	96955	96955	8	855
4	2	97322	97322	13	479
4	10	97441	97441	33	9318
4	3	96594	99236	9	255
4	10	99351	99351	34	1910
4	3	99472	99703	10	236
4	6	99829	99952	24	3729
4	1	96955	100071	27	8834
4	2	100071	100076	14	2749
4	15	98879	100192	7	10633
4	6	100536	100646	25	584
4	10	100878	100878	35	1527
4	15	100536	101117	8	344
4	10	101117	101117	36	239
4	10	101477	101710	37	360
4	14	98879	102191	3	80231
4	16	98879	102306	13	78919
4	10	102438	102438	38	728
4	6	102571	102571	26	1925
4	10	102838	103091	39	400
4	6	103215	103215	27	644
4	3	100192	103470	11	489
4	6	104069	104069	28	854
4	1	100310	104203	28	239
4	11	96955	104340	12	8832
4	19	96955	104456	8	8834
4	16	104451	104824	14	2145
4	1	104340	104940	29	137
4	15	104196	105161	9	3079
4	10	105628	105628	40	2537
4	3	103830	105755	12	360
4	10	106134	106134	41	506
4	1	105271	106500	30	331
4	10	106748	106748	42	614
4	10	107245	107245	43	497
4	7	107245	107245	15	11145
4	10	107959	108069	44	714
4	10	108410	108649	45	341
4	7	109018	109018	16	1773
4	17	108892	109255	9	11937
4	10	109381	109381	46	732
4	10	109840	109840	47	459
4	3	106003	110073	13	248
4	3	110419	110419	14	346
4	3	110902	111021	15	483
4	10	111021	111021	48	1181
4	10	111267	111267	49	246
4	10	111635	111635	50	368
4	3	111267	112107	16	246
4	17	112229	112239	10	2974
4	2	112746	112863	15	12670
4	10	111765	112983	51	130
4	1	106991	113919	31	491
4	10	113445	114269	52	462
4	3	112236	115468	17	129
4	3	115708	115829	18	240
4	10	115957	116295	53	1688
4	2	116295	116409	16	3432
4	10	116891	116891	54	596
4	1	114269	117000	32	350
4	3	116186	117343	19	357
4	10	117343	117343	55	452
4	9	117343	117463	9	20500
4	1	117343	117580	33	343
4	10	117697	117697	56	354
4	10	118072	118072	57	375
4	1	117711	118194	34	131
4	10	118201	118201	58	129
4	18	96955	118554	5	8832
4	11	104583	118554	13	243
4	1	118327	118554	35	133
4	10	188225	188225	59	70024
4	1	188093	188574	36	69539
4	18	188093	188574	6	69539
4	9	188093	188692	10	70630
4	11	188093	188692	14	69539
4	10	188567	188692	60	342
5	10	464	464	1	0
5	6	464	464	1	0
5	19	236	702	1	0
5	6	702	818	2	238
5	8	121	1064	1	0
5	11	121	1308	1	0
5	4	121	1308	1	0
5	19	1064	1308	2	362
5	10	1308	1308	2	844
5	1	1432	1432	1	0
5	8	1664	1664	2	600
5	4	1664	1664	2	356
5	9	1784	1788	1	0
5	3	1308	1897	1	0
5	11	1784	1897	2	476
5	19	1664	1901	3	356
5	7	1897	1901	1	0
5	18	121	1904	1	0
5	13	236	1904	1	0
5	1	1784	1904	2	352
5	10	1901	1904	3	593
5	6	1904	1904	3	1086
5	9	1904	1904	2	116
5	4	2017	2503	3	353
5	7	2260	2736	2	359
5	30	2961	2961	1	0
5	31	2961	3307	1	0
5	7	3073	4022	3	337
5	4	2961	4503	4	458
5	7	4503	5122	4	481
5	32	5122	5122	1	0
5	4	4874	5246	5	371
5	6	3657	5741	4	1753
5	7	5384	5748	5	262
5	7	6010	6241	6	262
5	33	6010	6248	1	0
5	17	3307	6604	1	0
5	33	6488	6844	2	240
5	6	6130	6961	5	389
5	4	5384	7078	6	138
5	17	6961	7427	2	357
5	6	7315	7427	6	354
5	7	6844	8249	7	603
5	8	8495	8495	3	6831
5	6	8495	8495	7	1068
5	10	8495	8495	4	6591
5	1	8613	8613	3	6709
5	11	8495	8744	3	6598
5	8	8868	8868	4	373
5	18	8495	8982	2	6591
5	10	8744	8982	5	249
5	7	8613	9105	8	364
5	11	9353	9481	4	609
5	8	9712	9712	5	844
5	19	8495	10074	4	6594
5	11	9833	10431	5	352
5	1	8868	10550	4	255
5	8	10677	10677	6	965
5	13	8495	10681	2	6591
5	8	10917	11036	7	240
5	19	10677	11043	5	603
5	19	11395	11395	6	352
5	8	11395	11395	8	359
5	1	10911	11507	5	361
5	2	11635	11635	1	0
5	11	10677	11744	6	246
5	8	11744	11744	9	349
5	11	11978	11978	7	234
5	11	12321	12449	8	343
5	1	11751	12693	6	244
5	19	12321	12693	7	926
5	11	12820	13042	9	371
5	8	13042	13042	10	1298
5	4	7427	13153	7	349
5	4	13282	13282	8	129
5	15	13282	13282	1	0
5	11	13166	13407	10	124
5	8	13287	13539	11	245
5	1	13042	13673	7	349
5	11	13797	13797	11	390
5	15	13797	13797	2	515
5	19	13042	13923	8	349
5	12	8613	14633	1	0
5	1	14281	14749	8	608
5	2	15004	15004	2	3369
5	7	15004	15004	9	5899
5	10	15011	15011	6	6029
5	8	15011	15141	12	1472
5	1	15016	15386	9	267
5	15	15141	15386	3	1344
5	11	14164	15507	12	367
5	4	13407	15641	9	125
5	19	14749	15759	9	826
5	8	15766	15886	13	625
5	19	16137	16137	10	378
5	8	16137	16256	14	251
5	1	16130	16751	10	744
5	19	16381	16879	11	244
5	11	16374	17350	13	867
5	8	16879	17465	15	623
5	16	17581	17581	1	0
5	11	17690	17690	14	340
5	7	17800	17800	10	2796
5	16	17919	17919	2	338
5	11	17919	18034	15	229
5	19	17238	18389	12	359
5	1	17113	18396	11	362
5	17	18389	18403	3	10962
5	11	18389	18403	16	355
5	8	18403	18403	16	938
5	18	9353	18881	3	371
5	13	10917	18881	3	236
5	4	15766	18881	10	125
5	1	18644	18881	12	248
5	17	18644	18881	4	241
5	19	18881	18881	13	492
5	7	18990	19107	11	1190
5	7	19341	19583	12	234
5	7	19833	20820	13	250
5	7	21313	21313	14	493
5	7	21676	21926	15	363
5	7	22258	22508	16	332
5	10	22762	22762	7	7751
5	1	22755	23000	13	3874
5	19	22755	23120	14	3874
5	11	22762	23120	17	4359
5	18	22762	23120	4	3881
5	4	22762	23120	11	3881
5	7	23238	23353	17	730
5	102	194700	194948	1	0
5	36	248700	248700	1	0
5	36	249058	249058	2	358
5	37	249544	250119	1	0
5	37	250708	250708	2	589
5	37	252154	252154	3	1446
5	37	252286	252511	4	132
5	36	256589	256589	3	7531
5	37	256828	257061	5	4317
5	36	257911	258045	4	1322
6	4	121	236	1	0
6	11	236	236	1	0
6	7	236	464	1	0
6	2	464	585	1	0
6	11	585	585	2	349
6	3	464	588	1	0
6	8	121	699	1	0
6	7	699	699	2	235
6	17	815	815	1	0
6	18	121	939	1	0
6	13	121	1061	1	0
6	7	1061	1184	3	362
6	17	1305	1305	2	490
6	11	939	1429	3	354
6	8	1061	1552	2	362
6	7	1552	1661	4	368
6	10	1661	1661	1	0
6	17	1661	1784	3	356
6	11	1781	1784	4	352
6	8	1893	1893	3	341
6	7	1905	1905	5	244
6	11	2018	2133	5	234
6	17	2021	2133	4	237
6	2	1905	2138	2	1320
6	7	2133	2138	6	228
6	13	2483	2483	2	1422
6	19	2483	2483	1	0
6	17	2483	2483	5	350
6	18	2607	2607	2	1668
6	38	2717	2832	1	0
6	7	2832	2832	7	694
6	13	2832	2944	3	349
6	18	3418	3418	3	811
6	13	3418	3535	4	474
6	4	3535	3535	2	3299
6	18	3769	3769	4	351
6	13	3886	3893	5	351
6	1	4016	4016	1	0
6	18	4016	4016	5	247
6	4	4016	4135	3	481
6	5	3058	4248	1	0
6	8	2717	4374	4	824
6	1	4374	4374	2	358
6	3	4374	4501	2	3786
6	4	4745	4752	4	610
6	1	4752	4752	3	378
6	3	4752	4752	3	251
6	8	4745	4993	5	371
6	10	2250	5255	2	589
6	11	2483	5255	6	350
6	13	4248	5255	6	355
6	18	5255	5255	6	1239
6	17	5255	6001	6	2772
6	103	6112	6119	1	0
6	104	6112	6119	1	0
6	30	6359	6359	1	0
6	31	6359	6593	1	0
6	5	6359	8244	2	2111
6	33	8975	8975	1	0
6	7	8975	8975	8	6143
6	5	8612	9098	3	368
6	33	9833	9833	2	858
6	5	9474	10067	4	376
6	4	6359	10297	5	1607
6	5	10424	10424	5	357
6	17	6359	11403	7	358
6	13	11513	11753	7	6258
6	5	11862	11983	6	1438
6	4	12439	12567	6	2142
6	18	12938	12938	7	7683
6	4	13050	13160	7	483
6	12	13271	13271	1	0
6	13	13278	13278	8	1525
6	4	13285	13408	8	125
6	18	13401	13529	8	463
6	13	13529	13661	9	251
6	4	13661	13661	9	253
6	13	13920	13920	10	259
6	4	14168	14168	10	507
6	8	11513	14404	6	6520
6	13	14404	14404	11	484
6	18	14519	14636	9	990
6	8	14756	15139	7	352
6	11	11403	15384	7	6148
6	15	14636	15509	1	0
6	8	15509	15630	8	370
6	4	15134	15637	11	966
6	13	15630	15764	12	1226
6	18	15637	15764	10	1001
6	16	14636	15875	1	0
6	4	15882	15882	12	245
6	11	15764	16009	8	380
6	18	16009	16009	11	245
6	16	16009	16009	2	134
6	13	16130	16130	13	366
6	16	16253	16253	3	244
6	4	16260	16260	13	378
6	11	16253	16386	9	244
6	16	16386	16386	4	133
6	13	16497	16497	14	367
6	18	16379	16759	12	370
6	4	16874	17236	14	614
6	4	17588	17704	15	352
6	16	16632	18519	5	246
6	13	17361	18526	15	864
6	11	16759	18767	10	373
6	13	18767	18895	16	241
6	18	18895	18895	13	2136
6	4	19113	19113	16	1409
6	15	15764	19230	2	255
6	13	19341	19341	17	446
6	16	18767	19587	6	248
6	16	19822	20827	7	235
6	8	15882	21071	9	252
6	11	19113	21197	11	346
6	16	21197	21197	8	370
6	12	21311	21318	2	8040
6	16	21436	21436	9	239
6	39	21436	21436	1	0
6	14	21318	21680	1	0
6	13	21799	21799	18	2458
6	39	21799	21799	2	363
6	8	21680	21806	10	609
6	16	21799	21806	10	363
6	16	22163	22163	11	357
6	15	21311	22272	3	2081
6	8	22272	22272	11	466
6	10	11403	22497	3	6148
6	11	21680	22497	12	483
6	12	21680	22497	3	362
6	40	34209	35146	1	0
6	40	35508	35515	2	362
6	40	35912	36165	3	397
6	18	78594	78594	14	59699
6	17	79935	79935	8	68532
6	18	83085	83085	15	4491
6	17	84420	84420	9	4485
6	7	88557	88557	9	79582
6	18	88683	88683	16	5598
6	4	89899	90018	17	70786
6	2	90368	90368	3	88230
6	4	90368	90368	18	350
6	15	90836	90836	4	68564
6	4	91080	91194	19	712
6	18	91194	91194	17	2511
6	15	91194	91194	5	358
6	2	91194	91194	4	826
6	10	78594	91316	4	56097
6	11	78594	91323	13	56097
6	15	91323	91323	6	129
6	17	91080	91555	10	6660
6	3	92307	92307	4	87555
6	7	92416	92527	10	3859
6	3	92654	92654	5	347
6	2	92527	92902	5	1333
6	7	92902	92902	11	375
6	9	92186	93259	1	0
6	9	93623	93623	2	364
6	2	93143	93856	6	241
6	3	92902	94107	6	248
6	9	93983	94357	3	360
6	2	94224	94604	7	368
6	7	93259	94716	12	357
6	4	92186	94843	20	992
6	9	94716	94967	4	359
6	7	95089	95216	13	373
6	9	95335	95457	5	368
6	3	94238	95464	7	131
6	2	95216	95732	8	612
6	9	95739	95739	6	282
6	4	95335	95865	21	492
6	4	96104	96104	22	239
6	7	95464	96231	14	248
6	9	96104	96352	7	365
6	2	96231	96352	9	499
6	2	96714	97562	10	362
6	22	98414	98414	1	0
6	4	96588	98524	23	484
6	9	96714	98524	8	362
6	2	97811	98648	11	249
6	7	97315	98887	15	1084
6	4	98891	98891	24	367
6	3	95725	99122	8	261
6	9	98887	99122	9	363
6	2	98891	99122	12	243
6	7	99122	99122	16	235
6	17	91934	99604	11	379
6	18	101650	101650	18	10456
6	18	102136	102136	19	486
6	4	102988	102988	25	4097
6	39	104289	104289	3	82490
6	4	104289	104289	26	1301
6	4	104898	104898	27	609
6	4	105468	105468	28	570
6	4	105934	105941	29	466
6	7	106301	106301	17	7179
6	4	106534	106534	30	593
6	4	106905	106905	31	371
6	10	100185	107130	5	8869
6	11	100185	107130	14	8862
6	18	107130	107130	20	4994
6	41	111571	111823	1	0
6	42	115851	115851	1	0
6	43	115724	115977	1	0
6	44	116092	116092	1	0
6	45	115851	116223	1	0
6	42	116458	116458	2	607
6	46	116458	116458	1	0
6	43	116458	116584	2	481
6	47	116458	116591	1	0
6	48	116577	116707	1	0
6	42	116591	116714	3	133
6	41	112321	116946	2	498
6	45	116946	116946	2	723
6	46	117178	117182	2	720
6	42	117178	117182	4	464
6	45	117182	117182	3	236
6	49	117182	117308	1	0
6	43	117056	117433	3	472
6	42	117433	117433	5	251
6	50	117433	117433	1	0
6	44	117308	117561	2	1216
6	51	116946	117694	1	0
6	50	117939	117939	2	506
6	41	117315	118059	3	369
6	46	118059	118059	3	877
6	42	117822	118174	6	389
6	49	118059	118174	2	751
6	51	118059	118412	2	365
6	52	118287	118521	1	0
6	49	118521	118521	3	347
6	105	116458	118525	1	0
6	53	118174	118525	1	0
6	44	118174	118525	3	613
6	54	118287	118754	1	0
6	42	118525	118871	7	351
6	52	118871	118871	2	350
6	53	118871	118984	2	346
6	51	118984	119221	3	572
6	41	118412	119344	4	353
6	54	119221	119344	2	467
6	45	119457	119457	4	2275
6	53	119228	119696	3	244
6	52	119228	119696	3	357
6	106	119570	119696	1	0
6	54	119696	119696	3	352
6	51	119696	119696	4	475
6	55	118871	119809	1	0
6	48	116946	119929	2	239
6	52	120047	120047	4	351
6	55	120047	120047	2	238
6	47	116835	120170	2	244
6	42	119228	120170	8	357
6	44	120047	120170	4	1522
6	54	120047	120170	4	351
6	53	120047	120170	4	351
6	48	120170	120170	3	241
6	51	120170	120170	5	474
6	41	119696	121843	5	352
6	56	121952	122295	1	0
6	57	122184	122295	1	0
6	58	122415	122415	1	0
6	58	122649	122670	2	234
6	57	122532	123633	2	237
6	41	122184	123745	6	341
6	59	122415	123745	1	0
6	60	123981	123981	1	0
6	61	123981	123981	1	0
6	62	124098	124573	1	0
6	60	124338	124573	2	357
6	61	124338	124696	2	357
6	107	123981	124710	1	0
6	41	124098	124821	7	353
6	60	124821	124954	3	248
6	56	124940	124954	2	2645
6	61	124954	124954	3	258
6	59	124098	125064	2	353
6	62	124821	125185	2	248
6	60	125185	125185	4	231
6	41	125064	125313	8	243
6	63	125431	125431	1	0
6	64	125431	125431	1	0
6	65	125431	125546	1	0
6	66	125546	125553	1	0
6	67	125546	125553	1	0
6	68	125431	125671	1	0
6	59	125431	125792	3	367
6	63	125792	125792	2	361
6	69	125792	125792	1	0
6	64	125907	125907	2	476
6	65	126030	126030	2	484
6	66	125907	126037	2	354
6	67	126044	126044	2	491
6	63	126037	126155	3	245
6	64	126155	126155	3	248
6	70	126037	126394	1	0
6	59	126155	126394	4	363
6	69	126394	126520	2	602
6	108	125431	126632	1	0
6	68	125907	126632	2	236
6	71	126281	126632	1	0
6	41	125553	126760	9	240
6	65	126394	126760	3	364
6	66	126760	126760	3	723
6	64	126760	126760	4	605
6	59	126760	126760	5	366
6	63	126520	126872	4	365
6	70	126872	126872	2	478
6	69	126872	126872	3	352
6	109	126760	126999	1	0
6	72	127243	127243	1	0
6	72	128066	128546	2	823
6	73	127712	129136	1	0
6	74	129136	129136	1	0
6	110	129024	129251	1	0
6	72	129251	129251	3	705
6	73	129477	129477	2	341
6	71	129136	129589	2	2504
6	72	129589	129589	4	338
6	75	127243	129712	1	0
6	74	129589	129712	2	453
6	76	129948	129948	1	0
6	77	129827	130079	1	0
6	78	130065	130079	1	0
6	79	130079	130191	1	0
6	76	130191	130191	2	243
6	80	130065	130446	1	0
6	81	130318	130685	1	0
6	82	130446	130685	1	0
6	76	130812	130812	3	621
6	41	127116	130940	10	356
6	83	130940	130940	1	0
6	77	130940	130940	2	861
6	111	130933	131170	1	0
6	79	131170	131170	2	979
6	81	131170	131170	2	485
6	77	131170	131170	3	230
6	83	131170	131170	2	230
6	84	130318	131294	1	0
6	65	131294	131294	4	4534
6	75	131294	131538	2	1582
6	73	131538	131538	3	2061
6	77	131538	131651	4	368
6	41	131651	131651	11	711
6	65	131651	131651	5	357
6	81	131651	131777	3	481
6	65	131911	131911	6	260
6	78	131911	131911	2	1832
6	84	131651	131918	2	357
6	77	132029	132379	5	378
6	112	132266	132379	1	0
6	75	132266	132505	3	728
6	80	132505	132505	2	2059
6	65	132266	132624	7	355
6	81	132505	132735	4	728
6	77	132735	132735	6	356
6	65	132964	132964	8	340
6	75	132852	133091	4	347
6	80	132964	133098	3	459
6	113	132624	133340	1	0
6	78	132379	133451	3	468
6	81	133091	133569	5	356
6	82	132029	133692	2	1344
6	114	133801	133917	1	0
6	84	132266	134028	3	348
6	70	134028	134028	3	7156
6	75	134144	134144	5	1053
6	71	134144	134270	3	4555
6	41	131911	135828	12	260
6	41	136652	139270	13	824
6	41	139760	139760	14	490
6	41	140244	140617	15	484
6	41	141332	145129	16	715
6	41	145484	146800	17	355
6	41	147902	148260	18	1102
6	41	148833	148833	19	573
6	41	149420	149786	20	587
6	41	150158	150399	21	372
6	41	150524	150651	22	125
6	41	151131	151500	23	480
6	41	151642	151879	24	142
6	41	152751	152751	25	872
6	41	153591	153591	26	840
6	41	153971	155066	27	380
6	41	155429	155429	28	363
6	41	156391	156391	29	962
6	41	156777	160084	30	386
6	41	160328	161059	31	244
6	41	161418	161903	32	359
6	41	162032	163236	33	129
6	41	163361	164069	34	125
6	115	170980	170987	1	0
6	41	164333	171569	35	264
6	116	171105	171569	1	0
6	85	174522	174522	1	0
6	85	174997	174997	2	475
7	2	1785	1785	1	0
7	6	1901	1901	1	0
7	2	1915	2028	2	130
7	2	2144	2493	3	116
7	9	1785	2617	1	0
7	6	2034	2842	2	133
7	6	3188	3188	3	346
7	6	3538	3538	4	350
7	2	2842	4024	4	349
7	4	1785	4143	1	0
7	6	4256	4256	5	718
7	17	1908	4509	1	0
7	9	2954	4753	2	337
7	3	1785	5266	1	0
7	6	4886	5509	6	630
7	3	5509	5764	2	243
7	4	4509	5995	2	366
7	6	5884	6124	7	375
7	17	4759	6831	2	250
7	4	6124	6952	3	129
7	3	6002	7068	3	238
7	17	7180	7180	3	349
7	4	7294	7405	4	342
7	6	6952	8002	8	828
7	22	8126	8126	1	0
7	3	7405	8366	4	337
7	29	8366	8371	1	0
7	6	8620	8620	9	618
7	17	7521	8734	4	341
7	2	4382	8857	5	358
7	9	5124	8857	3	371
7	4	8002	8857	5	597
7	3	8620	8857	5	254
7	6	9826	9826	10	1206
7	3	9939	9939	6	1082
7	1	10674	10674	1	0
7	3	10794	10794	7	855
7	2	10794	10794	6	1937
7	1	11384	11384	2	710
7	19	11384	11384	1	0
7	2	11742	11742	7	948
7	2	12198	12444	8	456
7	3	11855	12570	8	1061
7	1	13037	13037	3	1653
7	2	13037	13044	9	593
7	3	13030	13288	9	460
7	3	13679	13927	10	391
7	2	13927	13927	10	883
7	3	14893	14893	11	966
7	1	15270	15270	4	2233
7	3	15525	15525	12	632
7	4	15636	15643	6	6779
7	6	15770	15770	11	5944
7	11	15643	15777	1	0
7	10	15777	15777	1	0
7	6	16021	16021	12	251
7	10	16021	16021	2	244
7	1	16258	16265	5	988
7	2	16265	16393	11	2338
7	3	16140	16520	13	615
7	1	16997	16997	6	732
7	3	16876	17574	14	356
7	2	17574	17684	12	1181
7	3	17803	18280	15	229
7	1	18656	18656	7	1659
7	4	18656	18656	7	3013
7	11	18656	18656	2	2879
7	18	18656	18656	1	0
7	2	19102	19109	13	1418
7	1	19109	19348	8	453
7	2	19467	19467	14	358
7	3	18656	19576	16	376
7	20	19837	19837	1	0
7	2	19837	19837	15	370
7	9	19837	19837	4	10980
7	18	19959	19959	2	1303
7	1	19837	20086	9	489
7	11	20086	20086	3	1430
7	4	20086	20086	8	1430
7	3	19959	20320	17	383
7	2	20327	20588	16	490
7	1	20461	20595	10	375
7	4	20704	20704	9	618
7	3	20588	20958	18	268
7	2	20832	20958	17	244
7	1	20958	20958	11	363
7	10	21072	21072	3	5051
7	11	21072	21072	4	986
7	1	21324	21324	12	366
7	3	21324	21810	19	366
7	1	21689	21810	13	365
7	18	21810	21810	3	1851
7	11	21810	21810	5	738
7	2	21924	21924	18	966
7	9	22258	22258	5	2421
7	3	22258	22258	20	448
7	35	25705	25705	1	0
7	15	22877	25952	1	0
7	86	28803	29166	1	0
7	117	29886	30243	1	0
7	86	30720	97821	2	1554
7	118	100927	100934	1	0
7	87	101302	101423	1	0
7	87	101779	101779	2	356
7	88	101302	101902	1	0
7	87	102149	102149	3	370
7	88	102274	102274	2	372
7	87	102756	102756	4	607
7	88	102518	103353	3	244
7	87	103353	103474	5	597
7	88	103587	103825	4	234
7	86	104662	105145	3	6841
7	86	105481	105954	4	336
7	86	106431	109786	5	477
7	86	110011	111584	6	225
7	21	111953	112085	1	0
7	89	111953	112444	1	0
7	90	112207	112564	1	0
7	89	113261	113604	2	817
7	90	113980	114094	2	1416
7	89	113980	114217	3	376
7	90	114343	114343	3	249
7	89	114461	114572	4	244
7	90	114684	114684	4	341
7	90	114916	114916	5	232
7	90	115267	115381	6	351
7	90	115864	115864	7	483
7	119	115983	115990	1	0
7	86	132044	168723	7	20460
7	86	168965	172050	8	242
7	120	180224	180460	1	0
7	121	182502	182626	1	0
7	122	183728	183845	1	0
7	86	192071	192693	9	20021
7	86	193429	246314	10	736
7	86	246662	247017	11	348
7	3	248584	248815	21	226326
7	1	248815	248815	14	227005
7	3	249170	249428	22	355
7	1	250003	250003	15	1188
7	3	249772	250125	23	344
7	3	250831	250831	24	706
7	11	251205	251442	6	229395
7	11	251803	252395	7	361
7	25	252395	252395	1	0
7	2	252876	252990	19	230952
7	11	252869	253337	8	474
7	11	253597	254337	9	260
7	2	254091	254337	20	1101
7	17	254446	254446	5	245712
7	2	258778	258778	21	4441
7	1	258778	258902	16	8775
7	18	258902	258902	4	237092
7	4	258902	258902	10	238198
7	11	258902	258902	10	4565
7	3	258902	259251	25	8071
7	3	259513	259755	26	262
7	3	260225	260225	27	470
7	2	259128	260580	22	350
7	3	260707	261074	28	482
7	2	261191	261191	23	611
7	12	261544	261544	1	0
7	20	261544	261544	2	241707
7	1	261544	261544	17	2642
7	3	261435	261664	29	361
7	2	261664	261785	24	473
7	11	262144	262144	11	3242
7	9	262144	262144	6	239886
7	4	262144	262144	11	3242
7	20	262144	262148	3	600
7	5	262144	262148	1	0
7	1	262144	262148	18	600
7	3	262144	262509	30	480
7	2	262509	262636	25	724
7	1	262636	262763	19	488
7	3	262763	263255	31	254
7	2	263002	263735	26	366
7	3	263626	264099	32	371
7	2	264092	264208	27	357
7	2	264811	264811	28	603
7	3	264811	264922	33	712
7	1	265260	265260	20	2497
7	3	265260	265260	34	338
7	3	265871	265995	35	611
7	1	266127	266127	21	867
7	2	265871	266356	29	1060
7	2	266714	266714	30	358
7	3	266247	266953	36	252
7	2	267186	267186	31	472
7	3	267557	267690	37	604
7	3	267828	267828	38	138
7	10	267946	267946	4	246874
7	11	267946	267946	12	5802
7	4	267946	267946	12	5802
7	1	268437	268437	22	2310
7	2	268444	268444	32	1258
7	3	268437	268569	39	609
7	2	268807	269159	33	363
7	9	269159	269159	7	7015
7	18	269380	269380	5	10478
7	11	269380	269380	13	1434
7	12	269380	269380	2	7836
7	1	268569	269496	23	132
7	4	269380	269496	13	1434
7	9	269496	269496	8	337
7	3	268920	269607	40	351
7	1	270442	270442	24	946
7	2	269496	270558	34	337
7	3	270086	270685	41	479
7	6	270685	270685	13	254664
7	8	270685	270685	1	0
7	12	270685	270685	3	1305
7	20	270685	270691	4	8537
7	10	270685	270691	5	2739
7	18	270685	270691	6	1305
7	11	270685	270691	14	1305
7	5	270691	270691	2	8543
7	3	271175	271175	42	490
7	5	271884	271884	3	1193
7	4	271884	271884	14	2388
7	4	272340	272340	15	456
7	3	271643	272347	43	468
7	2	271884	272347	35	1326
7	17	272340	272347	6	17894
7	1	272347	272600	25	1905
7	18	272600	272600	7	1909
7	4	272600	272600	16	260
7	5	272600	272607	4	716
7	1	272967	272967	26	367
7	3	272967	272967	44	620
7	2	273691	273691	36	1344
7	3	273691	273691	45	724
7	86	274782	274782	12	27765
7	86	275385	275385	13	603
7	91	275740	275740	1	0
7	89	275747	276809	5	161175
7	91	278256	278256	2	2516
7	123	277758	278975	1	0
7	92	278476	279434	1	0
7	92	279788	279788	2	354
7	92	280031	280284	3	243
7	92	281732	281855	4	1448
7	92	282321	282824	5	466
8	6	121	121	1	0
8	3	121	347	1	0
8	7	236	588	1	0
8	3	588	588	2	241
8	6	464	699	2	343
8	13	121	816	1	0
8	18	121	816	1	0
8	7	938	938	2	350
8	19	938	938	1	0
8	2	347	1061	1	0
8	6	938	1182	3	239
8	10	1306	1306	1	0
8	17	815	1538	1	0
8	7	1429	1662	3	491
8	19	1538	1662	2	600
8	10	1771	1771	2	465
8	11	699	1777	1	0
8	17	1771	1777	2	233
8	2	1429	1781	2	368
8	7	1781	1781	4	119
8	13	2027	2027	2	1211
8	2	2027	2137	3	246
8	18	2137	2137	2	1321
8	11	1901	2140	2	124
8	10	2140	2252	3	369
8	6	2252	2252	4	1070
8	17	2140	2485	3	363
8	19	2376	2609	3	714
8	7	2027	2719	5	246
8	38	2719	2719	1	0
8	4	3180	3180	1	0
8	5	3060	3771	1	0
8	4	4018	4018	2	838
8	5	4018	4137	2	247
8	3	4137	4137	3	3549
8	6	2609	4250	5	357
8	10	2609	4376	4	357
8	4	4376	4376	3	358
8	5	4380	4381	3	243
8	9	4381	4381	1	0
8	3	4380	4500	4	243
8	1	4250	4506	1	0
8	4	4510	4510	4	134
8	6	4510	4624	6	260
8	3	4624	4624	5	124
8	18	2376	4748	3	239
8	4	4752	4752	5	242
8	9	4752	4756	2	371
8	3	4756	4756	6	132
8	5	4880	4880	4	499
8	6	4756	4994	7	132
8	6	5126	5254	8	132
8	1	5254	5735	2	748
8	1	5975	6093	3	240
8	1	6449	6570	4	356
8	1	6912	6912	5	342
8	1	7377	7377	6	465
8	13	2609	8475	3	582
8	1	8112	8598	7	735
8	14	8846	8846	1	0
8	15	9090	9090	1	0
8	1	9326	9326	8	728
8	15	10298	10298	2	1208
8	1	10036	10661	9	710
8	12	10535	11013	1	0
8	18	4882	11369	4	134
8	12	11483	11483	2	470
8	5	11483	11483	5	6603
8	4	11596	11596	6	6844
8	5	11816	11816	6	333
8	12	11939	12063	3	456
8	4	11939	12649	7	343
8	6	11596	13036	9	6342
8	12	13036	13048	4	973
8	1	13298	13298	10	2637
8	5	14384	14384	7	2568
8	6	13172	14390	10	136
8	4	12900	14515	8	251
8	16	14379	14635	1	0
8	5	14760	14760	8	376
8	6	14760	15015	11	370
8	12	15126	15126	5	2078
8	16	14888	15259	2	253
8	6	15139	15266	12	124
8	11	2609	15380	3	469
8	4	15380	15380	9	865
8	15	14379	15510	3	4081
8	12	15510	15510	6	384
8	4	15636	15747	10	256
8	16	15503	15757	3	244
8	12	15750	15757	7	240
8	6	15510	15872	13	244
8	12	15990	15990	8	233
8	4	15872	16463	11	125
8	6	16111	16579	14	239
8	5	16910	16910	9	2150
8	7	16914	16914	6	14195
8	16	16111	17029	4	354
8	4	16798	17029	12	335
8	12	17153	17153	9	1163
8	18	11705	17521	5	336
8	5	17521	17521	10	611
8	10	4500	17749	5	124
8	16	17390	17749	5	361
8	4	17516	18450	13	487
8	10	18086	18696	6	337
8	11	15747	18816	4	367
8	6	16910	18816	15	331
8	16	18086	18816	6	337
8	5	19065	19065	11	1544
8	15	15747	19174	4	237
8	16	19299	19305	7	483
8	4	18569	19432	14	119
8	5	19437	19437	12	372
8	10	19065	20171	7	369
8	16	19564	20171	8	259
8	6	19174	20298	16	358
8	4	19571	20298	15	139
8	10	20541	21007	8	370
8	18	17749	21116	6	228
8	16	20534	21116	9	363
8	6	20541	21116	17	243
8	5	21116	21116	13	1679
8	11	19174	21232	5	358
8	4	20663	21359	16	365
8	17	21359	21359	4	18874
8	1	21232	21366	11	7934
8	19	21232	21366	4	18623
8	13	8846	21613	4	371
8	15	21490	21613	5	2316
8	14	21613	21613	2	12767
8	12	21613	21619	10	4460
8	4	21619	21619	17	260
8	18	21366	21739	7	250
8	11	21739	21739	6	507
8	10	21490	21850	9	483
8	15	21850	21850	6	237
8	17	21613	21857	5	254
8	6	21619	21977	18	503
8	2	22095	22095	4	19958
8	12	21857	22210	11	238
8	10	22095	22210	10	245
8	15	22210	22210	7	360
8	19	22210	22215	5	844
8	1	22210	22215	12	844
8	16	22340	22340	10	1224
8	4	21857	22468	18	238
8	10	22468	22586	11	258
8	15	22468	22586	8	258
8	13	21850	22700	5	237
8	18	21977	22811	8	238
8	4	22811	22811	19	343
8	16	23051	23058	11	711
8	15	23051	23058	9	465
8	1	23058	23063	13	843
8	12	23063	23063	12	853
8	18	23051	23184	9	240
8	10	23051	23293	12	465
8	4	23058	23409	20	247
8	10	23532	23532	13	239
8	18	23657	23657	10	473
8	13	22940	23786	6	240
8	18	23910	24035	11	253
8	10	24432	24432	14	900
8	4	24432	24560	21	1023
8	34	24290	24792	1	0
8	11	21977	24799	7	238
8	18	24799	24799	12	764
8	18	25155	25155	13	356
8	34	25155	25155	2	363
8	10	25390	25511	15	958
8	34	25511	25511	3	356
8	10	25758	25758	16	247
8	4	25869	25869	22	1309
8	17	26334	26341	6	4477
8	18	26594	26718	14	1439
8	4	26718	26718	23	849
8	10	26466	26844	17	708
8	18	27070	27416	15	352
8	18	28377	28377	16	961
8	4	28377	28377	24	1659
8	4	29215	29215	25	838
8	18	29447	29447	17	1070
8	10	30167	30167	18	3323
8	11	25155	30769	8	356
8	10	30769	30769	19	602
8	18	30769	30769	18	1322
8	124	179328	179335	1	0
8	125	179335	179342	1	0
8	93	181478	181478	1	0
8	94	181478	181601	1	0
8	95	181963	181970	1	0
8	93	181977	181977	2	499
8	94	181963	182102	2	362
8	95	182214	182214	2	244
8	126	181608	182221	1	0
8	95	182572	182696	3	358
8	127	183056	183181	1	0
8	128	183549	183556	1	0
8	96	183680	183680	1	0
8	97	184162	184162	1	0
8	96	184285	184400	2	605
8	97	184525	184525	2	363
8	98	184645	184645	1	0
8	99	184871	184871	1	0
8	99	185113	185113	2	242
8	98	185370	185370	2	725
8	1	262105	262105	14	239042
8	10	262105	262105	20	231336
8	18	263999	263999	19	233230
8	18	264348	264348	20	349
8	10	264470	264845	21	2365
8	18	264838	264845	21	490
8	18	265097	265564	22	252
8	10	265097	265564	22	252
8	10	266036	266158	23	472
8	18	266036	266407	23	472
8	18	267162	267301	24	755
8	10	267287	267546	24	1129
8	18	268230	268230	25	929
8	1	269054	269054	15	6949
8	18	269292	269292	26	1062
8	11	262105	269663	9	231336
8	10	269175	269663	25	1629
8	18	270263	270263	27	971
8	10	270500	270500	26	837
8	18	271074	271312	28	811
8	10	271319	271319	27	819
8	11	270147	271579	10	484
8	1	273747	273754	16	4693
8	18	273747	273998	29	2435
8	10	274119	274119	28	2800
8	18	274470	274470	30	472
8	11	271939	274838	11	360
8	10	274838	274838	29	719
8	3	337296	337430	7	332540
8	1	337296	337430	17	63542
8	5	337430	337430	14	316314
8	10	337542	337542	30	62704
8	9	337542	337653	3	332786
8	10	337892	337892	31	350
8	18	337899	337899	31	63429
8	11	337430	337913	12	62592
8	6	337913	337913	19	315936
8	2	338281	338513	5	316186
8	18	338627	338627	32	728
8	10	338869	338869	32	977
8	20	337542	338996	1	0
8	9	337899	338996	4	246
8	11	338281	338996	13	368
8	1	339120	339235	18	1690
8	9	339356	339356	5	360
8	6	339356	339356	20	1443
8	10	339484	339484	33	615
8	20	339356	339724	2	360
8	6	340067	340298	21	711
8	10	340298	340298	34	814
8	9	339952	340527	6	596
8	20	340067	340527	3	343
8	11	339356	340664	14	360
8	9	340650	340664	7	123
8	10	341015	341015	35	717
8	9	341015	341141	8	351
8	5	341251	341251	15	3821
8	20	340899	341258	4	372
8	6	341251	341258	22	953
8	9	341382	341389	9	241
8	20	341389	341389	5	131
8	10	341382	341396	36	367
8	6	341396	341518	23	138
8	20	341518	341518	6	129
8	9	341748	341858	10	359
8	10	341974	341974	37	578
8	6	341858	342109	24	340
8	5	342109	342116	16	858
8	9	342102	342471	11	244
8	6	342351	342592	25	242
8	5	342592	342592	17	476
8	10	342116	343071	38	142
8	3	343182	343182	8	5752
8	1	343182	343182	19	3947
8	9	342950	343418	12	479
8	10	343418	343425	39	347
8	6	343425	343425	26	833
8	18	343550	343550	33	4923
8	9	343774	343892	13	356
8	9	344253	344253	14	361
8	18	344253	344253	34	703
8	10	343774	344381	40	349
8	6	344007	344506	27	582
8	5	344253	344618	18	1661
8	7	344625	344625	7	327711
8	9	344625	344625	15	372
8	10	344625	344625	41	244
8	2	344979	344979	6	6466
8	5	344979	344979	19	361
8	10	344979	344979	42	354
8	18	345431	345431	35	1178
8	9	345204	345438	16	579
8	10	345315	345438	43	336
8	10	345918	346162	44	480
8	18	346293	346293	36	862
8	20	342116	346412	7	598
8	9	346043	346412	17	605
8	10	346412	346412	45	250
8	6	344862	346534	28	356
8	4	347250	347250	26	318035
8	9	347007	347364	18	595
8	10	346883	347616	46	471
8	11	341015	347738	15	351
8	20	346773	347738	8	361
8	6	346883	347738	29	349
8	9	347616	347738	19	252
8	4	347961	347961	27	711
8	1	347849	348199	20	4667
8	3	347849	348199	9	4667
8	18	348199	348199	37	1906
8	3	349290	349304	10	1091
8	1	349290	349304	21	1091
8	10	349419	349426	47	1803
8	6	349419	349537	30	1681
8	4	349537	349537	28	1576
8	9	349537	349773	20	1799
8	10	349773	350137	48	347
8	9	350263	350270	21	490
8	6	349899	350506	31	362
8	9	350513	350513	22	243
8	6	350748	350748	32	242
8	11	349419	350887	16	1681
8	20	349419	350887	9	1681
8	10	350397	350887	49	260
8	6	350887	350887	33	139
8	5	350997	350997	20	6018
8	18	350997	350997	38	2798
8	3	351004	351004	11	1700
8	1	350997	351127	22	1693
8	6	351247	351247	34	360
8	18	351496	351496	39	499
8	5	351496	351496	21	499
8	3	351496	351496	12	492
8	4	350137	351508	29	600
8	10	351496	351631	50	609
8	6	351501	351631	35	254
8	18	351740	351740	40	244
8	1	351740	351740	23	613
8	3	351740	351740	13	244
8	20	351247	351973	10	360
8	10	351973	351973	51	342
8	6	351973	351973	36	342
8	10	352336	352336	52	363
8	6	352580	352580	37	607
8	9	352580	352690	23	2067
8	4	351973	352697	30	465
8	20	352461	352923	11	488
8	10	352923	353159	53	587
8	4	353038	353279	31	341
8	4	353635	353881	32	356
8	18	353770	353881	41	2030
8	20	353279	353888	12	356
8	4	354466	354579	33	585
8	6	353279	354819	38	699
8	10	353635	354819	54	476
8	20	354466	354942	13	578
8	18	354705	354942	42	824
8	12	354942	354949	13	331879
8	5	354942	354949	22	3446
8	1	354949	354949	24	3209
8	4	354942	355311	34	363
8	10	355074	355311	55	255
8	20	355311	355311	14	369
8	6	355074	355554	39	255
8	18	355675	355675	43	733
8	5	355675	355675	23	726
8	4	355561	355682	35	250
8	9	355682	355682	24	2992
8	20	355561	355797	15	250
8	10	355561	355797	56	250
9	11	121	121	1	0
9	5	121	121	1	0
9	8	121	121	1	0
9	18	121	236	1	0
9	13	121	236	1	0
9	27	4033	4033	1	0
9	27	4514	4766	2	481
9	3	121	6499	1	0
9	3	6855	7438	2	356
9	27	8260	8260	3	3494
9	27	10207	10207	4	1947
9	17	10564	10564	1	0
9	27	10564	10938	5	357
9	27	12345	12345	6	1407
9	27	13078	13300	7	733
9	17	13300	13300	2	2736
9	17	13669	13669	3	369
9	27	13425	14186	8	125
9	17	14186	14186	4	517
9	15	14659	14659	1	0
9	17	15012	15772	5	826
9	17	16017	16024	6	245
9	27	14544	17503	9	358
9	27	18065	18654	10	562
9	27	18788	19146	11	134
9	3	7779	19957	3	341
9	17	19729	20576	7	3705
9	27	19483	20708	12	337
9	17	20835	20842	8	259
9	27	20969	20969	13	261
9	17	21339	21460	9	497
9	27	21460	21460	14	491
9	3	20098	27044	4	141
9	3	27293	30499	5	249
9	3	30743	38618	6	244
9	3	38850	43019	7	232
9	3	43365	44711	8	346
9	3	45306	55710	9	595
9	3	55952	59227	10	242
9	3	59583	60913	11	356
9	3	61278	62552	12	365
9	3	62908	65339	13	356
9	3	65712	68384	14	373
9	3	68635	72778	15	251
9	17	75322	75322	10	53862
9	17	76192	76192	11	870
9	17	77199	77325	12	1007
9	17	77785	78615	13	460
9	17	78992	78992	14	377
9	17	79613	79613	15	621
9	17	80821	80821	16	1208
9	17	81162	81162	17	341
9	17	81403	81525	18	241
9	17	81922	81922	19	397
9	2	82983	82983	1	0
9	17	82637	83108	20	715
9	17	83592	83592	21	484
9	17	84325	84332	22	733
9	17	84801	84801	23	469
9	17	85180	85180	24	379
9	3	72902	85435	16	124
9	2	85898	85898	2	2915
9	17	85898	86017	25	718
9	3	85771	86370	17	336
9	19	86488	86488	1	0
9	1	86488	86488	1	0
9	18	86488	86488	2	86252
9	17	86598	86598	26	581
9	11	86598	86598	2	86477
9	3	86710	87045	18	340
9	7	87285	87407	1	0
9	3	87407	87762	19	362
9	2	86598	87871	3	700
9	6	87525	87871	1	0
9	7	87762	87985	2	355
9	6	88103	88103	2	232
9	4	86488	88332	1	0
9	7	88217	88332	3	232
9	7	88574	88574	4	242
9	6	88444	88693	3	341
9	4	88693	88697	2	361
9	2	88217	88828	4	346
9	7	88947	88947	5	373
9	4	89068	89308	3	371
9	6	88947	89433	4	254
9	2	89560	89560	5	732
9	6	89795	89795	5	362
9	3	87990	90027	20	228
9	3	90255	90496	21	228
9	6	90845	90845	6	1050
9	2	89910	91081	6	350
9	7	89308	91210	6	361
9	6	91331	91442	7	486
9	4	89676	91564	4	368
9	3	90845	91821	22	349
9	4	91821	92073	5	257
9	17	87525	92541	27	927
9	4	92414	92905	6	341
9	7	91564	93021	7	354
9	2	91331	93138	7	250
9	4	93264	93497	7	359
9	2	93497	93618	8	359
9	7	93385	93747	8	364
9	22	93747	93747	1	0
9	2	93864	93875	9	246
9	6	92414	94480	8	972
9	17	92777	94480	28	236
9	7	93994	94480	9	247
9	3	92303	95229	23	482
9	4	93747	95229	8	250
9	2	94353	95229	10	478
9	17	95734	96365	29	1254
9	17	96854	97078	30	489
9	17	99006	99121	31	1928
9	14	99835	99835	1	0
9	17	99951	100195	32	830
9	17	100687	101055	33	492
9	17	101416	101416	34	361
9	17	101783	101902	35	367
9	17	102271	103106	36	369
9	2	103697	103697	11	8468
9	17	103936	103936	37	830
9	17	104293	104293	38	357
9	17	105351	105351	39	1058
9	17	106671	106671	40	1320
9	17	107931	108931	41	1260
9	17	109532	109546	42	601
9	17	109986	109986	43	440
9	17	110343	110477	44	357
9	2	111838	112087	12	8141
9	20	95502	112317	1	0
9	2	112428	112552	13	341
9	4	115736	115736	9	20507
9	3	115736	115743	24	20507
9	1	115736	115858	2	29248
9	18	115736	115858	3	29248
9	3	115989	116473	25	246
9	3	116822	129605	26	349
9	3	129958	140137	27	353
9	3	140503	142500	28	366
9	3	142854	149195	29	354
9	3	149544	149544	30	349
9	3	149798	149917	31	254
9	3	150292	152024	32	375
9	3	152162	154583	33	138
9	3	154959	159858	34	376
9	3	160103	160334	35	245
9	20	163247	163379	2	50930
9	3	160829	164089	36	495
9	3	164226	165658	37	137
9	3	165900	168844	38	242
9	20	170158	170409	3	6779
9	10	172510	173719	1	0
9	10	174055	174055	2	336
9	10	174415	174531	3	360
9	10	174890	175834	4	359
9	10	175965	176089	5	131
9	10	176439	176813	6	350
9	10	177179	177677	7	366
9	10	178043	178043	8	366
9	10	178401	178401	9	358
9	10	178649	178776	10	248
9	10	179374	179977	11	598
9	10	180732	180732	12	755
9	1	181087	181087	3	65229
9	10	181212	181212	13	480
9	10	181569	182504	14	357
9	10	182754	182754	15	250
9	10	183128	183128	16	374
9	10	183722	183722	17	594
9	10	184214	184334	18	492
9	20	179499	184582	4	9090
9	10	184936	184936	19	602
9	10	185671	186132	20	735
9	10	186270	186270	21	138
9	10	186525	186653	22	255
9	4	186518	187006	10	70782
9	10	187131	187131	23	478
9	10	187381	187730	24	250
9	11	171351	187984	3	84753
9	18	171351	187984	4	55493
9	3	189058	190506	39	20214
9	20	192322	192446	5	7740
9	3	190984	193302	40	478
9	20	193412	193419	6	966
9	3	193537	195298	41	235
9	17	195172	195416	45	84695
9	4	195172	195423	11	8166
9	17	195768	196011	46	352
9	3	195653	196832	42	355
9	17	196467	196832	47	456
9	2	197659	198120	14	85107
9	17	197196	198484	48	364
9	2	198595	198595	15	475
9	3	198484	198839	43	1652
9	17	199547	199794	49	1063
9	2	199794	199794	16	1199
9	4	195768	200044	12	345
9	17	199920	200051	50	126
9	2	200051	200168	17	257
9	4	200284	200284	13	240
9	2	200515	200515	18	347
9	3	200284	200646	44	1445
9	4	200522	201014	14	238
9	17	200536	201610	51	485
9	2	201610	201610	19	1095
9	4	201251	201728	15	237
9	17	202087	202094	52	477
9	3	202209	202209	45	1563
9	4	202094	202327	16	366
9	17	202564	202564	53	470
9	4	202802	202802	17	475
9	17	202928	202928	54	364
9	3	202564	203652	46	355
9	3	203892	203892	47	240
9	17	204371	204371	55	1443
9	4	204247	204846	18	1445
9	3	204130	205090	48	238
9	4	205097	205579	19	251
9	4	205936	206301	20	357
9	2	206419	206419	20	4809
9	3	205219	206549	49	129
9	3	206903	206903	50	354
9	4	206785	207148	21	484
9	4	207520	208006	22	372
9	3	208123	208123	51	1220
9	17	206301	208264	56	1930
9	3	208378	208378	52	255
9	17	208613	208728	57	349
9	4	208613	208849	23	607
9	4	209323	209323	24	474
9	4	209809	210275	25	486
9	17	209443	211117	58	715
9	3	209210	211236	53	832
9	3	211586	212672	54	350
9	3	213637	213637	55	965
9	3	213992	215886	56	355
9	3	216242	216476	57	356
9	3	216809	221910	58	333
9	3	222156	222401	59	246
9	3	222782	225709	60	381
9	3	225962	226189	61	253
9	3	226541	227487	62	352
9	3	227826	231036	63	339
9	3	231519	237183	64	483
9	3	237538	238404	65	355
9	3	238752	240781	66	348
9	3	241031	242944	67	250
9	3	243294	243423	68	350
9	3	243684	246067	69	261
9	20	246415	246422	7	52996
9	3	246422	246770	70	355
9	3	247257	248568	71	487
9	2	249991	250584	21	43572
9	2	250958	252392	22	374
9	2	252743	253970	23	351
9	2	254568	255397	24	598
9	23	256947	256947	1	0
9	100	257548	257548	1	0
9	23	258655	258655	2	1708
9	2	255745	260333	25	348
9	2	260714	261897	26	381
9	2	262385	263968	27	488
9	24	263968	263975	1	0
9	23	264084	264084	3	5429
9	100	264084	264084	2	6536
9	2	264339	264571	28	371
9	2	265864	265878	29	1293
9	2	266829	267184	30	951
9	2	267433	269372	31	249
9	2	269722	269843	32	350
9	2	270318	273452	33	475
9	2	273809	274051	34	357
